9.50935
7.66958
4.68391
 3.5929
4.14835
5.06028
5.85336
6.38825
6.60319
6.46833
6.05669
5.60473
5.35787
5.36799
 5.5329
5.72921
5.87241
5.92403
5.88757
5.80029
5.71332
5.66468
5.66378
5.69604
5.73777
5.76902
 5.7801
5.77223
5.75413
5.73635
 5.7263
5.72592
5.73247
5.74117
5.74775
 5.7501
5.74849
5.74474
5.74106
5.73896
5.73885
 5.7402
  5.742
5.74338
5.74388
5.74355
5.74278
5.74201
5.74157
5.74154
5.74182
5.74219
5.74248
5.74259
5.74252
5.74236
 5.7422
5.74211
 5.7421
5.74216
5.74224
 5.7423
5.74232
5.74231
5.74227
5.74224
5.74222
5.74222
5.74223
5.74225
5.74226
5.74226
5.74226
5.74225
5.74225
5.74224
5.74224
5.74225
5.74225
5.74225
5.74225
5.74225
5.74225
5.74225
5.74225
5.74225
5.74225
5.74225
5.74225
5.74225
5.74225
5.74225
5.74225
5.74225
5.74225
5.74225
5.74225
5.74225
5.74225
5.74225
