 54.932
175.946
198.766
95.1454
44.4867
29.6136
28.3595
35.0128
 48.941
 67.953
83.2011
84.7911
75.0934
63.9941
57.0775
55.0684
56.9056
60.9513
65.1919
67.7644
67.8954
66.2253
 64.074
62.5118
61.9804
62.3743
63.2679
64.1556
64.6665
64.6902
64.3595
63.9207
63.5903
63.4728
63.5534
63.7406
63.9254
64.0313
64.0369
63.9695
63.8789
63.8098
63.7846
63.8009
63.8397
63.8782
63.9003
63.9017
63.8879
63.8691
63.8547
63.8493
63.8526
63.8607
63.8686
63.8733
63.8736
63.8708
63.8669
63.8639
63.8628
63.8634
63.8651
63.8667
63.8677
63.8678
63.8672
63.8664
63.8658
63.8655
63.8657
 63.866
63.8664
63.8666
63.8666
63.8665
63.8663
63.8662
63.8661
63.8661
63.8662
63.8663
63.8663
63.8663
63.8663
63.8663
63.8662
63.8662
63.8662
63.8663
63.8663
63.8663
63.8663
63.8663
63.8663
63.8663
63.8663
63.8663
63.8663
63.8663
