 0.901869
 0.533915
-0.063218
 -0.28142
 -0.17033
0.0120556
 0.170672
  0.27765
 0.320637
 0.293665
 0.211339
 0.120947
0.0715731
0.0735971
 0.106579
 0.145841
 0.174482
 0.184806
 0.177514
 0.160058
 0.142665
 0.132936
 0.132756
 0.139209
 0.147554
 0.153804
 0.156019
 0.154447
 0.150826
  0.14727
  0.14526
 0.145183
 0.146495
 0.148233
 0.149549
  0.15002
 0.149698
 0.148949
 0.148212
 0.147792
 0.147771
 0.148039
   0.1484
 0.148675
 0.148775
  0.14871
 0.148555
 0.148402
 0.148314
 0.148309
 0.148364
 0.148439
 0.148496
 0.148517
 0.148504
 0.148472
  0.14844
 0.148422
 0.148421
 0.148432
 0.148447
 0.148459
 0.148464
 0.148461
 0.148455
 0.148448
 0.148444
 0.148444
 0.148446
 0.148449
 0.148452
 0.148453
 0.148452
 0.148451
 0.148449
 0.148449
 0.148449
 0.148449
  0.14845
  0.14845
  0.14845
  0.14845
  0.14845
  0.14845
  0.14845
  0.14845
  0.14845
  0.14845
  0.14845
  0.14845
  0.14845
  0.14845
  0.14845
  0.14845
  0.14845
  0.14845
  0.14845
  0.14845
  0.14845
  0.14845
