0.0458815
 0.169976
 0.196042
0.0924773
0.0407458
0.0248014
0.0227335
0.0289137
0.0427655
0.0621057
0.0779237
0.0799862
0.0704399
0.0592183
0.0520652
0.0498376
0.0515487
0.0555831
0.0599033
0.0625901
0.0628102
0.0611724
0.0590003
0.0573897
0.0568108
0.0571771
0.0580685
0.0589731
0.0595075
0.0595494
0.0592255
0.0587826
0.0584423
0.0583148
0.0583896
0.0585762
0.0587645
0.0588753
0.0588847
0.0588188
0.0587273
0.0586561
0.0586289
 0.058644
0.0586827
0.0587218
 0.058745
0.0587472
0.0587337
0.0587147
0.0586999
0.0586941
0.0586971
0.0587051
0.0587133
0.0587181
0.0587186
0.0587158
0.0587119
0.0587088
0.0587076
0.0587082
0.0587099
0.0587115
0.0587126
0.0587127
0.0587121
0.0587113
0.0587107
0.0587104
0.0587105
0.0587109
0.0587112
0.0587114
0.0587114
0.0587113
0.0587112
 0.058711
 0.058711
 0.058711
0.0587111
0.0587111
0.0587112
0.0587112
0.0587112
0.0587111
0.0587111
0.0587111
0.0587111
0.0587111
0.0587111
0.0587111
0.0587111
0.0587111
0.0587111
0.0587111
0.0587111
0.0587111
0.0587111
0.0587111
