9.69362
9.11097
8.33004
7.72045
7.51123
7.55496
7.64499
 7.6947
7.70316
 7.6941
7.68496
7.68115
 7.6812
 7.6824
7.68324
7.68348
 7.6834
7.68327
 7.6832
7.68319
 7.6832
7.68321
7.68322
7.68322
7.68322
7.68322
7.68321
7.68321
7.68322
7.68322
7.68322
7.68322
7.68322
7.68322
7.68322
7.68322
7.68322
7.68322
7.68322
7.68322
7.68322
7.68322
7.68322
7.68322
7.68322
7.68322
7.68322
7.68322
7.68322
7.68322
7.68322
7.68322
7.68322
7.68322
7.68322
7.68322
7.68322
7.68322
7.68322
7.68322
7.68322
7.68322
7.68322
7.68322
7.68322
7.68322
7.68322
7.68322
7.68322
7.68322
7.68322
7.68322
7.68322
7.68322
7.68322
7.68322
7.68322
7.68322
7.68322
7.68322
7.68322
7.68322
7.68322
7.68322
7.68322
7.68322
7.68322
7.68322
7.68322
7.68322
7.68322
7.68322
7.68322
7.68322
7.68322
7.68322
7.68322
7.68322
7.68322
7.68322
