38.5064
85.0752
130.148
145.861
138.964
129.882
125.789
125.511
126.537
 127.37
127.656
127.606
127.484
127.411
127.396
127.407
 127.42
127.426
127.426
127.424
127.423
127.423
127.423
127.423
127.423
127.423
127.423
127.423
127.423
127.423
127.423
127.423
127.423
127.423
127.423
127.423
127.423
127.423
127.423
127.423
127.423
127.423
127.423
127.423
127.423
127.423
127.423
127.423
127.423
127.423
127.423
127.423
127.423
127.423
127.423
127.423
127.423
127.423
127.423
127.423
127.423
127.423
127.423
127.423
127.423
127.423
127.423
127.423
127.423
127.423
127.423
127.423
127.423
127.423
127.423
127.423
127.423
127.423
127.423
127.423
127.423
127.423
127.423
127.423
127.423
127.423
127.423
127.423
127.423
127.423
127.423
127.423
127.423
127.423
127.423
127.423
127.423
127.423
127.423
127.423
