0.938724
0.822194
0.666008
0.544089
0.502246
0.510993
0.528997
0.538939
0.540633
0.538821
0.536993
0.536231
0.536241
 0.53648
0.536648
0.536697
 0.53668
0.536653
0.536639
0.536637
 0.53664
0.536643
0.536644
0.536644
0.536643
0.536643
0.536643
0.536643
0.536643
0.536643
0.536643
0.536643
0.536643
0.536643
0.536643
0.536643
0.536643
0.536643
0.536643
0.536643
0.536643
0.536643
0.536643
0.536643
0.536643
0.536643
0.536643
0.536643
0.536643
0.536643
0.536643
0.536643
0.536643
0.536643
0.536643
0.536643
0.536643
0.536643
0.536643
0.536643
0.536643
0.536643
0.536643
0.536643
0.536643
0.536643
0.536643
0.536643
0.536643
0.536643
0.536643
0.536643
0.536643
0.536643
0.536643
0.536643
0.536643
0.536643
0.536643
0.536643
0.536643
0.536643
0.536643
0.536643
0.536643
0.536643
0.536643
0.536643
0.536643
0.536643
0.536643
0.536643
0.536643
0.536643
0.536643
0.536643
0.536643
0.536643
0.536643
0.536643
