0.0291038
0.0767316
 0.123049
 0.139535
 0.132781
 0.123563
 0.119337
 0.119006
 0.120035
 0.120885
 0.121183
 0.121136
 0.121013
 0.120938
 0.120922
 0.120933
 0.120946
 0.120952
 0.120952
 0.120951
 0.120949
 0.120949
 0.120949
 0.120949
 0.120949
 0.120949
 0.120949
 0.120949
 0.120949
 0.120949
 0.120949
 0.120949
 0.120949
 0.120949
 0.120949
 0.120949
 0.120949
 0.120949
 0.120949
 0.120949
 0.120949
 0.120949
 0.120949
 0.120949
 0.120949
 0.120949
 0.120949
 0.120949
 0.120949
 0.120949
 0.120949
 0.120949
 0.120949
 0.120949
 0.120949
 0.120949
 0.120949
 0.120949
 0.120949
 0.120949
 0.120949
 0.120949
 0.120949
 0.120949
 0.120949
 0.120949
 0.120949
 0.120949
 0.120949
 0.120949
 0.120949
 0.120949
 0.120949
 0.120949
 0.120949
 0.120949
 0.120949
 0.120949
 0.120949
 0.120949
 0.120949
 0.120949
 0.120949
 0.120949
 0.120949
 0.120949
 0.120949
 0.120949
 0.120949
 0.120949
 0.120949
 0.120949
 0.120949
 0.120949
 0.120949
 0.120949
 0.120949
 0.120949
 0.120949
 0.120949
