 19.678
15.7512
14.9415
15.5468
15.5024
15.4352
15.4542
15.4586
15.4554
15.4555
15.4559
15.4558
15.4557
15.4558
15.4558
15.4558
15.4558
15.4558
15.4558
15.4558
15.4558
15.4558
15.4558
15.4558
15.4558
15.4558
15.4558
15.4558
15.4558
15.4558
15.4558
15.4558
15.4558
15.4558
15.4558
15.4558
15.4558
15.4558
15.4558
15.4558
15.4558
15.4558
15.4558
15.4558
15.4558
15.4558
15.4558
15.4558
15.4558
15.4558
15.4558
15.4558
15.4558
15.4558
15.4558
15.4558
15.4558
15.4558
15.4558
15.4558
15.4558
15.4558
15.4558
15.4558
15.4558
15.4558
15.4558
15.4558
15.4558
15.4558
15.4558
15.4558
15.4558
15.4558
15.4558
15.4558
15.4558
15.4558
15.4558
15.4558
15.4558
15.4558
15.4558
15.4558
15.4558
15.4558
15.4558
15.4558
15.4558
15.4558
15.4558
15.4558
15.4558
15.4558
15.4558
15.4558
15.4558
15.4558
15.4558
15.4558
