271.195
690.581
567.953
535.039
556.534
 556.43
553.751
554.311
 554.53
554.416
554.412
554.427
554.425
554.423
554.424
554.424
554.424
554.424
554.424
554.424
554.424
554.424
554.424
554.424
554.424
554.424
554.424
554.424
554.424
554.424
554.424
554.424
554.424
554.424
554.424
554.424
554.424
554.424
554.424
554.424
554.424
554.424
554.424
554.424
554.424
554.424
554.424
554.424
554.424
554.424
554.424
554.424
554.424
554.424
554.424
554.424
554.424
554.424
554.424
554.424
554.424
554.424
554.424
554.424
554.424
554.424
554.424
554.424
554.424
554.424
554.424
554.424
554.424
554.424
554.424
554.424
554.424
554.424
554.424
554.424
554.424
554.424
554.424
554.424
554.424
554.424
554.424
554.424
554.424
554.424
554.424
554.424
554.424
554.424
554.424
554.424
554.424
554.424
554.424
554.424
