0.874099
0.500118
0.423001
0.480652
0.476422
0.470021
0.471826
0.472251
 0.47194
0.471951
0.471987
0.471978
0.471976
0.471977
0.471977
0.471977
0.471977
0.471977
0.471977
0.471977
0.471977
0.471977
0.471977
0.471977
0.471977
0.471977
0.471977
0.471977
0.471977
0.471977
0.471977
0.471977
0.471977
0.471977
0.471977
0.471977
0.471977
0.471977
0.471977
0.471977
0.471977
0.471977
0.471977
0.471977
0.471977
0.471977
0.471977
0.471977
0.471977
0.471977
0.471977
0.471977
0.471977
0.471977
0.471977
0.471977
0.471977
0.471977
0.471977
0.471977
0.471977
0.471977
0.471977
0.471977
0.471977
0.471977
0.471977
0.471977
0.471977
0.471977
0.471977
0.471977
0.471977
0.471977
0.471977
0.471977
0.471977
0.471977
0.471977
0.471977
0.471977
0.471977
0.471977
0.471977
0.471977
0.471977
0.471977
0.471977
0.471977
0.471977
0.471977
0.471977
0.471977
0.471977
0.471977
0.471977
0.471977
0.471977
0.471977
0.471977
