0.0573061
 0.153755
    0.126
 0.118362
  0.12327
 0.123262
 0.122647
 0.122773
 0.122824
 0.122798
 0.122797
 0.122801
   0.1228
   0.1228
   0.1228
   0.1228
   0.1228
   0.1228
   0.1228
   0.1228
   0.1228
   0.1228
   0.1228
   0.1228
   0.1228
   0.1228
   0.1228
   0.1228
   0.1228
   0.1228
   0.1228
   0.1228
   0.1228
   0.1228
   0.1228
   0.1228
   0.1228
   0.1228
   0.1228
   0.1228
   0.1228
   0.1228
   0.1228
   0.1228
   0.1228
   0.1228
   0.1228
   0.1228
   0.1228
   0.1228
   0.1228
   0.1228
   0.1228
   0.1228
   0.1228
   0.1228
   0.1228
   0.1228
   0.1228
   0.1228
   0.1228
   0.1228
   0.1228
   0.1228
   0.1228
   0.1228
   0.1228
   0.1228
   0.1228
   0.1228
   0.1228
   0.1228
   0.1228
   0.1228
   0.1228
   0.1228
   0.1228
   0.1228
   0.1228
   0.1228
   0.1228
   0.1228
   0.1228
   0.1228
   0.1228
   0.1228
   0.1228
   0.1228
   0.1228
   0.1228
   0.1228
   0.1228
   0.1228
   0.1228
   0.1228
   0.1228
   0.1228
   0.1228
   0.1228
   0.1228
