21.6933
25.2507
26.2884
 26.587
26.6726
26.6971
26.7041
26.7061
26.7067
26.7068
26.7069
26.7069
26.7069
26.7069
26.7069
26.7069
26.7069
26.7069
26.7069
26.7069
26.7069
26.7069
26.7069
26.7069
26.7069
26.7069
26.7069
26.7069
26.7069
26.7069
26.7069
26.7069
26.7069
26.7069
26.7069
26.7069
26.7069
26.7069
26.7069
26.7069
26.7069
26.7069
26.7069
26.7069
26.7069
26.7069
26.7069
26.7069
26.7069
26.7069
26.7069
26.7069
26.7069
26.7069
26.7069
26.7069
26.7069
26.7069
26.7069
26.7069
26.7069
26.7069
26.7069
26.7069
26.7069
26.7069
26.7069
26.7069
26.7069
26.7069
26.7069
26.7069
26.7069
26.7069
26.7069
26.7069
26.7069
26.7069
26.7069
26.7069
26.7069
26.7069
26.7069
26.7069
26.7069
26.7069
26.7069
26.7069
26.7069
26.7069
26.7069
26.7069
26.7069
26.7069
26.7069
26.7069
26.7069
26.7069
26.7069
26.7069
