9.87696
9.83742
9.82558
9.82215
9.82116
9.82087
9.82079
9.82077
9.82076
9.82076
9.82076
9.82076
9.82076
9.82076
9.82076
9.82076
9.82076
9.82076
9.82076
9.82076
9.82076
9.82076
9.82076
9.82076
9.82076
9.82076
9.82076
9.82076
9.82076
9.82076
9.82076
9.82076
9.82076
9.82076
9.82076
9.82076
9.82076
9.82076
9.82076
9.82076
9.82076
9.82076
9.82076
9.82076
9.82076
9.82076
9.82076
9.82076
9.82076
9.82076
9.82076
9.82076
9.82076
9.82076
9.82076
9.82076
9.82076
9.82076
9.82076
9.82076
9.82076
9.82076
9.82076
9.82076
9.82076
9.82076
9.82076
9.82076
9.82076
9.82076
9.82076
9.82076
9.82076
9.82076
9.82076
9.82076
9.82076
9.82076
9.82076
9.82076
9.82076
9.82076
9.82076
9.82076
9.82076
9.82076
9.82076
9.82076
9.82076
9.82076
9.82076
9.82076
9.82076
9.82076
9.82076
9.82076
9.82076
9.82076
9.82076
9.82076
