0.975392
0.967484
0.965117
0.964429
0.964231
0.964175
0.964158
0.964154
0.964152
0.964152
0.964152
0.964152
0.964152
0.964152
0.964152
0.964152
0.964152
0.964152
0.964152
0.964152
0.964152
0.964152
0.964152
0.964152
0.964152
0.964152
0.964152
0.964152
0.964152
0.964152
0.964152
0.964152
0.964152
0.964152
0.964152
0.964152
0.964152
0.964152
0.964152
0.964152
0.964152
0.964152
0.964152
0.964152
0.964152
0.964152
0.964152
0.964152
0.964152
0.964152
0.964152
0.964152
0.964152
0.964152
0.964152
0.964152
0.964152
0.964152
0.964152
0.964152
0.964152
0.964152
0.964152
0.964152
0.964152
0.964152
0.964152
0.964152
0.964152
0.964152
0.964152
0.964152
0.964152
0.964152
0.964152
0.964152
0.964152
0.964152
0.964152
0.964152
0.964152
0.964152
0.964152
0.964152
0.964152
0.964152
0.964152
0.964152
0.964152
0.964152
0.964152
0.964152
0.964152
0.964152
0.964152
0.964152
0.964152
0.964152
0.964152
0.964152
