0.0119357
0.0155689
0.0166291
0.0169342
0.0170216
0.0170467
0.0170538
0.0170559
0.0170565
0.0170566
0.0170567
0.0170567
0.0170567
0.0170567
0.0170567
0.0170567
0.0170567
0.0170567
0.0170567
0.0170567
0.0170567
0.0170567
0.0170567
0.0170567
0.0170567
0.0170567
0.0170567
0.0170567
0.0170567
0.0170567
0.0170567
0.0170567
0.0170567
0.0170567
0.0170567
0.0170567
0.0170567
0.0170567
0.0170567
0.0170567
0.0170567
0.0170567
0.0170567
0.0170567
0.0170567
0.0170567
0.0170567
0.0170567
0.0170567
0.0170567
0.0170567
0.0170567
0.0170567
0.0170567
0.0170567
0.0170567
0.0170567
0.0170567
0.0170567
0.0170567
0.0170567
0.0170567
0.0170567
0.0170567
0.0170567
0.0170567
0.0170567
0.0170567
0.0170567
0.0170567
0.0170567
0.0170567
0.0170567
0.0170567
0.0170567
0.0170567
0.0170567
0.0170567
0.0170567
0.0170567
0.0170567
0.0170567
0.0170567
0.0170567
0.0170567
0.0170567
0.0170567
0.0170567
0.0170567
0.0170567
0.0170567
0.0170567
0.0170567
0.0170567
0.0170567
0.0170567
0.0170567
0.0170567
0.0170567
0.0170567
