32.1425
56.5867
77.6765
91.4342
98.1508
100.544
101.058
101.003
100.873
100.788
100.751
100.738
100.736
100.737
100.737
100.738
100.738
100.738
100.738
100.738
100.738
100.738
100.738
100.738
100.738
100.738
100.738
100.738
100.738
100.738
100.738
100.738
100.738
100.738
100.738
100.738
100.738
100.738
100.738
100.738
100.738
100.738
100.738
100.738
100.738
100.738
100.738
100.738
100.738
100.738
100.738
100.738
100.738
100.738
100.738
100.738
100.738
100.738
100.738
100.738
100.738
100.738
100.738
100.738
100.738
100.738
100.738
100.738
100.738
100.738
100.738
100.738
100.738
100.738
100.738
100.738
100.738
100.738
100.738
100.738
100.738
100.738
100.738
100.738
100.738
100.738
100.738
100.738
100.738
100.738
100.738
100.738
100.738
100.738
100.738
100.738
100.738
100.738
100.738
100.738
