9.76369
9.47389
 9.1851
8.95842
8.81955
  8.753
8.72855
8.72257
8.72255
8.72359
8.72434
8.72469
8.72482
8.72485
8.72485
8.72484
8.72484
8.72483
8.72483
8.72483
8.72483
8.72483
8.72483
8.72483
8.72483
8.72483
8.72483
8.72483
8.72483
8.72483
8.72483
8.72483
8.72483
8.72483
8.72483
8.72483
8.72483
8.72483
8.72483
8.72483
8.72483
8.72483
8.72483
8.72483
8.72483
8.72483
8.72483
8.72483
8.72483
8.72483
8.72483
8.72483
8.72483
8.72483
8.72483
8.72483
8.72483
8.72483
8.72483
8.72483
8.72483
8.72483
8.72483
8.72483
8.72483
8.72483
8.72483
8.72483
8.72483
8.72483
8.72483
8.72483
8.72483
8.72483
8.72483
8.72483
8.72483
8.72483
8.72483
8.72483
8.72483
8.72483
8.72483
8.72483
8.72483
8.72483
8.72483
8.72483
8.72483
8.72483
8.72483
8.72483
8.72483
8.72483
8.72483
8.72483
8.72483
8.72483
8.72483
8.72483
