0.952737
0.894777
 0.83702
0.791685
 0.76391
  0.7506
 0.74571
0.744513
 0.74451
0.744717
0.744867
0.744939
0.744964
 0.74497
0.744969
0.744968
0.744967
0.744967
0.744967
0.744967
0.744967
0.744967
0.744967
0.744967
0.744967
0.744967
0.744967
0.744967
0.744967
0.744967
0.744967
0.744967
0.744967
0.744967
0.744967
0.744967
0.744967
0.744967
0.744967
0.744967
0.744967
0.744967
0.744967
0.744967
0.744967
0.744967
0.744967
0.744967
0.744967
0.744967
0.744967
0.744967
0.744967
0.744967
0.744967
0.744967
0.744967
0.744967
0.744967
0.744967
0.744967
0.744967
0.744967
0.744967
0.744967
0.744967
0.744967
0.744967
0.744967
0.744967
0.744967
0.744967
0.744967
0.744967
0.744967
0.744967
0.744967
0.744967
0.744967
0.744967
0.744967
0.744967
0.744967
0.744967
0.744967
0.744967
0.744967
0.744967
0.744967
0.744967
0.744967
0.744967
0.744967
0.744967
0.744967
0.744967
0.744967
0.744967
0.744967
0.744967
