0.0226049
0.0475887
0.0691832
0.0833089
0.0902335
0.0927186
0.0932624
0.0932124
0.0930808
0.0929948
 0.092956
0.0929432
0.0929407
0.0929412
0.0929419
0.0929424
0.0929426
0.0929427
0.0929427
0.0929427
0.0929427
0.0929427
0.0929427
0.0929427
0.0929427
0.0929427
0.0929427
0.0929427
0.0929427
0.0929427
0.0929427
0.0929427
0.0929427
0.0929427
0.0929427
0.0929427
0.0929427
0.0929427
0.0929427
0.0929427
0.0929427
0.0929427
0.0929427
0.0929427
0.0929427
0.0929427
0.0929427
0.0929427
0.0929427
0.0929427
0.0929427
0.0929427
0.0929427
0.0929427
0.0929427
0.0929427
0.0929427
0.0929427
0.0929427
0.0929427
0.0929427
0.0929427
0.0929427
0.0929427
0.0929427
0.0929427
0.0929427
0.0929427
0.0929427
0.0929427
0.0929427
0.0929427
0.0929427
0.0929427
0.0929427
0.0929427
0.0929427
0.0929427
0.0929427
0.0929427
0.0929427
0.0929427
0.0929427
0.0929427
0.0929427
0.0929427
0.0929427
0.0929427
0.0929427
0.0929427
0.0929427
0.0929427
0.0929427
0.0929427
0.0929427
0.0929427
0.0929427
0.0929427
0.0929427
0.0929427
