22.3809
26.6865
28.1127
28.5768
28.7269
28.7753
28.7909
 28.796
28.7976
28.7981
28.7983
28.7983
28.7983
28.7983
28.7983
28.7983
28.7983
28.7983
28.7983
28.7983
28.7983
28.7983
28.7983
28.7983
28.7983
28.7983
28.7983
28.7983
28.7983
28.7983
28.7983
28.7983
28.7983
28.7983
28.7983
28.7983
28.7983
28.7983
28.7983
28.7983
28.7983
28.7983
28.7983
28.7983
28.7983
28.7983
28.7983
28.7983
28.7983
28.7983
28.7983
28.7983
28.7983
28.7983
28.7983
28.7983
28.7983
28.7983
28.7983
28.7983
28.7983
28.7983
28.7983
28.7983
28.7983
28.7983
28.7983
28.7983
28.7983
28.7983
28.7983
28.7983
28.7983
28.7983
28.7983
28.7983
28.7983
28.7983
28.7983
28.7983
28.7983
28.7983
28.7983
28.7983
28.7983
28.7983
28.7983
28.7983
28.7983
28.7983
28.7983
28.7983
28.7983
28.7983
28.7983
28.7983
28.7983
28.7983
28.7983
28.7983
