9.86958
9.82156
9.80518
9.79978
9.79803
9.79746
9.79728
9.79722
 9.7972
 9.7972
 9.7972
 9.7972
9.79719
9.79719
9.79719
9.79719
9.79719
9.79719
9.79719
9.79719
9.79719
9.79719
9.79719
9.79719
9.79719
9.79719
9.79719
9.79719
9.79719
9.79719
9.79719
9.79719
9.79719
9.79719
9.79719
9.79719
9.79719
9.79719
9.79719
9.79719
9.79719
9.79719
9.79719
9.79719
9.79719
9.79719
9.79719
9.79719
9.79719
9.79719
9.79719
9.79719
9.79719
9.79719
9.79719
9.79719
9.79719
9.79719
9.79719
9.79719
9.79719
9.79719
9.79719
9.79719
9.79719
9.79719
9.79719
9.79719
9.79719
9.79719
9.79719
9.79719
9.79719
9.79719
9.79719
9.79719
9.79719
9.79719
9.79719
9.79719
9.79719
9.79719
9.79719
9.79719
9.79719
9.79719
9.79719
9.79719
9.79719
9.79719
9.79719
9.79719
9.79719
9.79719
9.79719
9.79719
9.79719
9.79719
9.79719
9.79719
