0.973916
0.964312
0.961036
0.959957
0.959606
0.959493
0.959456
0.959445
0.959441
 0.95944
0.959439
0.959439
0.959439
0.959439
0.959439
0.959439
0.959439
0.959439
0.959439
0.959439
0.959439
0.959439
0.959439
0.959439
0.959439
0.959439
0.959439
0.959439
0.959439
0.959439
0.959439
0.959439
0.959439
0.959439
0.959439
0.959439
0.959439
0.959439
0.959439
0.959439
0.959439
0.959439
0.959439
0.959439
0.959439
0.959439
0.959439
0.959439
0.959439
0.959439
0.959439
0.959439
0.959439
0.959439
0.959439
0.959439
0.959439
0.959439
0.959439
0.959439
0.959439
0.959439
0.959439
0.959439
0.959439
0.959439
0.959439
0.959439
0.959439
0.959439
0.959439
0.959439
0.959439
0.959439
0.959439
0.959439
0.959439
0.959439
0.959439
0.959439
0.959439
0.959439
0.959439
0.959439
0.959439
0.959439
0.959439
0.959439
0.959439
0.959439
0.959439
0.959439
0.959439
0.959439
0.959439
0.959439
0.959439
0.959439
0.959439
0.959439
