0.0126376
0.0170353
0.0184925
0.0189667
  0.01912
0.0191695
0.0191855
0.0191906
0.0191923
0.0191928
 0.019193
0.0191931
0.0191931
0.0191931
0.0191931
0.0191931
0.0191931
0.0191931
0.0191931
0.0191931
0.0191931
0.0191931
0.0191931
0.0191931
0.0191931
0.0191931
0.0191931
0.0191931
0.0191931
0.0191931
0.0191931
0.0191931
0.0191931
0.0191931
0.0191931
0.0191931
0.0191931
0.0191931
0.0191931
0.0191931
0.0191931
0.0191931
0.0191931
0.0191931
0.0191931
0.0191931
0.0191931
0.0191931
0.0191931
0.0191931
0.0191931
0.0191931
0.0191931
0.0191931
0.0191931
0.0191931
0.0191931
0.0191931
0.0191931
0.0191931
0.0191931
0.0191931
0.0191931
0.0191931
0.0191931
0.0191931
0.0191931
0.0191931
0.0191931
0.0191931
0.0191931
0.0191931
0.0191931
0.0191931
0.0191931
0.0191931
0.0191931
0.0191931
0.0191931
0.0191931
0.0191931
0.0191931
0.0191931
0.0191931
0.0191931
0.0191931
0.0191931
0.0191931
0.0191931
0.0191931
0.0191931
0.0191931
0.0191931
0.0191931
0.0191931
0.0191931
0.0191931
0.0191931
0.0191931
0.0191931
