0.750253
 1.20101
 1.65228
 2.10406
 2.55634
 3.00913
 3.46243
 3.91625
 4.37057
 4.82541
 5.28075
 5.73661
 6.19298
 6.64987
 7.10727
 7.56519
 8.02362
 8.48256
 8.94203
 9.40201
 9.86251
 10.3235
 10.7851
 11.2471
 11.7097
 12.1728
 12.6364
 13.1005
 13.5652
 14.0304
 14.4961
 14.9623
 15.4291
 15.8964
 16.3642
 16.8325
 17.3014
 17.7708
 18.2407
 18.7111
 19.1821
 19.6536
 20.1257
 20.5982
 21.0713
  21.545
 22.0191
 22.4938
 22.9691
 23.4448
 23.9211
  24.398
 24.8754
 25.3533
 25.8317
 26.3107
 26.7903
 27.2703
 27.7509
 28.2321
 28.7138
  29.196
 29.6788
 30.1621
  30.646
 31.1304
 31.6154
 32.1009
 32.5869
 33.0735
 33.5606
 34.0483
 34.5366
 35.0254
 35.5147
 36.0046
  36.495
  36.986
 37.4776
 37.9697
 38.4623
 38.9556
 39.4493
 39.9436
 40.4385
  40.934
 41.4299
 41.9265
 42.4236
 42.9213
 43.4195
 43.9183
 44.4176
 44.9176
  45.418
 45.9191
 46.4207
 46.9228
 47.4256
 47.9289
