 0.745606
  1.17826
  1.58872
  1.96816
  2.30829
  2.60155
  2.84128
  3.02177
  3.13845
  3.18787
  3.16777
  3.07704
  2.91575
  2.68503
  2.38701
  2.02472
  1.60193
  1.12308
  0.59308
0.0172098
-0.599048
 -1.25012
 -1.93049
 -2.63476
  -3.3578
 -4.09478
 -4.84126
 -5.59322
 -6.34708
 -7.09975
 -7.84858
 -8.59136
 -9.32634
 -10.0521
 -10.7678
 -11.4725
  -12.166
 -12.8481
 -13.5188
 -14.1785
 -14.8273
 -15.4658
 -16.0946
 -16.7141
 -17.3249
 -17.9278
 -18.5233
 -19.1119
 -19.6942
 -20.2709
 -20.8423
 -21.4089
 -21.9712
 -22.5295
 -23.0843
 -23.6359
 -24.1844
 -24.7303
 -25.2738
  -25.815
 -26.3543
 -26.8916
 -27.4274
 -27.9615
 -28.4943
 -29.0258
 -29.5561
 -30.0854
 -30.6137
 -31.1411
 -31.6677
 -32.1936
 -32.7188
 -33.2434
 -33.7674
  -34.291
 -34.8141
 -35.3368
 -35.8591
 -36.3812
 -36.9029
 -37.4244
 -37.9457
 -38.4669
 -38.9879
 -39.5087
 -40.0295
 -40.5502
 -41.0709
 -41.5916
 -42.1123
  -42.633
 -43.1537
 -43.6745
 -44.1954
 -44.7164
 -45.2375
 -45.7588
 -46.2802
 -46.8017
