4.00169
7.00675
10.0152
 13.027
16.0423
19.0609
22.0829
25.1083
28.1371
31.1694
 34.205
37.2441
40.2866
43.3325
46.3818
49.4346
52.4908
55.5504
58.6135
61.6801
  64.75
67.8235
70.9004
73.9808
77.0646
80.1519
83.2427
 86.337
89.4347
92.5359
95.6407
98.7489
101.861
104.976
108.095
111.217
114.343
117.472
120.605
123.741
126.881
130.024
133.171
136.322
139.476
142.633
145.794
148.959
152.127
155.299
158.474
161.653
164.836
168.022
171.212
174.405
177.602
180.802
184.006
187.214
190.425
 193.64
196.859
200.081
203.307
206.536
209.769
213.006
216.246
 219.49
222.738
225.989
229.244
232.502
235.765
239.031
  242.3
245.574
248.851
252.131
255.416
258.704
261.995
265.291
 268.59
271.893
  275.2
 278.51
281.824
285.142
288.463
291.789
295.118
 298.45
301.787
305.127
308.471
311.819
315.171
318.526
