-0.00774556
 -0.0379291
  -0.105928
  -0.226488
  -0.413413
  -0.679296
   -1.03526
   -1.49079
   -2.05353
   -2.72922
   -3.52164
   -4.43261
   -5.46205
   -6.60806
   -7.86709
   -9.23412
   -10.7028
   -12.2658
   -13.9149
   -15.6413
   -17.4359
   -19.2894
   -21.1926
   -23.1365
   -25.1125
   -27.1126
   -29.1294
   -31.1563
   -33.1871
   -35.2169
   -37.2411
   -39.2562
    -41.259
   -43.2475
   -45.2199
    -47.175
   -49.1123
   -51.0314
   -52.9325
    -54.816
   -56.6824
   -58.5324
    -60.367
   -62.1871
   -63.9938
   -65.7879
   -67.5706
   -69.3428
   -71.1055
   -72.8595
   -74.6057
   -76.3448
   -78.0776
   -79.8047
   -81.5268
   -83.2443
   -84.9578
   -86.6678
   -88.3746
   -90.0786
   -91.7801
   -93.4794
   -95.1769
   -96.8727
   -98.5671
    -100.26
   -101.952
   -103.644
   -105.334
   -107.024
   -108.714
   -110.403
   -112.092
   -113.781
    -115.47
   -117.159
   -118.849
   -120.538
   -122.228
   -123.918
   -125.609
     -127.3
   -128.992
   -130.684
   -132.377
   -134.071
   -135.766
   -137.461
   -139.158
   -140.855
   -142.553
   -144.252
   -145.952
   -147.653
   -149.356
   -151.059
   -152.764
   -154.469
   -156.176
   -157.884
