9.77562
9.52497
9.29285
9.11699
9.00731
8.94994
8.92429
8.91444
8.91125
8.91047
8.91039
8.91046
8.91052
8.91055
8.91057
8.91057
8.91058
8.91058
8.91058
8.91058
8.91058
8.91058
8.91058
8.91058
8.91058
8.91058
8.91058
8.91058
8.91058
8.91058
8.91058
8.91058
8.91058
8.91058
8.91058
8.91058
8.91058
8.91058
8.91058
8.91058
8.91058
8.91058
8.91058
8.91058
8.91058
8.91058
8.91058
8.91058
8.91058
8.91058
8.91058
8.91058
8.91058
8.91058
8.91058
8.91058
8.91058
8.91058
8.91058
8.91058
8.91058
8.91058
8.91058
8.91058
8.91058
8.91058
8.91058
8.91058
8.91058
8.91058
8.91058
8.91058
8.91058
8.91058
8.91058
8.91058
8.91058
8.91058
8.91058
8.91058
8.91058
8.91058
8.91058
8.91058
8.91058
8.91058
8.91058
8.91058
8.91058
8.91058
8.91058
8.91058
8.91058
8.91058
8.91058
8.91058
8.91058
8.91058
8.91058
8.91058
