31.0514
52.3651
 69.813
81.2682
87.3911
90.1192
91.1446
 91.462
91.5325
91.5344
91.5248
91.5176
91.5139
91.5123
91.5117
91.5116
91.5115
91.5115
91.5115
91.5115
91.5116
91.5116
91.5116
91.5116
91.5116
91.5116
91.5116
91.5116
91.5116
91.5116
91.5116
91.5116
91.5116
91.5116
91.5116
91.5116
91.5116
91.5116
91.5116
91.5116
91.5116
91.5116
91.5116
91.5116
91.5116
91.5116
91.5116
91.5116
91.5116
91.5116
91.5116
91.5116
91.5116
91.5116
91.5116
91.5116
91.5116
91.5116
91.5116
91.5116
91.5116
91.5116
91.5116
91.5116
91.5116
91.5116
91.5116
91.5116
91.5116
91.5116
91.5116
91.5116
91.5116
91.5116
91.5116
91.5116
91.5116
91.5116
91.5116
91.5116
91.5116
91.5116
91.5116
91.5116
91.5116
91.5116
91.5116
91.5116
91.5116
91.5116
91.5116
91.5116
91.5116
91.5116
91.5116
91.5116
91.5116
91.5116
91.5116
91.5116
