0.955124
0.904993
 0.85857
0.823399
0.801463
0.789988
0.784858
0.782887
 0.78225
0.782094
0.782079
0.782092
0.782104
0.782111
0.782114
0.782115
0.782115
0.782115
0.782115
0.782115
0.782115
0.782115
0.782115
0.782115
0.782115
0.782115
0.782115
0.782115
0.782115
0.782115
0.782115
0.782115
0.782115
0.782115
0.782115
0.782115
0.782115
0.782115
0.782115
0.782115
0.782115
0.782115
0.782115
0.782115
0.782115
0.782115
0.782115
0.782115
0.782115
0.782115
0.782115
0.782115
0.782115
0.782115
0.782115
0.782115
0.782115
0.782115
0.782115
0.782115
0.782115
0.782115
0.782115
0.782115
0.782115
0.782115
0.782115
0.782115
0.782115
0.782115
0.782115
0.782115
0.782115
0.782115
0.782115
0.782115
0.782115
0.782115
0.782115
0.782115
0.782115
0.782115
0.782115
0.782115
0.782115
0.782115
0.782115
0.782115
0.782115
0.782115
0.782115
0.782115
0.782115
0.782115
0.782115
0.782115
0.782115
0.782115
0.782115
0.782115
