0.0214907
0.0432729
0.0611315
  0.07288
0.0791756
0.0819891
0.0830508
0.0833814
0.0834558
0.0834585
0.0834489
0.0834416
0.0834378
0.0834361
0.0834355
0.0834353
0.0834353
0.0834353
0.0834353
0.0834353
0.0834353
0.0834353
0.0834353
0.0834353
0.0834353
0.0834353
0.0834353
0.0834353
0.0834353
0.0834353
0.0834353
0.0834353
0.0834353
0.0834353
0.0834353
0.0834353
0.0834353
0.0834353
0.0834353
0.0834353
0.0834353
0.0834353
0.0834353
0.0834353
0.0834353
0.0834353
0.0834353
0.0834353
0.0834353
0.0834353
0.0834353
0.0834353
0.0834353
0.0834353
0.0834353
0.0834353
0.0834353
0.0834353
0.0834353
0.0834353
0.0834353
0.0834353
0.0834353
0.0834353
0.0834353
0.0834353
0.0834353
0.0834353
0.0834353
0.0834353
0.0834353
0.0834353
0.0834353
0.0834353
0.0834353
0.0834353
0.0834353
0.0834353
0.0834353
0.0834353
0.0834353
0.0834353
0.0834353
0.0834353
0.0834353
0.0834353
0.0834353
0.0834353
0.0834353
0.0834353
0.0834353
0.0834353
0.0834353
0.0834353
0.0834353
0.0834353
0.0834353
0.0834353
0.0834353
0.0834353
