 52.359
161.283
200.779
 115.48
63.8501
48.3686
49.8375
61.5138
78.7727
92.8148
95.3734
88.4393
80.0753
75.1988
74.5278
76.7552
79.8814
82.0872
82.5491
81.6459
80.3482
79.4534
79.2482
79.5791
80.0909
80.4662
 80.567
80.4423
80.2365
80.0815
80.0354
80.0813
80.1631
80.2273
80.2483
80.2315
80.1989
80.1725
80.1631
80.1691
80.1821
80.1929
80.1971
 80.195
80.1899
80.1854
80.1836
80.1843
80.1863
80.1881
80.1889
80.1887
80.1879
80.1872
80.1868
80.1869
80.1872
80.1875
80.1877
80.1876
80.1875
80.1874
80.1873
80.1873
80.1874
80.1874
80.1875
80.1875
80.1874
80.1874
80.1874
80.1874
80.1874
80.1874
80.1874
80.1874
80.1874
80.1874
80.1874
80.1874
80.1874
80.1874
80.1874
80.1874
80.1874
80.1874
80.1874
80.1874
80.1874
80.1874
80.1874
80.1874
80.1874
80.1874
80.1874
80.1874
80.1874
80.1874
80.1874
80.1874
