9.53853
7.94109
5.35146
4.30496
4.80158
5.63106
  6.278
6.59234
6.55278
 6.2554
 5.9201
5.74657
5.76732
5.89172
6.01763
6.08509
6.08284
6.03593
5.98322
5.95344
 5.9532
5.97164
5.99273
6.00512
6.00586
5.99879
5.99024
5.98499
5.98445
5.98717
5.99062
5.99282
5.99313
5.99209
5.99071
5.98979
5.98962
5.99001
5.99057
5.99095
5.99104
5.99089
5.99066
5.99051
5.99047
5.99052
5.99061
5.99068
 5.9907
5.99067
5.99064
5.99061
 5.9906
5.99061
5.99062
5.99064
5.99064
5.99064
5.99063
5.99063
5.99063
5.99063
5.99063
5.99063
5.99063
5.99063
5.99063
5.99063
5.99063
5.99063
5.99063
5.99063
5.99063
5.99063
5.99063
5.99063
5.99063
5.99063
5.99063
5.99063
5.99063
5.99063
5.99063
5.99063
5.99063
5.99063
5.99063
5.99063
5.99063
5.99063
5.99063
5.99063
5.99063
5.99063
5.99063
5.99063
5.99063
5.99063
5.99063
5.99063
