  0.907706
  0.588217
 0.0702915
 -0.139008
-0.0396839
  0.126212
  0.255601
  0.318467
  0.310556
   0.25108
  0.184019
  0.149314
  0.153464
  0.178345
  0.203525
  0.217018
  0.216569
  0.207185
  0.196645
  0.190688
  0.190639
  0.194329
  0.198546
  0.201024
  0.201172
  0.199759
  0.198048
  0.196998
   0.19689
  0.197435
  0.198124
  0.198563
  0.198626
  0.198418
  0.198141
  0.197957
  0.197924
  0.198003
  0.198114
  0.198191
  0.198207
  0.198178
  0.198133
  0.198101
  0.198093
  0.198104
  0.198122
  0.198135
  0.198139
  0.198135
  0.198128
  0.198122
  0.198121
  0.198122
  0.198125
  0.198127
  0.198128
  0.198127
  0.198126
  0.198125
  0.198125
  0.198125
  0.198126
  0.198126
  0.198126
  0.198126
  0.198126
  0.198126
  0.198126
  0.198126
  0.198126
  0.198126
  0.198126
  0.198126
  0.198126
  0.198126
  0.198126
  0.198126
  0.198126
  0.198126
  0.198126
  0.198126
  0.198126
  0.198126
  0.198126
  0.198126
  0.198126
  0.198126
  0.198126
  0.198126
  0.198126
  0.198126
  0.198126
  0.198126
  0.198126
  0.198126
  0.198126
  0.198126
  0.198126
  0.198126
