 0.043253
 0.154891
 0.197401
 0.112298
0.0596449
0.0431692
0.0439995
0.0554763
0.0729494
0.0874337
0.0903569
 0.083528
0.0750586
0.0700072
0.0692022
 0.071384
 0.074544
0.0768195
0.0773392
0.0764571
0.0751465
 0.074224
0.0739954
0.0743171
0.0748334
0.0752196
0.0753301
0.0752094
 0.075002
0.0748427
0.0747927
0.0748369
0.0749192
 0.074985
0.0750077
0.0749917
0.0749589
0.0749318
0.0749217
0.0749275
0.0749404
0.0749516
 0.074956
 0.074954
0.0749489
0.0749443
0.0749424
0.0749431
0.0749451
0.0749469
0.0749478
0.0749476
0.0749468
 0.074946
0.0749456
0.0749457
 0.074946
0.0749463
0.0749465
0.0749465
0.0749463
0.0749462
0.0749462
0.0749462
0.0749462
0.0749463
0.0749463
0.0749463
0.0749463
0.0749462
0.0749462
0.0749462
0.0749462
0.0749462
0.0749463
0.0749463
0.0749463
0.0749462
0.0749462
0.0749462
0.0749462
0.0749462
0.0749462
0.0749462
0.0749462
0.0749462
0.0749462
0.0749462
0.0749462
0.0749462
0.0749462
0.0749462
0.0749462
0.0749462
0.0749462
0.0749462
0.0749462
0.0749462
0.0749462
0.0749462
