9.65286
8.85088
 7.6686
6.85656
6.76672
6.99393
7.18412
7.24487
7.21891
7.17447
7.15015
 7.1487
7.15694
 7.1638
 7.1659
7.16486
7.16326
7.16243
 7.1624
7.16271
7.16295
7.16302
7.16298
7.16292
7.16289
7.16289
 7.1629
7.16291
7.16292
7.16291
7.16291
7.16291
7.16291
7.16291
7.16291
7.16291
7.16291
7.16291
7.16291
7.16291
7.16291
7.16291
7.16291
7.16291
7.16291
7.16291
7.16291
7.16291
7.16291
7.16291
7.16291
7.16291
7.16291
7.16291
7.16291
7.16291
7.16291
7.16291
7.16291
7.16291
7.16291
7.16291
7.16291
7.16291
7.16291
7.16291
7.16291
7.16291
7.16291
7.16291
7.16291
7.16291
7.16291
7.16291
7.16291
7.16291
7.16291
7.16291
7.16291
7.16291
7.16291
7.16291
7.16291
7.16291
7.16291
7.16291
7.16291
7.16291
7.16291
7.16291
7.16291
7.16291
7.16291
7.16291
7.16291
7.16291
7.16291
7.16291
7.16291
7.16291
