42.1771
103.982
159.647
 159.24
134.698
120.135
117.649
120.953
124.619
126.191
125.955
125.167
124.658
124.569
124.697
 124.83
124.882
124.871
124.843
124.825
124.822
124.827
124.832
124.834
124.833
124.832
124.832
124.832
124.832
124.832
124.832
124.832
124.832
124.832
124.832
124.832
124.832
124.832
124.832
124.832
124.832
124.832
124.832
124.832
124.832
124.832
124.832
124.832
124.832
124.832
124.832
124.832
124.832
124.832
124.832
124.832
124.832
124.832
124.832
124.832
124.832
124.832
124.832
124.832
124.832
124.832
124.832
124.832
124.832
124.832
124.832
124.832
124.832
124.832
124.832
124.832
124.832
124.832
124.832
124.832
124.832
124.832
124.832
124.832
124.832
124.832
124.832
124.832
124.832
124.832
124.832
124.832
124.832
124.832
124.832
124.832
124.832
124.832
124.832
124.832
