0.930572
0.770177
0.533721
0.371311
0.353344
0.398787
0.436825
0.448973
0.443783
0.434893
 0.43003
 0.42974
0.431387
0.432759
0.433179
0.432973
0.432652
0.432485
0.432481
0.432542
 0.43259
0.432604
0.432596
0.432584
0.432579
0.432579
0.432581
0.432583
0.432583
0.432583
0.432582
0.432582
0.432582
0.432582
0.432582
0.432582
0.432582
0.432582
0.432582
0.432582
0.432582
0.432582
0.432582
0.432582
0.432582
0.432582
0.432582
0.432582
0.432582
0.432582
0.432582
0.432582
0.432582
0.432582
0.432582
0.432582
0.432582
0.432582
0.432582
0.432582
0.432582
0.432582
0.432582
0.432582
0.432582
0.432582
0.432582
0.432582
0.432582
0.432582
0.432582
0.432582
0.432582
0.432582
0.432582
0.432582
0.432582
0.432582
0.432582
0.432582
0.432582
0.432582
0.432582
0.432582
0.432582
0.432582
0.432582
0.432582
0.432582
0.432582
0.432582
0.432582
0.432582
0.432582
0.432582
0.432582
0.432582
0.432582
0.432582
0.432582
