0.0328528
0.0960915
 0.153514
 0.153923
 0.129224
 0.114284
  0.11158
 0.114857
 0.118586
 0.120219
 0.120005
 0.119211
 0.118688
 0.118591
 0.118718
 0.118853
 0.118908
 0.118898
 0.118869
 0.118851
 0.118848
 0.118853
 0.118858
 0.118859
 0.118859
 0.118858
 0.118857
 0.118857
 0.118857
 0.118858
 0.118858
 0.118858
 0.118858
 0.118858
 0.118858
 0.118858
 0.118858
 0.118858
 0.118858
 0.118858
 0.118858
 0.118858
 0.118858
 0.118858
 0.118858
 0.118858
 0.118858
 0.118858
 0.118858
 0.118858
 0.118858
 0.118858
 0.118858
 0.118858
 0.118858
 0.118858
 0.118858
 0.118858
 0.118858
 0.118858
 0.118858
 0.118858
 0.118858
 0.118858
 0.118858
 0.118858
 0.118858
 0.118858
 0.118858
 0.118858
 0.118858
 0.118858
 0.118858
 0.118858
 0.118858
 0.118858
 0.118858
 0.118858
 0.118858
 0.118858
 0.118858
 0.118858
 0.118858
 0.118858
 0.118858
 0.118858
 0.118858
 0.118858
 0.118858
 0.118858
 0.118858
 0.118858
 0.118858
 0.118858
 0.118858
 0.118858
 0.118858
 0.118858
 0.118858
 0.118858
