29.6381
47.2159
60.4423
68.9279
73.7038
76.1394
77.2975
 77.822
78.0516
78.1499
78.1912
78.2083
78.2154
78.2183
78.2195
78.2199
78.2201
78.2202
78.2202
78.2202
78.2202
78.2202
78.2202
78.2202
78.2202
78.2202
78.2202
78.2202
78.2202
78.2202
78.2202
78.2202
78.2202
78.2202
78.2202
78.2202
78.2202
78.2202
78.2202
78.2202
78.2202
78.2202
78.2202
78.2202
78.2202
78.2202
78.2202
78.2202
78.2202
78.2202
78.2202
78.2202
78.2202
78.2202
78.2202
78.2202
78.2202
78.2202
78.2202
78.2202
78.2202
78.2202
78.2202
78.2202
78.2202
78.2202
78.2202
78.2202
78.2202
78.2202
78.2202
78.2202
78.2202
78.2202
78.2202
78.2202
78.2202
78.2202
78.2202
78.2202
78.2202
78.2202
78.2202
78.2202
78.2202
78.2202
78.2202
78.2202
78.2202
78.2202
78.2202
78.2202
78.2202
78.2202
78.2202
78.2202
78.2202
78.2202
78.2202
78.2202
