9.79105
9.58638
9.41619
9.29535
9.22063
9.17935
9.15841
9.14844
 9.1439
9.14191
9.14105
9.14069
9.14054
9.14048
9.14045
9.14044
9.14044
9.14044
9.14044
9.14044
9.14044
9.14044
9.14044
9.14044
9.14044
9.14044
9.14044
9.14044
9.14044
9.14044
9.14044
9.14044
9.14044
9.14044
9.14044
9.14044
9.14044
9.14044
9.14044
9.14044
9.14044
9.14044
9.14044
9.14044
9.14044
9.14044
9.14044
9.14044
9.14044
9.14044
9.14044
9.14044
9.14044
9.14044
9.14044
9.14044
9.14044
9.14044
9.14044
9.14044
9.14044
9.14044
9.14044
9.14044
9.14044
9.14044
9.14044
9.14044
9.14044
9.14044
9.14044
9.14044
9.14044
9.14044
9.14044
9.14044
9.14044
9.14044
9.14044
9.14044
9.14044
9.14044
9.14044
9.14044
9.14044
9.14044
9.14044
9.14044
9.14044
9.14044
9.14044
9.14044
9.14044
9.14044
9.14044
9.14044
9.14044
9.14044
9.14044
9.14044
