0.958209
0.917275
0.883238
0.859069
0.844127
0.835869
0.831681
0.829687
0.828781
0.828382
0.828211
0.828138
0.828108
0.828096
0.828091
0.828089
0.828088
0.828088
0.828087
0.828087
0.828087
0.828087
0.828087
0.828087
0.828087
0.828087
0.828087
0.828087
0.828087
0.828087
0.828087
0.828087
0.828087
0.828087
0.828087
0.828087
0.828087
0.828087
0.828087
0.828087
0.828087
0.828087
0.828087
0.828087
0.828087
0.828087
0.828087
0.828087
0.828087
0.828087
0.828087
0.828087
0.828087
0.828087
0.828087
0.828087
0.828087
0.828087
0.828087
0.828087
0.828087
0.828087
0.828087
0.828087
0.828087
0.828087
0.828087
0.828087
0.828087
0.828087
0.828087
0.828087
0.828087
0.828087
0.828087
0.828087
0.828087
0.828087
0.828087
0.828087
0.828087
0.828087
0.828087
0.828087
0.828087
0.828087
0.828087
0.828087
0.828087
0.828087
0.828087
0.828087
0.828087
0.828087
0.828087
0.828087
0.828087
0.828087
0.828087
0.828087
