0.0200476
0.0380097
0.0515415
0.0602349
0.0651345
0.0676365
0.0688274
0.0693672
0.0696038
 0.069705
0.0697476
0.0697653
0.0697726
0.0697756
0.0697768
0.0697773
0.0697775
0.0697775
0.0697776
0.0697776
0.0697776
0.0697776
0.0697776
0.0697776
0.0697776
0.0697776
0.0697776
0.0697776
0.0697776
0.0697776
0.0697776
0.0697776
0.0697776
0.0697776
0.0697776
0.0697776
0.0697776
0.0697776
0.0697776
0.0697776
0.0697776
0.0697776
0.0697776
0.0697776
0.0697776
0.0697776
0.0697776
0.0697776
0.0697776
0.0697776
0.0697776
0.0697776
0.0697776
0.0697776
0.0697776
0.0697776
0.0697776
0.0697776
0.0697776
0.0697776
0.0697776
0.0697776
0.0697776
0.0697776
0.0697776
0.0697776
0.0697776
0.0697776
0.0697776
0.0697776
0.0697776
0.0697776
0.0697776
0.0697776
0.0697776
0.0697776
0.0697776
0.0697776
0.0697776
0.0697776
0.0697776
0.0697776
0.0697776
0.0697776
0.0697776
0.0697776
0.0697776
0.0697776
0.0697776
0.0697776
0.0697776
0.0697776
0.0697776
0.0697776
0.0697776
0.0697776
0.0697776
0.0697776
0.0697776
0.0697776
