42.9049
107.893
164.893
 159.71
131.735
116.623
114.783
119.009
123.313
125.009
124.559
123.529
 122.91
122.836
123.027
123.207
123.271
123.249
123.206
123.181
123.179
123.187
123.194
123.197
123.196
123.194
123.193
123.193
123.193
123.194
123.194
123.194
123.194
123.194
123.194
123.194
123.194
123.194
123.194
123.194
123.194
123.194
123.194
123.194
123.194
123.194
123.194
123.194
123.194
123.194
123.194
123.194
123.194
123.194
123.194
123.194
123.194
123.194
123.194
123.194
123.194
123.194
123.194
123.194
123.194
123.194
123.194
123.194
123.194
123.194
123.194
123.194
123.194
123.194
123.194
123.194
123.194
123.194
123.194
123.194
123.194
123.194
123.194
123.194
123.194
123.194
123.194
123.194
123.194
123.194
123.194
123.194
123.194
123.194
123.194
123.194
123.194
123.194
123.194
123.194
