9.64475
8.79494
7.52452
 6.6801
6.62697
6.89586
7.10686
7.16813
7.13178
7.07706
7.04866
7.04856
7.05984
7.06869
 7.0711
7.06942
7.06714
7.06602
7.06607
7.06655
7.06691
  7.067
7.06692
7.06683
7.06678
7.06679
7.06681
7.06682
7.06683
7.06682
7.06682
7.06682
7.06682
7.06682
7.06682
7.06682
7.06682
7.06682
7.06682
7.06682
7.06682
7.06682
7.06682
7.06682
7.06682
7.06682
7.06682
7.06682
7.06682
7.06682
7.06682
7.06682
7.06682
7.06682
7.06682
7.06682
7.06682
7.06682
7.06682
7.06682
7.06682
7.06682
7.06682
7.06682
7.06682
7.06682
7.06682
7.06682
7.06682
7.06682
7.06682
7.06682
7.06682
7.06682
7.06682
7.06682
7.06682
7.06682
7.06682
7.06682
7.06682
7.06682
7.06682
7.06682
7.06682
7.06682
7.06682
7.06682
7.06682
7.06682
7.06682
7.06682
7.06682
7.06682
7.06682
7.06682
7.06682
7.06682
7.06682
7.06682
