 0.92895
0.758989
0.504904
 0.33602
0.325394
0.379173
0.421372
0.433625
0.426356
0.415413
0.409732
0.409711
0.411969
0.413739
0.414219
0.413884
0.413427
0.413204
0.413213
 0.41331
0.413382
  0.4134
0.413385
0.413366
0.413357
0.413358
0.413362
0.413365
0.413365
0.413365
0.413364
0.413364
0.413364
0.413364
0.413364
0.413364
0.413364
0.413364
0.413364
0.413364
0.413364
0.413364
0.413364
0.413364
0.413364
0.413364
0.413364
0.413364
0.413364
0.413364
0.413364
0.413364
0.413364
0.413364
0.413364
0.413364
0.413364
0.413364
0.413364
0.413364
0.413364
0.413364
0.413364
0.413364
0.413364
0.413364
0.413364
0.413364
0.413364
0.413364
0.413364
0.413364
0.413364
0.413364
0.413364
0.413364
0.413364
0.413364
0.413364
0.413364
0.413364
0.413364
0.413364
0.413364
0.413364
0.413364
0.413364
0.413364
0.413364
0.413364
0.413364
0.413364
0.413364
0.413364
0.413364
0.413364
0.413364
0.413364
0.413364
0.413364
