0.0335961
 0.100099
 0.158958
 0.154575
 0.126372
 0.110836
 0.108764
 0.112971
 0.117355
 0.119123
 0.118698
 0.117657
  0.11702
 0.116937
 0.117128
 0.117311
 0.117378
 0.117356
 0.117313
 0.117287
 0.117285
 0.117293
 0.117301
 0.117303
 0.117302
   0.1173
 0.117299
 0.117299
   0.1173
   0.1173
   0.1173
   0.1173
   0.1173
   0.1173
   0.1173
   0.1173
   0.1173
   0.1173
   0.1173
   0.1173
   0.1173
   0.1173
   0.1173
   0.1173
   0.1173
   0.1173
   0.1173
   0.1173
   0.1173
   0.1173
   0.1173
   0.1173
   0.1173
   0.1173
   0.1173
   0.1173
   0.1173
   0.1173
   0.1173
   0.1173
   0.1173
   0.1173
   0.1173
   0.1173
   0.1173
   0.1173
   0.1173
   0.1173
   0.1173
   0.1173
   0.1173
   0.1173
   0.1173
   0.1173
   0.1173
   0.1173
   0.1173
   0.1173
   0.1173
   0.1173
   0.1173
   0.1173
   0.1173
   0.1173
   0.1173
   0.1173
   0.1173
   0.1173
   0.1173
   0.1173
   0.1173
   0.1173
   0.1173
   0.1173
   0.1173
   0.1173
   0.1173
   0.1173
   0.1173
   0.1173
