9.83738
9.74031
9.68818
9.66203
9.64942
9.64348
9.64071
9.63943
9.63884
9.63857
9.63844
9.63838
9.63835
9.63834
9.63834
9.63833
9.63833
9.63833
9.63833
9.63833
9.63833
9.63833
9.63833
9.63833
9.63833
9.63833
9.63833
9.63833
9.63833
9.63833
9.63833
9.63833
9.63833
9.63833
9.63833
9.63833
9.63833
9.63833
9.63833
9.63833
9.63833
9.63833
9.63833
9.63833
9.63833
9.63833
9.63833
9.63833
9.63833
9.63833
9.63833
9.63833
9.63833
9.63833
9.63833
9.63833
9.63833
9.63833
9.63833
9.63833
9.63833
9.63833
9.63833
9.63833
9.63833
9.63833
9.63833
9.63833
9.63833
9.63833
9.63833
9.63833
9.63833
9.63833
9.63833
9.63833
9.63833
9.63833
9.63833
9.63833
9.63833
9.63833
9.63833
9.63833
9.63833
9.63833
9.63833
9.63833
9.63833
9.63833
9.63833
9.63833
9.63833
9.63833
9.63833
9.63833
9.63833
9.63833
9.63833
9.63833
