 25.369
33.9331
38.3089
40.4352
41.4412
41.9107
42.1284
 42.229
42.2755
42.2969
42.3068
42.3113
42.3134
42.3144
42.3148
 42.315
42.3151
42.3152
42.3152
42.3152
42.3152
42.3152
42.3152
42.3152
42.3152
42.3152
42.3152
42.3152
42.3152
42.3152
42.3152
42.3152
42.3152
42.3152
42.3152
42.3152
42.3152
42.3152
42.3152
42.3152
42.3152
42.3152
42.3152
42.3152
42.3152
42.3152
42.3152
42.3152
42.3152
42.3152
42.3152
42.3152
42.3152
42.3152
42.3152
42.3152
42.3152
42.3152
42.3152
42.3152
42.3152
42.3152
42.3152
42.3152
42.3152
42.3152
42.3152
42.3152
42.3152
42.3152
42.3152
42.3152
42.3152
42.3152
42.3152
42.3152
42.3152
42.3152
42.3152
42.3152
42.3152
42.3152
42.3152
42.3152
42.3152
42.3152
42.3152
42.3152
42.3152
42.3152
42.3152
42.3152
42.3152
42.3152
42.3152
42.3152
42.3152
42.3152
42.3152
42.3152
