0.967477
0.948063
0.937636
0.932405
0.929885
0.928697
0.928143
0.927886
0.927768
0.927713
0.927688
0.927676
0.927671
0.927668
0.927667
0.927667
0.927667
0.927666
0.927666
0.927666
0.927666
0.927666
0.927666
0.927666
0.927666
0.927666
0.927666
0.927666
0.927666
0.927666
0.927666
0.927666
0.927666
0.927666
0.927666
0.927666
0.927666
0.927666
0.927666
0.927666
0.927666
0.927666
0.927666
0.927666
0.927666
0.927666
0.927666
0.927666
0.927666
0.927666
0.927666
0.927666
0.927666
0.927666
0.927666
0.927666
0.927666
0.927666
0.927666
0.927666
0.927666
0.927666
0.927666
0.927666
0.927666
0.927666
0.927666
0.927666
0.927666
0.927666
0.927666
0.927666
0.927666
0.927666
0.927666
0.927666
0.927666
0.927666
0.927666
0.927666
0.927666
0.927666
0.927666
0.927666
0.927666
0.927666
0.927666
0.927666
0.927666
0.927666
0.927666
0.927666
0.927666
0.927666
0.927666
0.927666
0.927666
0.927666
0.927666
0.927666
