0.0156885
0.0244372
0.0289098
 0.031084
0.0321129
0.0325932
0.0328159
0.0329188
0.0329663
0.0329882
0.0329983
 0.033003
0.0330051
0.0330061
0.0330066
0.0330068
0.0330069
0.0330069
0.0330069
0.0330069
0.0330069
 0.033007
 0.033007
 0.033007
 0.033007
 0.033007
 0.033007
 0.033007
 0.033007
 0.033007
 0.033007
 0.033007
 0.033007
 0.033007
 0.033007
 0.033007
 0.033007
 0.033007
 0.033007
 0.033007
 0.033007
 0.033007
 0.033007
 0.033007
 0.033007
 0.033007
 0.033007
 0.033007
 0.033007
 0.033007
 0.033007
 0.033007
 0.033007
 0.033007
 0.033007
 0.033007
 0.033007
 0.033007
 0.033007
 0.033007
 0.033007
 0.033007
 0.033007
 0.033007
 0.033007
 0.033007
 0.033007
 0.033007
 0.033007
 0.033007
 0.033007
 0.033007
 0.033007
 0.033007
 0.033007
 0.033007
 0.033007
 0.033007
 0.033007
 0.033007
 0.033007
 0.033007
 0.033007
 0.033007
 0.033007
 0.033007
 0.033007
 0.033007
 0.033007
 0.033007
 0.033007
 0.033007
 0.033007
 0.033007
 0.033007
 0.033007
 0.033007
 0.033007
 0.033007
 0.033007
