32.5993
58.4161
81.1156
95.7867
102.567
104.637
104.832
104.586
104.374
104.268
 104.23
104.223
104.224
104.227
104.228
104.229
104.229
104.229
104.229
104.229
104.229
104.229
104.229
104.229
104.229
104.229
104.229
104.229
104.229
104.229
104.229
104.229
104.229
104.229
104.229
104.229
104.229
104.229
104.229
104.229
104.229
104.229
104.229
104.229
104.229
104.229
104.229
104.229
104.229
104.229
104.229
104.229
104.229
104.229
104.229
104.229
104.229
104.229
104.229
104.229
104.229
104.229
104.229
104.229
104.229
104.229
104.229
104.229
104.229
104.229
104.229
104.229
104.229
104.229
104.229
104.229
104.229
104.229
104.229
104.229
104.229
104.229
104.229
104.229
104.229
104.229
104.229
104.229
104.229
104.229
104.229
104.229
104.229
104.229
104.229
104.229
104.229
104.229
104.229
104.229
