9.75868
9.45154
9.13666
 8.8867
8.73568
8.66689
8.64465
8.64136
8.64309
8.64494
8.64595
8.64634
8.64642
8.64642
 8.6464
8.64638
8.64638
8.64638
8.64638
8.64638
8.64638
8.64638
8.64638
8.64638
8.64638
8.64638
8.64638
8.64638
8.64638
8.64638
8.64638
8.64638
8.64638
8.64638
8.64638
8.64638
8.64638
8.64638
8.64638
8.64638
8.64638
8.64638
8.64638
8.64638
8.64638
8.64638
8.64638
8.64638
8.64638
8.64638
8.64638
8.64638
8.64638
8.64638
8.64638
8.64638
8.64638
8.64638
8.64638
8.64638
8.64638
8.64638
8.64638
8.64638
8.64638
8.64638
8.64638
8.64638
8.64638
8.64638
8.64638
8.64638
8.64638
8.64638
8.64638
8.64638
8.64638
8.64638
8.64638
8.64638
8.64638
8.64638
8.64638
8.64638
8.64638
8.64638
8.64638
8.64638
8.64638
8.64638
8.64638
8.64638
8.64638
8.64638
8.64638
8.64638
8.64638
8.64638
8.64638
8.64638
