0.951737
0.890309
0.827332
0.777341
0.747136
0.733378
 0.72893
0.728271
0.728618
0.728989
 0.72919
0.729267
0.729285
0.729284
 0.72928
0.729277
0.729276
0.729275
0.729275
0.729275
0.729275
0.729275
0.729275
0.729275
0.729275
0.729275
0.729275
0.729275
0.729275
0.729275
0.729275
0.729275
0.729275
0.729275
0.729275
0.729275
0.729275
0.729275
0.729275
0.729275
0.729275
0.729275
0.729275
0.729275
0.729275
0.729275
0.729275
0.729275
0.729275
0.729275
0.729275
0.729275
0.729275
0.729275
0.729275
0.729275
0.729275
0.729275
0.729275
0.729275
0.729275
0.729275
0.729275
0.729275
0.729275
0.729275
0.729275
0.729275
0.729275
0.729275
0.729275
0.729275
0.729275
0.729275
0.729275
0.729275
0.729275
0.729275
0.729275
0.729275
0.729275
0.729275
0.729275
0.729275
0.729275
0.729275
0.729275
0.729275
0.729275
0.729275
0.729275
0.729275
0.729275
0.729275
0.729275
0.729275
0.729275
0.729275
0.729275
0.729275
