0.0230713
0.0494591
 0.072706
0.0877778
0.0947786
0.0969395
 0.097159
0.0969141
0.0966983
0.0965886
0.0965496
0.0965417
0.0965433
0.0965458
0.0965474
 0.096548
0.0965482
0.0965482
0.0965482
0.0965482
0.0965482
0.0965481
0.0965481
0.0965481
0.0965481
0.0965481
0.0965481
0.0965481
0.0965481
0.0965481
0.0965481
0.0965481
0.0965481
0.0965481
0.0965481
0.0965481
0.0965481
0.0965481
0.0965481
0.0965481
0.0965481
0.0965481
0.0965481
0.0965481
0.0965481
0.0965481
0.0965481
0.0965481
0.0965481
0.0965481
0.0965481
0.0965481
0.0965481
0.0965481
0.0965481
0.0965481
0.0965481
0.0965481
0.0965481
0.0965481
0.0965481
0.0965481
0.0965481
0.0965481
0.0965481
0.0965481
0.0965481
0.0965481
0.0965481
0.0965481
0.0965481
0.0965481
0.0965481
0.0965481
0.0965481
0.0965481
0.0965481
0.0965481
0.0965481
0.0965481
0.0965481
0.0965481
0.0965481
0.0965481
0.0965481
0.0965481
0.0965481
0.0965481
0.0965481
0.0965481
0.0965481
0.0965481
0.0965481
0.0965481
0.0965481
0.0965481
0.0965481
0.0965481
0.0965481
0.0965481
