58.8426
197.652
187.202
64.9099
 21.118
9.64762
6.66582
6.49868
8.00416
11.4348
  17.87
28.8783
44.7425
  60.33
65.4727
57.4056
44.5372
34.1987
28.1019
25.5491
25.6831
 27.946
31.8707
36.7114
41.2129
43.9142
44.0082
41.9143
38.8585
36.0153
34.0615
33.2124
33.4001
34.3926
35.8445
37.3384
  38.47
 38.971
38.8009
38.1359
37.2652
 36.468
35.9344
35.7433
35.8749
36.2373
36.6989
37.1231
 37.404
37.4911
37.3964
37.1796
36.9224
36.7004
36.5644
36.5332
36.5949
36.7165
36.8555
36.9722
37.0402
37.0502
37.0105
 36.941
36.8654
36.8049
36.7723
 36.771
36.7953
36.8343
 36.875
36.9063
36.9219
36.9205
36.9057
36.8839
36.8621
 36.846
36.8388
36.8407
36.8495
36.8616
36.8732
36.8814
36.8847
36.8831
36.8779
36.8712
 36.865
36.8609
36.8595
36.8607
36.8637
36.8673
36.8706
36.8727
36.8732
36.8724
36.8707
36.8687
