9.46477
7.22697
3.61735
2.37333
2.80411
3.60932
4.41072
5.11841
5.70831
6.16597
6.46629
6.56219
6.39192
5.94242
5.35611
4.89375
4.70993
4.77352
4.97831
5.23037
5.46577
5.64299
5.73558
5.73172
5.63989
 5.4935
5.34325
5.23575
5.19405
5.21444
5.27657
 5.3552
5.42781
5.47812
5.49769
5.48646
5.45216
5.40775
5.36715
5.34078
5.33302
5.34218
5.36243
5.38634
5.40708
5.41996
5.42307
5.41735
5.40587
 5.3927
5.38166
5.37528
5.37436
 5.3781
5.38463
5.39171
 5.3974
5.40048
5.40063
5.39835
5.39467
5.39084
5.38788
5.38642
5.38654
5.38794
5.38999
5.39204
5.39355
5.39423
5.39406
5.39323
5.39209
  5.391
5.39023
5.38992
5.39007
5.39056
5.39119
5.39177
5.39216
5.39229
5.39218
 5.3919
5.39155
5.39124
5.39105
5.39099
5.39107
5.39123
5.39142
5.39158
5.39168
 5.3917
5.39165
5.39156
5.39145
5.39137
5.39132
5.39132
