   0.892955
   0.445394
   -0.27653
  -0.525334
  -0.439179
  -0.278136
  -0.117855
  0.0236814
   0.141661
   0.233195
   0.293259
   0.312438
   0.278385
   0.188485
  0.0712229
 -0.0212507
 -0.0580136
 -0.0452966
-0.00433783
  0.0460743
  0.0931535
   0.128598
   0.147116
   0.146344
   0.127978
  0.0987003
  0.0686494
  0.0471509
  0.0388103
  0.0428887
  0.0553136
  0.0710403
  0.0855621
  0.0956246
  0.0995374
  0.0972915
  0.0904322
  0.0815507
  0.0734291
  0.0681559
  0.0666047
  0.0684369
  0.0724864
  0.0772674
  0.0814166
  0.0839911
  0.0846136
  0.0834696
  0.0811735
  0.0785406
  0.0763326
  0.0750563
  0.0748723
  0.0756199
  0.0769251
  0.0783419
  0.0794808
   0.080097
  0.0801263
  0.0796691
  0.0789348
   0.078168
  0.0775765
  0.0772831
  0.0773089
  0.0775871
  0.0779974
  0.0784076
  0.0787106
   0.078847
  0.0788121
  0.0786469
  0.0784189
  0.0781997
  0.0780452
  0.0779838
  0.0780142
  0.0781112
   0.078237
  0.0783533
  0.0784313
  0.0784578
  0.0784354
  0.0783791
    0.07831
  0.0782486
  0.0782096
  0.0781989
  0.0782142
  0.0782465
  0.0782843
  0.0783165
  0.0783358
  0.0783395
  0.0783296
  0.0783112
  0.0782907
  0.0782739
  0.0782645
  0.0782636
