 0.0498766
  0.192349
  0.185439
 0.0631683
 0.0184989
0.00609929
0.00227787
0.00139422
0.00231905
0.00532209
 0.0115189
 0.0225416
  0.038738
  0.054937
 0.0607239
 0.0530423
 0.0402295
 0.0297224
 0.0233571
  0.020524
 0.0204216
 0.0225283
 0.0263991
 0.0312926
 0.0359324
 0.0388088
 0.0390555
  0.037049
 0.0340045
  0.031112
 0.0290757
 0.0281386
 0.0282548
 0.0292065
 0.0306534
 0.0321737
 0.0333513
 0.0339023
 0.0337714
 0.0331263
 0.0322548
 0.0314403
 0.0308808
 0.0306636
 0.0307755
 0.0311287
 0.0315917
  0.032026
 0.0323213
 0.0324227
 0.0323381
 0.0321256
 0.0318667
 0.0316387
 0.0314948
  0.031456
 0.0315126
 0.0316323
 0.0317726
 0.0318928
 0.0319651
 0.0319792
 0.0319421
 0.0318733
 0.0317968
 0.0317343
 0.0316993
 0.0316959
  0.031719
 0.0317577
 0.0317989
 0.0318314
 0.0318483
  0.031848
 0.0318338
 0.0318121
 0.0317899
 0.0317732
 0.0317653
 0.0317666
 0.0317751
 0.0317872
  0.031799
 0.0318076
 0.0318112
 0.0318099
 0.0318049
 0.0317982
 0.0317919
 0.0317875
 0.0317859
  0.031787
 0.0317899
 0.0317936
 0.0317969
 0.0317991
 0.0317998
  0.031799
 0.0317974
 0.0317953
