37.5957
80.6325
122.386
139.876
136.782
129.663
125.774
124.996
125.529
126.135
126.416
126.442
126.381
 126.33
126.311
126.312
126.318
126.323
126.324
126.323
126.323
126.322
126.322
126.322
126.322
126.323
126.323
126.323
126.322
126.322
126.322
126.322
126.322
126.322
126.322
126.322
126.322
126.322
126.322
126.322
126.322
126.322
126.322
126.322
126.322
126.322
126.322
126.322
126.322
126.322
126.322
126.322
126.322
126.322
126.322
126.322
126.322
126.322
126.322
126.322
126.322
126.322
126.322
126.322
126.322
126.322
126.322
126.322
126.322
126.322
126.322
126.322
126.322
126.322
126.322
126.322
126.322
126.322
126.322
126.322
126.322
126.322
126.322
126.322
126.322
126.322
126.322
126.322
126.322
126.322
126.322
126.322
126.322
126.322
126.322
126.322
126.322
126.322
126.322
126.322
