9.70369
9.16975
8.47594
 7.9235
7.70453
7.71324
7.77948
7.82275
7.83468
7.83086
7.82472
7.82142
7.82083
7.82135
7.82188
7.82212
7.82213
7.82208
7.82203
7.82202
7.82202
7.82202
7.82203
7.82203
7.82203
7.82203
7.82203
7.82203
7.82203
7.82203
7.82203
7.82203
7.82203
7.82203
7.82203
7.82203
7.82203
7.82203
7.82203
7.82203
7.82203
7.82203
7.82203
7.82203
7.82203
7.82203
7.82203
7.82203
7.82203
7.82203
7.82203
7.82203
7.82203
7.82203
7.82203
7.82203
7.82203
7.82203
7.82203
7.82203
7.82203
7.82203
7.82203
7.82203
7.82203
7.82203
7.82203
7.82203
7.82203
7.82203
7.82203
7.82203
7.82203
7.82203
7.82203
7.82203
7.82203
7.82203
7.82203
7.82203
7.82203
7.82203
7.82203
7.82203
7.82203
7.82203
7.82203
7.82203
7.82203
7.82203
7.82203
7.82203
7.82203
7.82203
7.82203
7.82203
7.82203
7.82203
7.82203
7.82203
