0.940739
0.833951
0.695188
  0.5847
0.540906
0.542647
0.555896
 0.56455
0.566935
0.566172
0.564944
0.564285
0.564166
0.564269
0.564377
0.564424
0.564426
0.564415
0.564406
0.564403
0.564403
0.564405
0.564405
0.564405
0.564405
0.564405
0.564405
0.564405
0.564405
0.564405
0.564405
0.564405
0.564405
0.564405
0.564405
0.564405
0.564405
0.564405
0.564405
0.564405
0.564405
0.564405
0.564405
0.564405
0.564405
0.564405
0.564405
0.564405
0.564405
0.564405
0.564405
0.564405
0.564405
0.564405
0.564405
0.564405
0.564405
0.564405
0.564405
0.564405
0.564405
0.564405
0.564405
0.564405
0.564405
0.564405
0.564405
0.564405
0.564405
0.564405
0.564405
0.564405
0.564405
0.564405
0.564405
0.564405
0.564405
0.564405
0.564405
0.564405
0.564405
0.564405
0.564405
0.564405
0.564405
0.564405
0.564405
0.564405
0.564405
0.564405
0.564405
0.564405
0.564405
0.564405
0.564405
0.564405
0.564405
0.564405
0.564405
0.564405
