0.0281738
0.0721846
 0.115061
 0.133286
 0.130381
 0.123181
 0.119186
 0.118357
 0.118883
 0.119499
 0.119789
 0.119819
 0.119758
 0.119706
 0.119686
 0.119687
 0.119693
 0.119697
 0.119699
 0.119698
 0.119698
 0.119697
 0.119697
 0.119697
 0.119697
 0.119697
 0.119697
 0.119697
 0.119697
 0.119697
 0.119697
 0.119697
 0.119697
 0.119697
 0.119697
 0.119697
 0.119697
 0.119697
 0.119697
 0.119697
 0.119697
 0.119697
 0.119697
 0.119697
 0.119697
 0.119697
 0.119697
 0.119697
 0.119697
 0.119697
 0.119697
 0.119697
 0.119697
 0.119697
 0.119697
 0.119697
 0.119697
 0.119697
 0.119697
 0.119697
 0.119697
 0.119697
 0.119697
 0.119697
 0.119697
 0.119697
 0.119697
 0.119697
 0.119697
 0.119697
 0.119697
 0.119697
 0.119697
 0.119697
 0.119697
 0.119697
 0.119697
 0.119697
 0.119697
 0.119697
 0.119697
 0.119697
 0.119697
 0.119697
 0.119697
 0.119697
 0.119697
 0.119697
 0.119697
 0.119697
 0.119697
 0.119697
 0.119697
 0.119697
 0.119697
 0.119697
 0.119697
 0.119697
 0.119697
 0.119697
