9.87068
9.82397
9.80833
9.80327
9.80166
9.80114
9.80098
9.80093
9.80091
9.80091
9.80091
9.80091
9.80091
9.80091
9.80091
9.80091
9.80091
9.80091
9.80091
9.80091
9.80091
9.80091
9.80091
9.80091
9.80091
9.80091
9.80091
9.80091
9.80091
9.80091
9.80091
9.80091
9.80091
9.80091
9.80091
9.80091
9.80091
9.80091
9.80091
9.80091
9.80091
9.80091
9.80091
9.80091
9.80091
9.80091
9.80091
9.80091
9.80091
9.80091
9.80091
9.80091
9.80091
9.80091
9.80091
9.80091
9.80091
9.80091
9.80091
9.80091
9.80091
9.80091
9.80091
9.80091
9.80091
9.80091
9.80091
9.80091
9.80091
9.80091
9.80091
9.80091
9.80091
9.80091
9.80091
9.80091
9.80091
9.80091
9.80091
9.80091
9.80091
9.80091
9.80091
9.80091
9.80091
9.80091
9.80091
9.80091
9.80091
9.80091
9.80091
9.80091
9.80091
9.80091
9.80091
9.80091
9.80091
9.80091
9.80091
9.80091
