22.2791
26.4687
27.8317
28.2675
28.4061
28.4501
 28.464
28.4684
28.4698
28.4703
28.4704
28.4705
28.4705
28.4705
28.4705
28.4705
28.4705
28.4705
28.4705
28.4705
28.4705
28.4705
28.4705
28.4705
28.4705
28.4705
28.4705
28.4705
28.4705
28.4705
28.4705
28.4705
28.4705
28.4705
28.4705
28.4705
28.4705
28.4705
28.4705
28.4705
28.4705
28.4705
28.4705
28.4705
28.4705
28.4705
28.4705
28.4705
28.4705
28.4705
28.4705
28.4705
28.4705
28.4705
28.4705
28.4705
28.4705
28.4705
28.4705
28.4705
28.4705
28.4705
28.4705
28.4705
28.4705
28.4705
28.4705
28.4705
28.4705
28.4705
28.4705
28.4705
28.4705
28.4705
28.4705
28.4705
28.4705
28.4705
28.4705
28.4705
28.4705
28.4705
28.4705
28.4705
28.4705
28.4705
28.4705
28.4705
28.4705
28.4705
28.4705
28.4705
28.4705
28.4705
28.4705
28.4705
28.4705
28.4705
28.4705
28.4705
