0.974135
0.964794
0.961667
0.960655
0.960332
0.960229
0.960196
0.960186
0.960183
0.960182
0.960181
0.960181
0.960181
0.960181
0.960181
0.960181
0.960181
0.960181
0.960181
0.960181
0.960181
0.960181
0.960181
0.960181
0.960181
0.960181
0.960181
0.960181
0.960181
0.960181
0.960181
0.960181
0.960181
0.960181
0.960181
0.960181
0.960181
0.960181
0.960181
0.960181
0.960181
0.960181
0.960181
0.960181
0.960181
0.960181
0.960181
0.960181
0.960181
0.960181
0.960181
0.960181
0.960181
0.960181
0.960181
0.960181
0.960181
0.960181
0.960181
0.960181
0.960181
0.960181
0.960181
0.960181
0.960181
0.960181
0.960181
0.960181
0.960181
0.960181
0.960181
0.960181
0.960181
0.960181
0.960181
0.960181
0.960181
0.960181
0.960181
0.960181
0.960181
0.960181
0.960181
0.960181
0.960181
0.960181
0.960181
0.960181
0.960181
0.960181
0.960181
0.960181
0.960181
0.960181
0.960181
0.960181
0.960181
0.960181
0.960181
0.960181
