0.0125338
0.0168128
0.0182054
0.0186508
0.0187924
0.0188373
0.0188515
0.0188561
0.0188575
0.0188579
0.0188581
0.0188581
0.0188582
0.0188582
0.0188582
0.0188582
0.0188582
0.0188582
0.0188582
0.0188582
0.0188582
0.0188582
0.0188582
0.0188582
0.0188582
0.0188582
0.0188582
0.0188582
0.0188582
0.0188582
0.0188582
0.0188582
0.0188582
0.0188582
0.0188582
0.0188582
0.0188582
0.0188582
0.0188582
0.0188582
0.0188582
0.0188582
0.0188582
0.0188582
0.0188582
0.0188582
0.0188582
0.0188582
0.0188582
0.0188582
0.0188582
0.0188582
0.0188582
0.0188582
0.0188582
0.0188582
0.0188582
0.0188582
0.0188582
0.0188582
0.0188582
0.0188582
0.0188582
0.0188582
0.0188582
0.0188582
0.0188582
0.0188582
0.0188582
0.0188582
0.0188582
0.0188582
0.0188582
0.0188582
0.0188582
0.0188582
0.0188582
0.0188582
0.0188582
0.0188582
0.0188582
0.0188582
0.0188582
0.0188582
0.0188582
0.0188582
0.0188582
0.0188582
0.0188582
0.0188582
0.0188582
0.0188582
0.0188582
0.0188582
0.0188582
0.0188582
0.0188582
0.0188582
0.0188582
0.0188582
