29.4465
46.5459
59.2471
67.3488
71.9187
74.2725
75.4105
75.9378
76.1754
76.2804
76.3263
76.3462
76.3547
76.3584
  76.36
76.3607
 76.361
76.3611
76.3611
76.3611
76.3612
76.3612
76.3612
76.3612
76.3612
76.3612
76.3612
76.3612
76.3612
76.3612
76.3612
76.3612
76.3612
76.3612
76.3612
76.3612
76.3612
76.3612
76.3612
76.3612
76.3612
76.3612
76.3612
76.3612
76.3612
76.3612
76.3612
76.3612
76.3612
76.3612
76.3612
76.3612
76.3612
76.3612
76.3612
76.3612
76.3612
76.3612
76.3612
76.3612
76.3612
76.3612
76.3612
76.3612
76.3612
76.3612
76.3612
76.3612
76.3612
76.3612
76.3612
76.3612
76.3612
76.3612
76.3612
76.3612
76.3612
76.3612
76.3612
76.3612
76.3612
76.3612
76.3612
76.3612
76.3612
76.3612
76.3612
76.3612
76.3612
76.3612
76.3612
76.3612
76.3612
76.3612
76.3612
76.3612
76.3612
76.3612
76.3612
76.3612
