9.79313
 9.5943
9.43155
 9.3172
9.24678
9.20776
9.18777
 9.1781
9.17361
9.17158
9.17068
9.17029
9.17012
9.17004
9.17001
   9.17
9.16999
9.16999
9.16999
9.16999
9.16999
9.16999
9.16999
9.16999
9.16999
9.16999
9.16999
9.16999
9.16999
9.16999
9.16999
9.16999
9.16999
9.16999
9.16999
9.16999
9.16999
9.16999
9.16999
9.16999
9.16999
9.16999
9.16999
9.16999
9.16999
9.16999
9.16999
9.16999
9.16999
9.16999
9.16999
9.16999
9.16999
9.16999
9.16999
9.16999
9.16999
9.16999
9.16999
9.16999
9.16999
9.16999
9.16999
9.16999
9.16999
9.16999
9.16999
9.16999
9.16999
9.16999
9.16999
9.16999
9.16999
9.16999
9.16999
9.16999
9.16999
9.16999
9.16999
9.16999
9.16999
9.16999
9.16999
9.16999
9.16999
9.16999
9.16999
9.16999
9.16999
9.16999
9.16999
9.16999
9.16999
9.16999
9.16999
9.16999
9.16999
9.16999
9.16999
9.16999
