0.958627
0.918859
 0.88631
 0.86344
0.849357
0.841551
0.837554
0.835621
0.834722
0.834316
0.834136
0.834058
0.834023
0.834009
0.834002
0.833999
0.833998
0.833998
0.833998
0.833998
0.833997
0.833997
0.833997
0.833997
0.833997
0.833997
0.833997
0.833997
0.833997
0.833997
0.833997
0.833997
0.833997
0.833997
0.833997
0.833997
0.833997
0.833997
0.833997
0.833997
0.833997
0.833997
0.833997
0.833997
0.833997
0.833997
0.833997
0.833997
0.833997
0.833997
0.833997
0.833997
0.833997
0.833997
0.833997
0.833997
0.833997
0.833997
0.833997
0.833997
0.833997
0.833997
0.833997
0.833997
0.833997
0.833997
0.833997
0.833997
0.833997
0.833997
0.833997
0.833997
0.833997
0.833997
0.833997
0.833997
0.833997
0.833997
0.833997
0.833997
0.833997
0.833997
0.833997
0.833997
0.833997
0.833997
0.833997
0.833997
0.833997
0.833997
0.833997
0.833997
0.833997
0.833997
0.833997
0.833997
0.833997
0.833997
0.833997
0.833997
