0.0198518
0.0373249
0.0503187
0.0586178
 0.063305
0.0657219
0.0668916
 0.067434
0.0676785
0.0677867
 0.067834
0.0678544
0.0678633
 0.067867
0.0678687
0.0678694
0.0678697
0.0678698
0.0678698
0.0678699
0.0678699
0.0678699
0.0678699
0.0678699
0.0678699
0.0678699
0.0678699
0.0678699
0.0678699
0.0678699
0.0678699
0.0678699
0.0678699
0.0678699
0.0678699
0.0678699
0.0678699
0.0678699
0.0678699
0.0678699
0.0678699
0.0678699
0.0678699
0.0678699
0.0678699
0.0678699
0.0678699
0.0678699
0.0678699
0.0678699
0.0678699
0.0678699
0.0678699
0.0678699
0.0678699
0.0678699
0.0678699
0.0678699
0.0678699
0.0678699
0.0678699
0.0678699
0.0678699
0.0678699
0.0678699
0.0678699
0.0678699
0.0678699
0.0678699
0.0678699
0.0678699
0.0678699
0.0678699
0.0678699
0.0678699
0.0678699
0.0678699
0.0678699
0.0678699
0.0678699
0.0678699
0.0678699
0.0678699
0.0678699
0.0678699
0.0678699
0.0678699
0.0678699
0.0678699
0.0678699
0.0678699
0.0678699
0.0678699
0.0678699
0.0678699
0.0678699
0.0678699
0.0678699
0.0678699
0.0678699
