9.88738
9.85817
9.85106
9.84937
9.84897
9.84888
9.84886
9.84885
9.84885
9.84885
9.84885
9.84885
9.84885
9.84885
9.84885
9.84885
9.84885
9.84885
9.84885
9.84885
9.84885
9.84885
9.84885
9.84885
9.84885
9.84885
9.84885
9.84885
9.84885
9.84885
9.84885
9.84885
9.84885
9.84885
9.84885
9.84885
9.84885
9.84885
9.84885
9.84885
9.84885
9.84885
9.84885
9.84885
9.84885
9.84885
9.84885
9.84885
9.84885
9.84885
9.84885
9.84885
9.84885
9.84885
9.84885
9.84885
9.84885
9.84885
9.84885
9.84885
9.84885
9.84885
9.84885
9.84885
9.84885
9.84885
9.84885
9.84885
9.84885
9.84885
9.84885
9.84885
9.84885
9.84885
9.84885
9.84885
9.84885
9.84885
9.84885
9.84885
9.84885
9.84885
9.84885
9.84885
9.84885
9.84885
9.84885
9.84885
9.84885
9.84885
9.84885
9.84885
9.84885
9.84885
9.84885
9.84885
9.84885
9.84885
9.84885
9.84885
