20.7207
 23.361
23.9897
 24.138
24.1729
24.1812
24.1831
24.1835
24.1837
24.1837
24.1837
24.1837
24.1837
24.1837
24.1837
24.1837
24.1837
24.1837
24.1837
24.1837
24.1837
24.1837
24.1837
24.1837
24.1837
24.1837
24.1837
24.1837
24.1837
24.1837
24.1837
24.1837
24.1837
24.1837
24.1837
24.1837
24.1837
24.1837
24.1837
24.1837
24.1837
24.1837
24.1837
24.1837
24.1837
24.1837
24.1837
24.1837
24.1837
24.1837
24.1837
24.1837
24.1837
24.1837
24.1837
24.1837
24.1837
24.1837
24.1837
24.1837
24.1837
24.1837
24.1837
24.1837
24.1837
24.1837
24.1837
24.1837
24.1837
24.1837
24.1837
24.1837
24.1837
24.1837
24.1837
24.1837
24.1837
24.1837
24.1837
24.1837
24.1837
24.1837
24.1837
24.1837
24.1837
24.1837
24.1837
24.1837
24.1837
24.1837
24.1837
24.1837
24.1837
24.1837
24.1837
24.1837
24.1837
24.1837
24.1837
24.1837
