0.977476
0.971634
0.970212
0.969875
0.969795
0.969776
0.969772
0.969771
 0.96977
 0.96977
 0.96977
 0.96977
 0.96977
 0.96977
 0.96977
 0.96977
 0.96977
 0.96977
 0.96977
 0.96977
 0.96977
 0.96977
 0.96977
 0.96977
 0.96977
 0.96977
 0.96977
 0.96977
 0.96977
 0.96977
 0.96977
 0.96977
 0.96977
 0.96977
 0.96977
 0.96977
 0.96977
 0.96977
 0.96977
 0.96977
 0.96977
 0.96977
 0.96977
 0.96977
 0.96977
 0.96977
 0.96977
 0.96977
 0.96977
 0.96977
 0.96977
 0.96977
 0.96977
 0.96977
 0.96977
 0.96977
 0.96977
 0.96977
 0.96977
 0.96977
 0.96977
 0.96977
 0.96977
 0.96977
 0.96977
 0.96977
 0.96977
 0.96977
 0.96977
 0.96977
 0.96977
 0.96977
 0.96977
 0.96977
 0.96977
 0.96977
 0.96977
 0.96977
 0.96977
 0.96977
 0.96977
 0.96977
 0.96977
 0.96977
 0.96977
 0.96977
 0.96977
 0.96977
 0.96977
 0.96977
 0.96977
 0.96977
 0.96977
 0.96977
 0.96977
 0.96977
 0.96977
 0.96977
 0.96977
 0.96977
