0.0109427
0.0136392
0.0142814
 0.014433
0.0144686
 0.014477
 0.014479
0.0144795
0.0144796
0.0144796
0.0144796
0.0144796
0.0144796
0.0144796
0.0144796
0.0144796
0.0144796
0.0144796
0.0144796
0.0144796
0.0144796
0.0144796
0.0144796
0.0144796
0.0144796
0.0144796
0.0144796
0.0144796
0.0144796
0.0144796
0.0144796
0.0144796
0.0144796
0.0144796
0.0144796
0.0144796
0.0144796
0.0144796
0.0144796
0.0144796
0.0144796
0.0144796
0.0144796
0.0144796
0.0144796
0.0144796
0.0144796
0.0144796
0.0144796
0.0144796
0.0144796
0.0144796
0.0144796
0.0144796
0.0144796
0.0144796
0.0144796
0.0144796
0.0144796
0.0144796
0.0144796
0.0144796
0.0144796
0.0144796
0.0144796
0.0144796
0.0144796
0.0144796
0.0144796
0.0144796
0.0144796
0.0144796
0.0144796
0.0144796
0.0144796
0.0144796
0.0144796
0.0144796
0.0144796
0.0144796
0.0144796
0.0144796
0.0144796
0.0144796
0.0144796
0.0144796
0.0144796
0.0144796
0.0144796
0.0144796
0.0144796
0.0144796
0.0144796
0.0144796
0.0144796
0.0144796
0.0144796
0.0144796
0.0144796
0.0144796
