35.6073
71.3305
105.433
123.966
127.251
124.593
121.993
120.826
120.629
120.772
120.921
120.993
121.007
120.999
 120.99
120.986
120.985
120.985
120.986
120.986
120.986
120.986
120.986
120.986
120.986
120.986
120.986
120.986
120.986
120.986
120.986
120.986
120.986
120.986
120.986
120.986
120.986
120.986
120.986
120.986
120.986
120.986
120.986
120.986
120.986
120.986
120.986
120.986
120.986
120.986
120.986
120.986
120.986
120.986
120.986
120.986
120.986
120.986
120.986
120.986
120.986
120.986
120.986
120.986
120.986
120.986
120.986
120.986
120.986
120.986
120.986
120.986
120.986
120.986
120.986
120.986
120.986
120.986
120.986
120.986
120.986
120.986
120.986
120.986
120.986
120.986
120.986
120.986
120.986
120.986
120.986
120.986
120.986
120.986
120.986
120.986
120.986
120.986
120.986
120.986
