9.72564
9.29014
8.76759
8.34178
8.12892
8.08236
8.10181
8.12645
8.13901
 8.1419
8.14088
8.13945
8.13868
8.13849
8.13854
8.13862
8.13867
8.13868
8.13868
8.13868
8.13867
8.13867
8.13867
8.13867
8.13867
8.13867
8.13867
8.13867
8.13867
8.13867
8.13867
8.13867
8.13867
8.13867
8.13867
8.13867
8.13867
8.13867
8.13867
8.13867
8.13867
8.13867
8.13867
8.13867
8.13867
8.13867
8.13867
8.13867
8.13867
8.13867
8.13867
8.13867
8.13867
8.13867
8.13867
8.13867
8.13867
8.13867
8.13867
8.13867
8.13867
8.13867
8.13867
8.13867
8.13867
8.13867
8.13867
8.13867
8.13867
8.13867
8.13867
8.13867
8.13867
8.13867
8.13867
8.13867
8.13867
8.13867
8.13867
8.13867
8.13867
8.13867
8.13867
8.13867
8.13867
8.13867
8.13867
8.13867
8.13867
8.13867
8.13867
8.13867
8.13867
8.13867
8.13867
8.13867
8.13867
8.13867
8.13867
8.13867
