0.945127
0.858029
0.753518
0.668357
0.625784
0.616471
0.620362
0.625291
0.627803
0.628379
0.628175
0.627889
0.627737
0.627698
0.627708
0.627725
0.627734
0.627737
0.627736
0.627735
0.627735
0.627734
0.627735
0.627735
0.627735
0.627735
0.627735
0.627735
0.627735
0.627735
0.627735
0.627735
0.627735
0.627735
0.627735
0.627735
0.627735
0.627735
0.627735
0.627735
0.627735
0.627735
0.627735
0.627735
0.627735
0.627735
0.627735
0.627735
0.627735
0.627735
0.627735
0.627735
0.627735
0.627735
0.627735
0.627735
0.627735
0.627735
0.627735
0.627735
0.627735
0.627735
0.627735
0.627735
0.627735
0.627735
0.627735
0.627735
0.627735
0.627735
0.627735
0.627735
0.627735
0.627735
0.627735
0.627735
0.627735
0.627735
0.627735
0.627735
0.627735
0.627735
0.627735
0.627735
0.627735
0.627735
0.627735
0.627735
0.627735
0.627735
0.627735
0.627735
0.627735
0.627735
0.627735
0.627735
0.627735
0.627735
0.627735
0.627735
