0.0261431
 0.062667
0.0976414
 0.116792
 0.120326
 0.117687
 0.115042
 0.113838
 0.113626
 0.113767
  0.11392
 0.113993
 0.114008
 0.114001
 0.113992
 0.113987
 0.113986
 0.113987
 0.113987
 0.113987
 0.113988
 0.113987
 0.113987
 0.113987
 0.113987
 0.113987
 0.113987
 0.113987
 0.113987
 0.113987
 0.113987
 0.113987
 0.113987
 0.113987
 0.113987
 0.113987
 0.113987
 0.113987
 0.113987
 0.113987
 0.113987
 0.113987
 0.113987
 0.113987
 0.113987
 0.113987
 0.113987
 0.113987
 0.113987
 0.113987
 0.113987
 0.113987
 0.113987
 0.113987
 0.113987
 0.113987
 0.113987
 0.113987
 0.113987
 0.113987
 0.113987
 0.113987
 0.113987
 0.113987
 0.113987
 0.113987
 0.113987
 0.113987
 0.113987
 0.113987
 0.113987
 0.113987
 0.113987
 0.113987
 0.113987
 0.113987
 0.113987
 0.113987
 0.113987
 0.113987
 0.113987
 0.113987
 0.113987
 0.113987
 0.113987
 0.113987
 0.113987
 0.113987
 0.113987
 0.113987
 0.113987
 0.113987
 0.113987
 0.113987
 0.113987
 0.113987
 0.113987
 0.113987
 0.113987
 0.113987
