34.5513
66.6303
96.6252
114.379
119.744
119.188
 117.59
116.597
116.249
116.222
 116.28
116.327
116.348
116.352
116.351
116.348
116.347
116.347
116.347
116.347
116.347
116.347
116.347
116.347
116.347
116.347
116.347
116.347
116.347
116.347
116.347
116.347
116.347
116.347
116.347
116.347
116.347
116.347
116.347
116.347
116.347
116.347
116.347
116.347
116.347
116.347
116.347
116.347
116.347
116.347
116.347
116.347
116.347
116.347
116.347
116.347
116.347
116.347
116.347
116.347
116.347
116.347
116.347
116.347
116.347
116.347
116.347
116.347
116.347
116.347
116.347
116.347
116.347
116.347
116.347
116.347
116.347
116.347
116.347
116.347
116.347
116.347
116.347
116.347
116.347
116.347
116.347
116.347
116.347
116.347
116.347
116.347
116.347
116.347
116.347
116.347
116.347
116.347
116.347
116.347
