9.73726
9.34964
8.90711
8.54659
8.35005
8.28743
8.28721
 8.3009
8.31058
8.31439
8.31494
8.31448
8.31404
8.31382
8.31377
8.31378
 8.3138
8.31381
8.31381
8.31381
8.31381
8.31381
8.31381
8.31381
8.31381
8.31381
8.31381
8.31381
8.31381
8.31381
8.31381
8.31381
8.31381
8.31381
8.31381
8.31381
8.31381
8.31381
8.31381
8.31381
8.31381
8.31381
8.31381
8.31381
8.31381
8.31381
8.31381
8.31381
8.31381
8.31381
8.31381
8.31381
8.31381
8.31381
8.31381
8.31381
8.31381
8.31381
8.31381
8.31381
8.31381
8.31381
8.31381
8.31381
8.31381
8.31381
8.31381
8.31381
8.31381
8.31381
8.31381
8.31381
8.31381
8.31381
8.31381
8.31381
8.31381
8.31381
8.31381
8.31381
8.31381
8.31381
8.31381
8.31381
8.31381
8.31381
8.31381
8.31381
8.31381
8.31381
8.31381
8.31381
8.31381
8.31381
8.31381
8.31381
8.31381
8.31381
8.31381
8.31381
