0.947452
0.869928
0.781422
0.709317
0.670009
0.657486
0.657443
 0.66018
0.662116
0.662878
0.662988
0.662897
0.662807
0.662764
0.662753
0.662755
0.662759
0.662761
0.662762
0.662762
0.662762
0.662762
0.662762
0.662762
0.662762
0.662762
0.662762
0.662762
0.662762
0.662762
0.662762
0.662762
0.662762
0.662762
0.662762
0.662762
0.662762
0.662762
0.662762
0.662762
0.662762
0.662762
0.662762
0.662762
0.662762
0.662762
0.662762
0.662762
0.662762
0.662762
0.662762
0.662762
0.662762
0.662762
0.662762
0.662762
0.662762
0.662762
0.662762
0.662762
0.662762
0.662762
0.662762
0.662762
0.662762
0.662762
0.662762
0.662762
0.662762
0.662762
0.662762
0.662762
0.662762
0.662762
0.662762
0.662762
0.662762
0.662762
0.662762
0.662762
0.662762
0.662762
0.662762
0.662762
0.662762
0.662762
0.662762
0.662762
0.662762
0.662762
0.662762
0.662762
0.662762
0.662762
0.662762
0.662762
0.662762
0.662762
0.662762
0.662762
