0.0250646
0.0578593
0.0886041
 0.106901
 0.112519
 0.112021
 0.110406
  0.10939
 0.109029
 0.108997
 0.109056
 0.109104
 0.109125
  0.10913
 0.109128
 0.109126
 0.109125
 0.109124
 0.109124
 0.109125
 0.109125
 0.109125
 0.109125
 0.109125
 0.109125
 0.109125
 0.109125
 0.109125
 0.109125
 0.109125
 0.109125
 0.109125
 0.109125
 0.109125
 0.109125
 0.109125
 0.109125
 0.109125
 0.109125
 0.109125
 0.109125
 0.109125
 0.109125
 0.109125
 0.109125
 0.109125
 0.109125
 0.109125
 0.109125
 0.109125
 0.109125
 0.109125
 0.109125
 0.109125
 0.109125
 0.109125
 0.109125
 0.109125
 0.109125
 0.109125
 0.109125
 0.109125
 0.109125
 0.109125
 0.109125
 0.109125
 0.109125
 0.109125
 0.109125
 0.109125
 0.109125
 0.109125
 0.109125
 0.109125
 0.109125
 0.109125
 0.109125
 0.109125
 0.109125
 0.109125
 0.109125
 0.109125
 0.109125
 0.109125
 0.109125
 0.109125
 0.109125
 0.109125
 0.109125
 0.109125
 0.109125
 0.109125
 0.109125
 0.109125
 0.109125
 0.109125
 0.109125
 0.109125
 0.109125
 0.109125
