56.0114
182.025
196.524
86.5547
37.1741
22.8822
20.6391
24.6907
34.8079
 51.456
70.6141
81.2026
76.6583
64.3212
53.6223
47.8551
46.7276
49.1009
53.5538
58.2537
   61.3
61.7005
59.9434
57.4017
55.3193
 54.319
54.4401
55.3419
56.5046
57.4286
57.8144
57.6483
57.1428
56.5861
56.2037
56.0909
56.2174
56.4729
56.7276
 56.885
56.9106
56.8293
56.7007
56.5863
56.5256
56.5273
 56.574
56.6363
56.6865
56.7086
56.7017
56.6762
56.6467
56.6253
56.6182
56.6241
56.6374
56.6511
56.6598
56.6617
56.6577
 56.651
56.6448
56.6414
56.6412
56.6436
56.6469
56.6496
56.6509
56.6506
56.6493
56.6477
56.6466
56.6461
56.6464
56.6471
56.6478
56.6483
56.6484
56.6482
56.6479
56.6476
56.6474
56.6473
56.6475
56.6476
56.6478
56.6479
56.6479
56.6478
56.6477
56.6476
56.6476
56.6476
56.6477
56.6477
56.6477
56.6477
56.6477
56.6477
