9.49707
7.55096
4.39576
 3.2758
3.82706
4.74432
5.57626
6.19673
6.54934
6.58206
6.27909
5.76881
5.32949
5.15911
5.23934
 5.4454
5.66179
5.81446
5.86889
5.82722
5.72509
5.61665
5.54748
5.53445
5.56636
5.61813
5.66508
5.69128
 5.6924
5.67436
5.64888
 5.6277
5.61782
5.61999
 5.6301
 5.6422
5.65119
5.65452
5.65242
 5.6471
5.64144
5.63768
5.63674
5.63823
5.64094
5.64351
5.64501
5.64516
5.64425
5.64292
5.64177
 5.6412
5.64127
5.64178
5.64242
5.64292
5.64312
5.64303
5.64275
5.64245
5.64224
5.64218
5.64225
5.64239
5.64253
5.64262
5.64263
5.64258
5.64251
5.64245
5.64242
5.64242
5.64245
5.64248
5.64251
5.64252
5.64251
 5.6425
5.64248
5.64247
5.64247
5.64247
5.64248
5.64249
5.64249
5.64249
5.64249
5.64249
5.64248
5.64248
5.64248
5.64248
5.64248
5.64249
5.64249
5.64249
5.64249
5.64249
5.64248
5.64248
