 0.899414
 0.510191
-0.120847
-0.344841
-0.234588
-0.051136
 0.115253
 0.239346
 0.309868
 0.316413
 0.255818
 0.153762
 0.065898
0.0318212
0.0478679
0.0890802
 0.132357
 0.162892
 0.173779
 0.165443
 0.145018
 0.123331
 0.109496
 0.106891
 0.113272
 0.123626
 0.133016
 0.138257
 0.138481
 0.134872
 0.129777
  0.12554
 0.123565
 0.123998
 0.126021
  0.12844
 0.130238
 0.130904
 0.130483
  0.12942
 0.128288
 0.127536
 0.127349
 0.127647
 0.128188
 0.128702
 0.129003
 0.129032
 0.128851
 0.128583
 0.128354
  0.12824
 0.128254
 0.128356
 0.128485
 0.128584
 0.128624
 0.128605
  0.12855
  0.12849
 0.128448
 0.128436
  0.12845
 0.128478
 0.128506
 0.128523
 0.128526
 0.128517
 0.128503
  0.12849
 0.128484
 0.128484
 0.128489
 0.128496
 0.128501
 0.128504
 0.128503
   0.1285
 0.128497
 0.128495
 0.128494
 0.128494
 0.128496
 0.128497
 0.128498
 0.128499
 0.128498
 0.128497
 0.128497
 0.128496
 0.128496
 0.128497
 0.128497
 0.128497
 0.128497
 0.128497
 0.128497
 0.128497
 0.128497
 0.128497
