0.0469842
 0.176236
 0.194069
0.0841201
0.0336839
0.0183211
0.0152149
0.0186808
 0.028544
0.0453272
0.0649848
0.0761958
0.0720493
0.0597597
0.0488717
0.0428381
0.0414806
0.0437237
0.0481666
 0.052956
0.0561363
0.0566504
0.0549454
0.0523912
0.0502555
0.0491928
0.0492677
0.0501521
0.0513255
 0.052277
0.0526925
0.0525461
0.0520454
 0.051481
0.0510844
0.0509583
0.0510769
0.0513317
0.0515911
0.0517555
 0.051787
0.0517087
0.0515797
0.0514627
0.0513987
0.0513977
0.0514435
0.0515062
0.0515578
0.0515815
0.0515757
0.0515505
0.0515206
0.0514985
0.0514906
0.0514961
0.0515093
0.0515233
0.0515324
0.0515346
0.0515308
0.0515241
0.0515178
0.0515141
0.0515138
0.0515161
0.0515194
0.0515222
0.0515236
0.0515234
0.0515221
0.0515205
0.0515193
0.0515188
0.0515191
0.0515198
0.0515205
 0.051521
0.0515212
 0.051521
0.0515206
0.0515203
0.0515201
0.0515201
0.0515202
0.0515203
0.0515205
0.0515206
0.0515206
0.0515205
0.0515204
0.0515204
0.0515203
0.0515203
0.0515204
0.0515204
0.0515204
0.0515205
0.0515204
0.0515204
