7.87288
7.79942
7.76043
7.74086
7.73137
7.72685
7.72473
7.72373
7.72327
7.72305
7.72295
 7.7229
7.72288
7.72287
7.72286
7.72286
7.72286
7.72286
7.72286
7.72286
7.72286
7.72286
7.72286
7.72286
7.72286
7.72286
7.72286
7.72286
7.72286
7.72286
7.72286
7.72286
7.72286
7.72286
7.72286
7.72286
7.72286
7.72286
7.72286
7.72286
7.72286
7.72286
7.72286
7.72286
7.72286
7.72286
7.72286
7.72286
7.72286
7.72286
7.72286
7.72286
7.72286
7.72286
7.72286
7.72286
7.72286
7.72286
7.72286
7.72286
7.72286
7.72286
7.72286
7.72286
7.72286
7.72286
7.72286
7.72286
7.72286
7.72286
7.72286
7.72286
7.72286
7.72286
7.72286
7.72286
7.72286
7.72286
7.72286
7.72286
7.72286
7.72286
7.72286
7.72286
7.72286
7.72286
7.72286
7.72286
7.72286
7.72286
7.72286
7.72286
7.72286
7.72286
7.72286
7.72286
7.72286
7.72286
7.72286
7.72286
