17.5641
22.7202
25.3208
26.5833
27.1837
27.4662
27.5984
27.6601
27.6889
27.7024
27.7086
27.7115
27.7129
27.7135
27.7138
27.7139
 27.714
 27.714
 27.714
 27.714
 27.714
27.7141
27.7141
27.7141
27.7141
27.7141
27.7141
27.7141
27.7141
27.7141
27.7141
27.7141
27.7141
27.7141
27.7141
27.7141
27.7141
27.7141
27.7141
27.7141
27.7141
27.7141
27.7141
27.7141
27.7141
27.7141
27.7141
27.7141
27.7141
27.7141
27.7141
27.7141
27.7141
27.7141
27.7141
27.7141
27.7141
27.7141
27.7141
27.7141
27.7141
27.7141
27.7141
27.7141
27.7141
27.7141
27.7141
27.7141
27.7141
27.7141
27.7141
27.7141
27.7141
27.7141
27.7141
27.7141
27.7141
27.7141
27.7141
27.7141
27.7141
27.7141
27.7141
27.7141
27.7141
27.7141
27.7141
27.7141
27.7141
27.7141
27.7141
27.7141
27.7141
27.7141
27.7141
27.7141
27.7141
27.7141
27.7141
27.7141
