 0.96822
0.949854
0.940107
0.935216
0.932843
0.931714
0.931182
0.930933
0.930816
0.930762
0.930737
0.930725
 0.93072
0.930717
0.930716
0.930715
0.930715
0.930715
0.930715
0.930715
0.930715
0.930715
0.930715
0.930715
0.930715
0.930715
0.930715
0.930715
0.930715
0.930715
0.930715
0.930715
0.930715
0.930715
0.930715
0.930715
0.930715
0.930715
0.930715
0.930715
0.930715
0.930715
0.930715
0.930715
0.930715
0.930715
0.930715
0.930715
0.930715
0.930715
0.930715
0.930715
0.930715
0.930715
0.930715
0.930715
0.930715
0.930715
0.930715
0.930715
0.930715
0.930715
0.930715
0.930715
0.930715
0.930715
0.930715
0.930715
0.930715
0.930715
0.930715
0.930715
0.930715
0.930715
0.930715
0.930715
0.930715
0.930715
0.930715
0.930715
0.930715
0.930715
0.930715
0.930715
0.930715
0.930715
0.930715
0.930715
0.930715
0.930715
0.930715
0.930715
0.930715
0.930715
0.930715
0.930715
0.930715
0.930715
0.930715
0.930715
