0.0153342
0.0236089
0.0277854
0.0298139
0.0307789
0.0312331
0.0314457
 0.031545
0.0315913
0.0316128
0.0316229
0.0316276
0.0316297
0.0316307
0.0316312
0.0316314
0.0316315
0.0316316
0.0316316
0.0316316
0.0316316
0.0316316
0.0316316
0.0316316
0.0316316
0.0316316
0.0316316
0.0316316
0.0316316
0.0316316
0.0316316
0.0316316
0.0316316
0.0316316
0.0316316
0.0316316
0.0316316
0.0316316
0.0316316
0.0316316
0.0316316
0.0316316
0.0316316
0.0316316
0.0316316
0.0316316
0.0316316
0.0316316
0.0316316
0.0316316
0.0316316
0.0316316
0.0316316
0.0316316
0.0316316
0.0316316
0.0316316
0.0316316
0.0316316
0.0316316
0.0316316
0.0316316
0.0316316
0.0316316
0.0316316
0.0316316
0.0316316
0.0316316
0.0316316
0.0316316
0.0316316
0.0316316
0.0316316
0.0316316
0.0316316
0.0316316
0.0316316
0.0316316
0.0316316
0.0316316
0.0316316
0.0316316
0.0316316
0.0316316
0.0316316
0.0316316
0.0316316
0.0316316
0.0316316
0.0316316
0.0316316
0.0316316
0.0316316
0.0316316
0.0316316
0.0316316
0.0316316
0.0316316
0.0316316
0.0316316
