9.84465
9.76042
9.71903
9.69986
9.69125
9.68746
9.68579
9.68507
9.68475
9.68461
9.68455
9.68453
9.68451
9.68451
9.68451
9.68451
9.68451
9.68451
9.68451
9.68451
9.68451
9.68451
9.68451
9.68451
9.68451
9.68451
9.68451
9.68451
9.68451
9.68451
9.68451
9.68451
9.68451
9.68451
9.68451
9.68451
9.68451
9.68451
9.68451
9.68451
9.68451
9.68451
9.68451
9.68451
9.68451
9.68451
9.68451
9.68451
9.68451
9.68451
9.68451
9.68451
9.68451
9.68451
9.68451
9.68451
9.68451
9.68451
9.68451
9.68451
9.68451
9.68451
9.68451
9.68451
9.68451
9.68451
9.68451
9.68451
9.68451
9.68451
9.68451
9.68451
9.68451
9.68451
9.68451
9.68451
9.68451
9.68451
9.68451
9.68451
9.68451
9.68451
9.68451
9.68451
9.68451
9.68451
9.68451
9.68451
9.68451
9.68451
9.68451
9.68451
9.68451
9.68451
9.68451
9.68451
9.68451
9.68451
9.68451
9.68451
