24.6961
32.1556
35.6622
37.2451
37.9456
38.2527
38.3868
38.4452
38.4706
38.4817
38.4865
38.4886
38.4895
38.4899
38.4901
38.4902
38.4902
38.4902
38.4902
38.4902
38.4903
38.4903
38.4903
38.4903
38.4903
38.4903
38.4903
38.4903
38.4903
38.4903
38.4903
38.4903
38.4903
38.4903
38.4903
38.4903
38.4903
38.4903
38.4903
38.4903
38.4903
38.4903
38.4903
38.4903
38.4903
38.4903
38.4903
38.4903
38.4903
38.4903
38.4903
38.4903
38.4903
38.4903
38.4903
38.4903
38.4903
38.4903
38.4903
38.4903
38.4903
38.4903
38.4903
38.4903
38.4903
38.4903
38.4903
38.4903
38.4903
38.4903
38.4903
38.4903
38.4903
38.4903
38.4903
38.4903
38.4903
38.4903
38.4903
38.4903
38.4903
38.4903
38.4903
38.4903
38.4903
38.4903
38.4903
38.4903
38.4903
38.4903
38.4903
38.4903
38.4903
38.4903
38.4903
38.4903
38.4903
38.4903
38.4903
38.4903
