0.968931
0.952085
0.943807
0.939972
0.938251
0.937491
0.937158
0.937013
 0.93695
0.936922
 0.93691
0.936905
0.936903
0.936902
0.936902
0.936901
0.936901
0.936901
0.936901
0.936901
0.936901
0.936901
0.936901
0.936901
0.936901
0.936901
0.936901
0.936901
0.936901
0.936901
0.936901
0.936901
0.936901
0.936901
0.936901
0.936901
0.936901
0.936901
0.936901
0.936901
0.936901
0.936901
0.936901
0.936901
0.936901
0.936901
0.936901
0.936901
0.936901
0.936901
0.936901
0.936901
0.936901
0.936901
0.936901
0.936901
0.936901
0.936901
0.936901
0.936901
0.936901
0.936901
0.936901
0.936901
0.936901
0.936901
0.936901
0.936901
0.936901
0.936901
0.936901
0.936901
0.936901
0.936901
0.936901
0.936901
0.936901
0.936901
0.936901
0.936901
0.936901
0.936901
0.936901
0.936901
0.936901
0.936901
0.936901
0.936901
0.936901
0.936901
0.936901
0.936901
0.936901
0.936901
0.936901
0.936901
0.936901
0.936901
0.936901
0.936901
