0.0150015
0.0226214
0.0262052
0.0278235
0.0285397
0.0288538
0.0289909
0.0290506
0.0290767
 0.029088
0.0290929
0.0290951
 0.029096
0.0290964
0.0290966
0.0290967
0.0290967
0.0290967
0.0290967
0.0290967
0.0290967
0.0290967
0.0290967
0.0290967
0.0290967
0.0290967
0.0290967
0.0290967
0.0290967
0.0290967
0.0290967
0.0290967
0.0290967
0.0290967
0.0290967
0.0290967
0.0290967
0.0290967
0.0290967
0.0290967
0.0290967
0.0290967
0.0290967
0.0290967
0.0290967
0.0290967
0.0290967
0.0290967
0.0290967
0.0290967
0.0290967
0.0290967
0.0290967
0.0290967
0.0290967
0.0290967
0.0290967
0.0290967
0.0290967
0.0290967
0.0290967
0.0290967
0.0290967
0.0290967
0.0290967
0.0290967
0.0290967
0.0290967
0.0290967
0.0290967
0.0290967
0.0290967
0.0290967
0.0290967
0.0290967
0.0290967
0.0290967
0.0290967
0.0290967
0.0290967
0.0290967
0.0290967
0.0290967
0.0290967
0.0290967
0.0290967
0.0290967
0.0290967
0.0290967
0.0290967
0.0290967
0.0290967
0.0290967
0.0290967
0.0290967
0.0290967
0.0290967
0.0290967
0.0290967
0.0290967
