24.6341
18.2517
  20.69
19.7704
20.0263
19.9812
19.9773
19.9853
19.9808
19.9826
 19.982
19.9822
19.9822
19.9821
19.9822
19.9822
19.9822
19.9822
19.9822
19.9822
19.9822
19.9822
19.9822
19.9822
19.9822
19.9822
19.9822
19.9822
19.9822
19.9822
19.9822
19.9822
19.9822
19.9822
19.9822
19.9822
19.9822
19.9822
19.9822
19.9822
19.9822
19.9822
19.9822
19.9822
19.9822
19.9822
19.9822
19.9822
19.9822
19.9822
19.9822
19.9822
19.9822
19.9822
19.9822
19.9822
19.9822
19.9822
19.9822
19.9822
19.9822
19.9822
19.9822
19.9822
19.9822
19.9822
19.9822
19.9822
19.9822
19.9822
19.9822
19.9822
19.9822
19.9822
19.9822
19.9822
19.9822
19.9822
19.9822
19.9822
19.9822
19.9822
19.9822
19.9822
19.9822
19.9822
19.9822
19.9822
19.9822
19.9822
19.9822
19.9822
19.9822
19.9822
19.9822
19.9822
19.9822
19.9822
19.9822
19.9822
