1264.22
959.186
958.475
1030.03
989.486
   1006
 1000.7
1001.94
1001.83
1001.74
1001.81
1001.78
1001.79
1001.78
1001.78
1001.78
1001.78
1001.78
1001.78
1001.78
1001.78
1001.78
1001.78
1001.78
1001.78
1001.78
1001.78
1001.78
1001.78
1001.78
1001.78
1001.78
1001.78
1001.78
1001.78
1001.78
1001.78
1001.78
1001.78
1001.78
1001.78
1001.78
1001.78
1001.78
1001.78
1001.78
1001.78
1001.78
1001.78
1001.78
1001.78
1001.78
1001.78
1001.78
1001.78
1001.78
1001.78
1001.78
1001.78
1001.78
1001.78
1001.78
1001.78
1001.78
1001.78
1001.78
1001.78
1001.78
1001.78
1001.78
1001.78
1001.78
1001.78
1001.78
1001.78
1001.78
1001.78
1001.78
1001.78
1001.78
1001.78
1001.78
1001.78
1001.78
1001.78
1001.78
1001.78
1001.78
1001.78
1001.78
1001.78
1001.78
1001.78
1001.78
1001.78
1001.78
1001.78
1001.78
1001.78
1001.78
