0.642275
0.216782
0.379331
 0.31803
0.335086
 0.33208
0.331818
0.332356
0.332052
0.332174
0.332136
0.332145
0.332144
0.332143
0.332144
0.332143
0.332144
0.332144
0.332144
0.332144
0.332144
0.332144
0.332144
0.332144
0.332144
0.332144
0.332144
0.332144
0.332144
0.332144
0.332144
0.332144
0.332144
0.332144
0.332144
0.332144
0.332144
0.332144
0.332144
0.332144
0.332144
0.332144
0.332144
0.332144
0.332144
0.332144
0.332144
0.332144
0.332144
0.332144
0.332144
0.332144
0.332144
0.332144
0.332144
0.332144
0.332144
0.332144
0.332144
0.332144
0.332144
0.332144
0.332144
0.332144
0.332144
0.332144
0.332144
0.332144
0.332144
0.332144
0.332144
0.332144
0.332144
0.332144
0.332144
0.332144
0.332144
0.332144
0.332144
0.332144
0.332144
0.332144
0.332144
0.332144
0.332144
0.332144
0.332144
0.332144
0.332144
0.332144
0.332144
0.332144
0.332144
0.332144
0.332144
0.332144
0.332144
0.332144
0.332144
0.332144
