0.138193
0.104898
0.104547
0.112627
0.108078
0.109924
0.109333
0.109471
0.109459
0.109449
0.109457
0.109453
0.109454
0.109454
0.109454
0.109454
0.109454
0.109454
0.109454
0.109454
0.109454
0.109454
0.109454
0.109454
0.109454
0.109454
0.109454
0.109454
0.109454
0.109454
0.109454
0.109454
0.109454
0.109454
0.109454
0.109454
0.109454
0.109454
0.109454
0.109454
0.109454
0.109454
0.109454
0.109454
0.109454
0.109454
0.109454
0.109454
0.109454
0.109454
0.109454
0.109454
0.109454
0.109454
0.109454
0.109454
0.109454
0.109454
0.109454
0.109454
0.109454
0.109454
0.109454
0.109454
0.109454
0.109454
0.109454
0.109454
0.109454
0.109454
0.109454
0.109454
0.109454
0.109454
0.109454
0.109454
0.109454
0.109454
0.109454
0.109454
0.109454
0.109454
0.109454
0.109454
0.109454
0.109454
0.109454
0.109454
0.109454
0.109454
0.109454
0.109454
0.109454
0.109454
0.109454
0.109454
0.109454
0.109454
0.109454
0.109454
