22.6935
27.3674
29.0013
29.5611
29.7515
29.8161
 29.838
29.8454
29.8479
29.8488
29.8491
29.8492
29.8492
29.8492
29.8492
29.8492
29.8492
29.8492
29.8492
29.8492
29.8492
29.8492
29.8492
29.8492
29.8492
29.8492
29.8492
29.8492
29.8492
29.8492
29.8492
29.8492
29.8492
29.8492
29.8492
29.8492
29.8492
29.8492
29.8492
29.8492
29.8492
29.8492
29.8492
29.8492
29.8492
29.8492
29.8492
29.8492
29.8492
29.8492
29.8492
29.8492
29.8492
29.8492
29.8492
29.8492
29.8492
29.8492
29.8492
29.8492
29.8492
29.8492
29.8492
29.8492
29.8492
29.8492
29.8492
29.8492
29.8492
29.8492
29.8492
29.8492
29.8492
29.8492
29.8492
29.8492
29.8492
29.8492
29.8492
29.8492
29.8492
29.8492
29.8492
29.8492
29.8492
29.8492
29.8492
29.8492
29.8492
29.8492
29.8492
29.8492
29.8492
29.8492
29.8492
29.8492
29.8492
29.8492
29.8492
29.8492
