9.86622
9.81401
9.79518
9.78864
9.78641
9.78565
9.78539
 9.7853
9.78527
9.78526
9.78526
9.78526
9.78526
9.78526
9.78526
9.78526
9.78526
9.78526
9.78526
9.78526
9.78526
9.78526
9.78526
9.78526
9.78526
9.78526
9.78526
9.78526
9.78526
9.78526
9.78526
9.78526
9.78526
9.78526
9.78526
9.78526
9.78526
9.78526
9.78526
9.78526
9.78526
9.78526
9.78526
9.78526
9.78526
9.78526
9.78526
9.78526
9.78526
9.78526
9.78526
9.78526
9.78526
9.78526
9.78526
9.78526
9.78526
9.78526
9.78526
9.78526
9.78526
9.78526
9.78526
9.78526
9.78526
9.78526
9.78526
9.78526
9.78526
9.78526
9.78526
9.78526
9.78526
9.78526
9.78526
9.78526
9.78526
9.78526
9.78526
9.78526
9.78526
9.78526
9.78526
9.78526
9.78526
9.78526
9.78526
9.78526
9.78526
9.78526
9.78526
9.78526
9.78526
9.78526
9.78526
9.78526
9.78526
9.78526
9.78526
9.78526
