0.973245
0.962802
0.959037
0.957729
0.957282
0.957129
0.957078
 0.95706
0.957055
0.957053
0.957052
0.957052
0.957052
0.957052
0.957051
0.957051
0.957051
0.957051
0.957051
0.957051
0.957051
0.957051
0.957051
0.957051
0.957051
0.957051
0.957051
0.957051
0.957051
0.957051
0.957051
0.957051
0.957051
0.957051
0.957051
0.957051
0.957051
0.957051
0.957051
0.957051
0.957051
0.957051
0.957051
0.957051
0.957051
0.957051
0.957051
0.957051
0.957051
0.957051
0.957051
0.957051
0.957051
0.957051
0.957051
0.957051
0.957051
0.957051
0.957051
0.957051
0.957051
0.957051
0.957051
0.957051
0.957051
0.957051
0.957051
0.957051
0.957051
0.957051
0.957051
0.957051
0.957051
0.957051
0.957051
0.957051
0.957051
0.957051
0.957051
0.957051
0.957051
0.957051
0.957051
0.957051
0.957051
0.957051
0.957051
0.957051
0.957051
0.957051
0.957051
0.957051
0.957051
0.957051
0.957051
0.957051
0.957051
0.957051
0.957051
0.957051
