0.0129569
0.0177307
0.0194001
0.0199722
0.0201668
0.0202328
0.0202552
0.0202627
0.0202653
0.0202662
0.0202665
0.0202666
0.0202666
0.0202666
0.0202666
0.0202666
0.0202666
0.0202666
0.0202666
0.0202666
0.0202666
0.0202666
0.0202666
0.0202666
0.0202666
0.0202666
0.0202666
0.0202666
0.0202666
0.0202666
0.0202666
0.0202666
0.0202666
0.0202666
0.0202666
0.0202666
0.0202666
0.0202666
0.0202666
0.0202666
0.0202666
0.0202666
0.0202666
0.0202666
0.0202666
0.0202666
0.0202666
0.0202666
0.0202666
0.0202666
0.0202666
0.0202666
0.0202666
0.0202666
0.0202666
0.0202666
0.0202666
0.0202666
0.0202666
0.0202666
0.0202666
0.0202666
0.0202666
0.0202666
0.0202666
0.0202666
0.0202666
0.0202666
0.0202666
0.0202666
0.0202666
0.0202666
0.0202666
0.0202666
0.0202666
0.0202666
0.0202666
0.0202666
0.0202666
0.0202666
0.0202666
0.0202666
0.0202666
0.0202666
0.0202666
0.0202666
0.0202666
0.0202666
0.0202666
0.0202666
0.0202666
0.0202666
0.0202666
0.0202666
0.0202666
0.0202666
0.0202666
0.0202666
0.0202666
0.0202666
