0.990874
0.989438
0.989214
 0.98918
0.989174
0.989174
0.989173
0.989173
0.989173
0.989173
0.989173
0.989173
0.989173
0.989173
0.989173
0.989173
0.989173
0.989173
0.989173
0.989173
0.989173
0.989173
0.989173
0.989173
0.989173
0.989173
0.989173
0.989173
0.989173
0.989173
0.989173
0.989173
0.989173
0.989173
0.989173
0.989173
0.989173
0.989173
0.989173
0.989173
0.989173
0.989173
0.989173
0.989173
0.989173
0.989173
0.989173
0.989173
0.989173
0.989173
0.989173
0.989173
0.989173
0.989173
0.989173
0.989173
0.989173
0.989173
0.989173
0.989173
0.989173
0.989173
0.989173
0.989173
0.989173
0.989173
0.989173
0.989173
0.989173
0.989173
0.989173
0.989173
0.989173
0.989173
0.989173
0.989173
0.989173
0.989173
0.989173
0.989173
0.989173
0.989173
0.989173
0.989173
0.989173
0.989173
0.989173
0.989173
0.989173
0.989173
0.989173
0.989173
0.989173
0.989173
0.989173
0.989173
0.989173
0.989173
0.989173
0.989173
