1.07074
1.08095
1.08241
1.08262
1.08265
1.08265
1.08265
1.08265
1.08265
1.08265
1.08265
1.08265
1.08265
1.08265
1.08265
1.08265
1.08265
1.08265
1.08265
1.08265
1.08265
1.08265
1.08265
1.08265
1.08265
1.08265
1.08265
1.08265
1.08265
1.08265
1.08265
1.08265
1.08265
1.08265
1.08265
1.08265
1.08265
1.08265
1.08265
1.08265
1.08265
1.08265
1.08265
1.08265
1.08265
1.08265
1.08265
1.08265
1.08265
1.08265
1.08265
1.08265
1.08265
1.08265
1.08265
1.08265
1.08265
1.08265
1.08265
1.08265
1.08265
1.08265
1.08265
1.08265
1.08265
1.08265
1.08265
1.08265
1.08265
1.08265
1.08265
1.08265
1.08265
1.08265
1.08265
1.08265
1.08265
1.08265
1.08265
1.08265
1.08265
1.08265
1.08265
1.08265
1.08265
1.08265
1.08265
1.08265
1.08265
1.08265
1.08265
1.08265
1.08265
1.08265
1.08265
1.08265
1.08265
1.08265
1.08265
1.08265
