0.981748
0.978875
0.978428
0.978359
0.978349
0.978347
0.978347
0.978347
0.978347
0.978347
0.978347
0.978347
0.978347
0.978347
0.978347
0.978347
0.978347
0.978347
0.978347
0.978347
0.978347
0.978347
0.978347
0.978347
0.978347
0.978347
0.978347
0.978347
0.978347
0.978347
0.978347
0.978347
0.978347
0.978347
0.978347
0.978347
0.978347
0.978347
0.978347
0.978347
0.978347
0.978347
0.978347
0.978347
0.978347
0.978347
0.978347
0.978347
0.978347
0.978347
0.978347
0.978347
0.978347
0.978347
0.978347
0.978347
0.978347
0.978347
0.978347
0.978347
0.978347
0.978347
0.978347
0.978347
0.978347
0.978347
0.978347
0.978347
0.978347
0.978347
0.978347
0.978347
0.978347
0.978347
0.978347
0.978347
0.978347
0.978347
0.978347
0.978347
0.978347
0.978347
0.978347
0.978347
0.978347
0.978347
0.978347
0.978347
0.978347
0.978347
0.978347
0.978347
0.978347
0.978347
0.978347
0.978347
0.978347
0.978347
0.978347
0.978347
