0.00887382
 0.0101677
 0.0103551
 0.0103821
  0.010386
 0.0103865
 0.0103866
 0.0103866
 0.0103866
 0.0103866
 0.0103866
 0.0103866
 0.0103866
 0.0103866
 0.0103866
 0.0103866
 0.0103866
 0.0103866
 0.0103866
 0.0103866
 0.0103866
 0.0103866
 0.0103866
 0.0103866
 0.0103866
 0.0103866
 0.0103866
 0.0103866
 0.0103866
 0.0103866
 0.0103866
 0.0103866
 0.0103866
 0.0103866
 0.0103866
 0.0103866
 0.0103866
 0.0103866
 0.0103866
 0.0103866
 0.0103866
 0.0103866
 0.0103866
 0.0103866
 0.0103866
 0.0103866
 0.0103866
 0.0103866
 0.0103866
 0.0103866
 0.0103866
 0.0103866
 0.0103866
 0.0103866
 0.0103866
 0.0103866
 0.0103866
 0.0103866
 0.0103866
 0.0103866
 0.0103866
 0.0103866
 0.0103866
 0.0103866
 0.0103866
 0.0103866
 0.0103866
 0.0103866
 0.0103866
 0.0103866
 0.0103866
 0.0103866
 0.0103866
 0.0103866
 0.0103866
 0.0103866
 0.0103866
 0.0103866
 0.0103866
 0.0103866
 0.0103866
 0.0103866
 0.0103866
 0.0103866
 0.0103866
 0.0103866
 0.0103866
 0.0103866
 0.0103866
 0.0103866
 0.0103866
 0.0103866
 0.0103866
 0.0103866
 0.0103866
 0.0103866
 0.0103866
 0.0103866
 0.0103866
 0.0103866
