46.4348
127.424
185.953
152.489
110.616
 94.642
96.1376
105.201
113.506
116.303
 114.49
111.611
109.991
109.932
110.663
111.344
 111.59
111.474
111.253
111.114
111.099
111.153
111.208
111.231
111.224
111.207
111.195
111.193
111.197
111.201
111.203
111.203
111.202
111.201
  111.2
111.201
111.201
111.201
111.201
111.201
111.201
111.201
111.201
111.201
111.201
111.201
111.201
111.201
111.201
111.201
111.201
111.201
111.201
111.201
111.201
111.201
111.201
111.201
111.201
111.201
111.201
111.201
111.201
111.201
111.201
111.201
111.201
111.201
111.201
111.201
111.201
111.201
111.201
111.201
111.201
111.201
111.201
111.201
111.201
111.201
111.201
111.201
111.201
111.201
111.201
111.201
111.201
111.201
111.201
111.201
111.201
111.201
111.201
111.201
111.201
111.201
111.201
111.201
111.201
111.201
