9.60528
8.50341
  6.773
5.81375
5.97393
6.45725
6.78578
6.86119
 6.7649
6.63613
 6.5699
6.57495
6.61092
   6.64
6.64831
6.64151
6.63143
6.62583
6.62579
6.62848
6.63087
6.63167
6.63122
6.63043
6.62995
6.62991
6.63011
 6.6303
6.63038
6.63035
6.63029
6.63025
6.63024
6.63026
6.63027
6.63028
6.63028
6.63027
6.63027
6.63027
6.63027
6.63027
6.63027
6.63027
6.63027
6.63027
6.63027
6.63027
6.63027
6.63027
6.63027
6.63027
6.63027
6.63027
6.63027
6.63027
6.63027
6.63027
6.63027
6.63027
6.63027
6.63027
6.63027
6.63027
6.63027
6.63027
6.63027
6.63027
6.63027
6.63027
6.63027
6.63027
6.63027
6.63027
6.63027
6.63027
6.63027
6.63027
6.63027
6.63027
6.63027
6.63027
6.63027
6.63027
6.63027
6.63027
6.63027
6.63027
6.63027
6.63027
6.63027
6.63027
6.63027
6.63027
6.63027
6.63027
6.63027
6.63027
6.63027
6.63027
