0.921055
0.700682
0.354599
0.162751
0.194786
0.291449
0.357156
0.372239
 0.35298
0.327226
 0.31398
 0.31499
0.322184
0.327999
0.329662
0.328303
0.326286
0.325166
0.325158
0.325696
0.326173
0.326334
0.326243
0.326086
 0.32599
0.325983
0.326022
0.326061
0.326076
 0.32607
0.326058
 0.32605
0.326049
0.326052
0.326055
0.326056
0.326056
0.326055
0.326054
0.326054
0.326054
0.326054
0.326055
0.326055
0.326054
0.326054
0.326054
0.326054
0.326054
0.326054
0.326054
0.326054
0.326054
0.326054
0.326054
0.326054
0.326054
0.326054
0.326054
0.326054
0.326054
0.326054
0.326054
0.326054
0.326054
0.326054
0.326054
0.326054
0.326054
0.326054
0.326054
0.326054
0.326054
0.326054
0.326054
0.326054
0.326054
0.326054
0.326054
0.326054
0.326054
0.326054
0.326054
0.326054
0.326054
0.326054
0.326054
0.326054
0.326054
0.326054
0.326054
0.326054
0.326054
0.326054
0.326054
0.326054
0.326054
0.326054
0.326054
0.326054
