0.0372015
 0.120122
 0.180989
 0.148157
 0.105699
0.0890755
0.0902544
0.0993335
 0.107819
 0.110774
  0.10901
 0.106097
 0.104424
 0.104335
 0.105065
  0.10576
 0.106019
 0.105908
 0.105684
 0.105541
 0.105524
 0.105577
 0.105633
 0.105657
  0.10565
 0.105633
 0.105621
 0.105619
 0.105623
 0.105627
 0.105629
 0.105629
 0.105628
 0.105627
 0.105626
 0.105627
 0.105627
 0.105627
 0.105627
 0.105627
 0.105627
 0.105627
 0.105627
 0.105627
 0.105627
 0.105627
 0.105627
 0.105627
 0.105627
 0.105627
 0.105627
 0.105627
 0.105627
 0.105627
 0.105627
 0.105627
 0.105627
 0.105627
 0.105627
 0.105627
 0.105627
 0.105627
 0.105627
 0.105627
 0.105627
 0.105627
 0.105627
 0.105627
 0.105627
 0.105627
 0.105627
 0.105627
 0.105627
 0.105627
 0.105627
 0.105627
 0.105627
 0.105627
 0.105627
 0.105627
 0.105627
 0.105627
 0.105627
 0.105627
 0.105627
 0.105627
 0.105627
 0.105627
 0.105627
 0.105627
 0.105627
 0.105627
 0.105627
 0.105627
 0.105627
 0.105627
 0.105627
 0.105627
 0.105627
 0.105627
