41.1216
98.3965
151.612
157.267
137.877
 124.42
121.139
123.207
 126.02
127.411
 127.42
126.922
126.547
126.447
126.507
126.588
126.627
126.627
126.613
126.603
  126.6
126.602
126.604
126.605
126.605
126.605
126.604
126.604
126.604
126.604
126.604
126.604
126.604
126.604
126.604
126.604
126.604
126.604
126.604
126.604
126.604
126.604
126.604
126.604
126.604
126.604
126.604
126.604
126.604
126.604
126.604
126.604
126.604
126.604
126.604
126.604
126.604
126.604
126.604
126.604
126.604
126.604
126.604
126.604
126.604
126.604
126.604
126.604
126.604
126.604
126.604
126.604
126.604
126.604
126.604
126.604
126.604
126.604
126.604
126.604
126.604
126.604
126.604
126.604
126.604
126.604
126.604
126.604
126.604
126.604
126.604
126.604
126.604
126.604
126.604
126.604
126.604
126.604
126.604
126.604
