9.66461
8.92946
7.87028
7.11028
  6.974
7.14319
7.30403
7.36356
7.35071
  7.319
7.29972
7.29679
7.30156
7.30619
7.30792
7.30755
7.30665
 7.3061
7.30602
7.30616
7.30629
7.30634
7.30633
 7.3063
7.30629
7.30628
7.30629
7.30629
7.30629
7.30629
7.30629
7.30629
7.30629
7.30629
7.30629
7.30629
7.30629
7.30629
7.30629
7.30629
7.30629
7.30629
7.30629
7.30629
7.30629
7.30629
7.30629
7.30629
7.30629
7.30629
7.30629
7.30629
7.30629
7.30629
7.30629
7.30629
7.30629
7.30629
7.30629
7.30629
7.30629
7.30629
7.30629
7.30629
7.30629
7.30629
7.30629
7.30629
7.30629
7.30629
7.30629
7.30629
7.30629
7.30629
7.30629
7.30629
7.30629
7.30629
7.30629
7.30629
7.30629
7.30629
7.30629
7.30629
7.30629
7.30629
7.30629
7.30629
7.30629
7.30629
7.30629
7.30629
7.30629
7.30629
7.30629
7.30629
7.30629
7.30629
7.30629
7.30629
