0.932921
0.785891
0.574056
0.422057
  0.3948
0.428639
0.460807
0.472711
0.470143
  0.4638
0.459943
0.459357
0.460312
0.461237
0.461585
0.461511
0.461329
 0.46122
0.461204
0.461231
0.461258
0.461268
0.461266
 0.46126
0.461257
0.461257
0.461258
0.461258
0.461259
0.461259
0.461258
0.461258
0.461258
0.461258
0.461258
0.461258
0.461258
0.461258
0.461258
0.461258
0.461258
0.461258
0.461258
0.461258
0.461258
0.461258
0.461258
0.461258
0.461258
0.461258
0.461258
0.461258
0.461258
0.461258
0.461258
0.461258
0.461258
0.461258
0.461258
0.461258
0.461258
0.461258
0.461258
0.461258
0.461258
0.461258
0.461258
0.461258
0.461258
0.461258
0.461258
0.461258
0.461258
0.461258
0.461258
0.461258
0.461258
0.461258
0.461258
0.461258
0.461258
0.461258
0.461258
0.461258
0.461258
0.461258
0.461258
0.461258
0.461258
0.461258
0.461258
0.461258
0.461258
0.461258
0.461258
0.461258
0.461258
0.461258
0.461258
0.461258
