0.0317747
0.0903708
 0.145194
 0.151674
 0.132225
 0.118462
 0.114985
 0.117014
 0.119868
 0.121305
 0.121334
 0.120833
  0.12045
 0.120344
 0.120403
 0.120486
 0.120526
 0.120527
 0.120512
 0.120501
 0.120498
   0.1205
 0.120503
 0.120504
 0.120504
 0.120503
 0.120503
 0.120503
 0.120503
 0.120503
 0.120503
 0.120503
 0.120503
 0.120503
 0.120503
 0.120503
 0.120503
 0.120503
 0.120503
 0.120503
 0.120503
 0.120503
 0.120503
 0.120503
 0.120503
 0.120503
 0.120503
 0.120503
 0.120503
 0.120503
 0.120503
 0.120503
 0.120503
 0.120503
 0.120503
 0.120503
 0.120503
 0.120503
 0.120503
 0.120503
 0.120503
 0.120503
 0.120503
 0.120503
 0.120503
 0.120503
 0.120503
 0.120503
 0.120503
 0.120503
 0.120503
 0.120503
 0.120503
 0.120503
 0.120503
 0.120503
 0.120503
 0.120503
 0.120503
 0.120503
 0.120503
 0.120503
 0.120503
 0.120503
 0.120503
 0.120503
 0.120503
 0.120503
 0.120503
 0.120503
 0.120503
 0.120503
 0.120503
 0.120503
 0.120503
 0.120503
 0.120503
 0.120503
 0.120503
 0.120503
