44.4208
116.178
174.902
158.443
123.852
108.073
107.709
113.979
119.785
121.791
120.799
119.128
118.205
 118.17
118.545
118.869
118.971
118.913
118.821
 118.77
118.769
 118.79
118.808
118.814
 118.81
118.805
118.802
118.802
118.804
118.805
118.805
118.805
118.804
118.804
118.804
118.804
118.804
118.804
118.804
118.804
118.804
118.804
118.804
118.804
118.804
118.804
118.804
118.804
118.804
118.804
118.804
118.804
118.804
118.804
118.804
118.804
118.804
118.804
118.804
118.804
118.804
118.804
118.804
118.804
118.804
118.804
118.804
118.804
118.804
118.804
118.804
118.804
118.804
118.804
118.804
118.804
118.804
118.804
118.804
118.804
118.804
118.804
118.804
118.804
118.804
118.804
118.804
118.804
118.804
118.804
118.804
118.804
118.804
118.804
118.804
118.804
118.804
118.804
118.804
118.804
