9.62783
8.67383
7.21202
6.30983
6.34286
6.70187
6.95897
7.02238
6.96145
 6.8805
6.84073
6.84382
6.86357
6.87836
6.88189
6.87831
6.87382
 6.8717
6.87192
6.87303
6.87385
6.87403
6.87383
6.87358
6.87346
6.87348
6.87354
6.87358
6.87359
6.87358
6.87357
6.87356
6.87356
6.87357
6.87357
6.87357
6.87357
6.87357
6.87357
6.87357
6.87357
6.87357
6.87357
6.87357
6.87357
6.87357
6.87357
6.87357
6.87357
6.87357
6.87357
6.87357
6.87357
6.87357
6.87357
6.87357
6.87357
6.87357
6.87357
6.87357
6.87357
6.87357
6.87357
6.87357
6.87357
6.87357
6.87357
6.87357
6.87357
6.87357
6.87357
6.87357
6.87357
6.87357
6.87357
6.87357
6.87357
6.87357
6.87357
6.87357
6.87357
6.87357
6.87357
6.87357
6.87357
6.87357
6.87357
6.87357
6.87357
6.87357
6.87357
6.87357
6.87357
6.87357
6.87357
6.87357
6.87357
6.87357
6.87357
6.87357
