0.925565
0.734766
0.442403
0.261966
0.268573
0.340374
0.391794
0.404476
 0.39229
  0.3761
0.368146
0.368764
0.372714
0.375671
0.376378
0.375663
0.374765
 0.37434
0.374385
0.374607
 0.37477
0.374807
0.374765
0.374715
0.374692
0.374695
0.374708
0.374717
0.374719
0.374716
0.374714
0.374712
0.374713
0.374713
0.374714
0.374714
0.374714
0.374714
0.374714
0.374714
0.374714
0.374714
0.374714
0.374714
0.374714
0.374714
0.374714
0.374714
0.374714
0.374714
0.374714
0.374714
0.374714
0.374714
0.374714
0.374714
0.374714
0.374714
0.374714
0.374714
0.374714
0.374714
0.374714
0.374714
0.374714
0.374714
0.374714
0.374714
0.374714
0.374714
0.374714
0.374714
0.374714
0.374714
0.374714
0.374714
0.374714
0.374714
0.374714
0.374714
0.374714
0.374714
0.374714
0.374714
0.374714
0.374714
0.374714
0.374714
0.374714
0.374714
0.374714
0.374714
0.374714
0.374714
0.374714
0.374714
0.374714
0.374714
0.374714
0.374714
