0.0351444
  0.10859
 0.169384
  0.15367
 0.118696
 0.102395
 0.101767
 0.108037
 0.113963
 0.116071
 0.115109
 0.113419
 0.112466
 0.112416
 0.112791
 0.113122
  0.11323
 0.113173
 0.113079
 0.113027
 0.113026
 0.113047
 0.113065
 0.113071
 0.113068
 0.113062
  0.11306
 0.113059
 0.113061
 0.113062
 0.113062
 0.113062
 0.113062
 0.113061
 0.113061
 0.113061
 0.113061
 0.113061
 0.113061
 0.113061
 0.113061
 0.113061
 0.113061
 0.113061
 0.113061
 0.113061
 0.113061
 0.113061
 0.113061
 0.113061
 0.113061
 0.113061
 0.113061
 0.113061
 0.113061
 0.113061
 0.113061
 0.113061
 0.113061
 0.113061
 0.113061
 0.113061
 0.113061
 0.113061
 0.113061
 0.113061
 0.113061
 0.113061
 0.113061
 0.113061
 0.113061
 0.113061
 0.113061
 0.113061
 0.113061
 0.113061
 0.113061
 0.113061
 0.113061
 0.113061
 0.113061
 0.113061
 0.113061
 0.113061
 0.113061
 0.113061
 0.113061
 0.113061
 0.113061
 0.113061
 0.113061
 0.113061
 0.113061
 0.113061
 0.113061
 0.113061
 0.113061
 0.113061
 0.113061
 0.113061
