19.8638
21.8284
 22.209
22.2823
22.2964
22.2991
22.2997
22.2998
22.2998
22.2998
22.2998
22.2998
22.2998
22.2998
22.2998
22.2998
22.2998
22.2998
22.2998
22.2998
22.2998
22.2998
22.2998
22.2998
22.2998
22.2998
22.2998
22.2998
22.2998
22.2998
22.2998
22.2998
22.2998
22.2998
22.2998
22.2998
22.2998
22.2998
22.2998
22.2998
22.2998
22.2998
22.2998
22.2998
22.2998
22.2998
22.2998
22.2998
22.2998
22.2998
22.2998
22.2998
22.2998
22.2998
22.2998
22.2998
22.2998
22.2998
22.2998
22.2998
22.2998
22.2998
22.2998
22.2998
22.2998
22.2998
22.2998
22.2998
22.2998
22.2998
22.2998
22.2998
22.2998
22.2998
22.2998
22.2998
22.2998
22.2998
22.2998
22.2998
22.2998
22.2998
22.2998
22.2998
22.2998
22.2998
22.2998
22.2998
22.2998
22.2998
22.2998
22.2998
22.2998
22.2998
22.2998
22.2998
22.2998
22.2998
22.2998
22.2998
