9.89654
9.87489
9.87062
9.86979
9.86963
 9.8696
9.86959
9.86959
9.86959
9.86959
9.86959
9.86959
9.86959
9.86959
9.86959
9.86959
9.86959
9.86959
9.86959
9.86959
9.86959
9.86959
9.86959
9.86959
9.86959
9.86959
9.86959
9.86959
9.86959
9.86959
9.86959
9.86959
9.86959
9.86959
9.86959
9.86959
9.86959
9.86959
9.86959
9.86959
9.86959
9.86959
9.86959
9.86959
9.86959
9.86959
9.86959
9.86959
9.86959
9.86959
9.86959
9.86959
9.86959
9.86959
9.86959
9.86959
9.86959
9.86959
9.86959
9.86959
9.86959
9.86959
9.86959
9.86959
9.86959
9.86959
9.86959
9.86959
9.86959
9.86959
9.86959
9.86959
9.86959
9.86959
9.86959
9.86959
9.86959
9.86959
9.86959
9.86959
9.86959
9.86959
9.86959
9.86959
9.86959
9.86959
9.86959
9.86959
9.86959
9.86959
9.86959
9.86959
9.86959
9.86959
9.86959
9.86959
9.86959
9.86959
9.86959
9.86959
