0.979307
0.974978
0.974123
0.973958
0.973926
 0.97392
0.973919
0.973918
0.973918
0.973918
0.973918
0.973918
0.973918
0.973918
0.973918
0.973918
0.973918
0.973918
0.973918
0.973918
0.973918
0.973918
0.973918
0.973918
0.973918
0.973918
0.973918
0.973918
0.973918
0.973918
0.973918
0.973918
0.973918
0.973918
0.973918
0.973918
0.973918
0.973918
0.973918
0.973918
0.973918
0.973918
0.973918
0.973918
0.973918
0.973918
0.973918
0.973918
0.973918
0.973918
0.973918
0.973918
0.973918
0.973918
0.973918
0.973918
0.973918
0.973918
0.973918
0.973918
0.973918
0.973918
0.973918
0.973918
0.973918
0.973918
0.973918
0.973918
0.973918
0.973918
0.973918
0.973918
0.973918
0.973918
0.973918
0.973918
0.973918
0.973918
0.973918
0.973918
0.973918
0.973918
0.973918
0.973918
0.973918
0.973918
0.973918
0.973918
0.973918
0.973918
0.973918
0.973918
0.973918
0.973918
0.973918
0.973918
0.973918
0.973918
0.973918
0.973918
