 0.010068
0.0120743
 0.012463
0.0125379
0.0125523
0.0125551
0.0125556
0.0125557
0.0125557
0.0125557
0.0125557
0.0125557
0.0125557
0.0125557
0.0125557
0.0125557
0.0125557
0.0125557
0.0125557
0.0125557
0.0125557
0.0125557
0.0125557
0.0125557
0.0125557
0.0125557
0.0125557
0.0125557
0.0125557
0.0125557
0.0125557
0.0125557
0.0125557
0.0125557
0.0125557
0.0125557
0.0125557
0.0125557
0.0125557
0.0125557
0.0125557
0.0125557
0.0125557
0.0125557
0.0125557
0.0125557
0.0125557
0.0125557
0.0125557
0.0125557
0.0125557
0.0125557
0.0125557
0.0125557
0.0125557
0.0125557
0.0125557
0.0125557
0.0125557
0.0125557
0.0125557
0.0125557
0.0125557
0.0125557
0.0125557
0.0125557
0.0125557
0.0125557
0.0125557
0.0125557
0.0125557
0.0125557
0.0125557
0.0125557
0.0125557
0.0125557
0.0125557
0.0125557
0.0125557
0.0125557
0.0125557
0.0125557
0.0125557
0.0125557
0.0125557
0.0125557
0.0125557
0.0125557
0.0125557
0.0125557
0.0125557
0.0125557
0.0125557
0.0125557
0.0125557
0.0125557
0.0125557
0.0125557
0.0125557
0.0125557
