24.9603
32.8432
36.6754
 38.458
39.2688
39.6336
 39.797
39.8699
39.9025
 39.917
39.9235
39.9264
39.9277
39.9282
39.9285
39.9286
39.9287
39.9287
39.9287
39.9287
39.9287
39.9287
39.9287
39.9287
39.9287
39.9287
39.9287
39.9287
39.9287
39.9287
39.9287
39.9287
39.9287
39.9287
39.9287
39.9287
39.9287
39.9287
39.9287
39.9287
39.9287
39.9287
39.9287
39.9287
39.9287
39.9287
39.9287
39.9287
39.9287
39.9287
39.9287
39.9287
39.9287
39.9287
39.9287
39.9287
39.9287
39.9287
39.9287
39.9287
39.9287
39.9287
39.9287
39.9287
39.9287
39.9287
39.9287
39.9287
39.9287
39.9287
39.9287
39.9287
39.9287
39.9287
39.9287
39.9287
39.9287
39.9287
39.9287
39.9287
39.9287
39.9287
39.9287
39.9287
39.9287
39.9287
39.9287
39.9287
39.9287
39.9287
39.9287
39.9287
39.9287
39.9287
39.9287
39.9287
39.9287
39.9287
39.9287
39.9287
