 9.8418
9.75266
9.70726
9.68554
9.67551
9.67096
9.66891
  9.668
9.66759
9.66741
9.66733
9.66729
9.66727
9.66727
9.66726
9.66726
9.66726
9.66726
9.66726
9.66726
9.66726
9.66726
9.66726
9.66726
9.66726
9.66726
9.66726
9.66726
9.66726
9.66726
9.66726
9.66726
9.66726
9.66726
9.66726
9.66726
9.66726
9.66726
9.66726
9.66726
9.66726
9.66726
9.66726
9.66726
9.66726
9.66726
9.66726
9.66726
9.66726
9.66726
9.66726
9.66726
9.66726
9.66726
9.66726
9.66726
9.66726
9.66726
9.66726
9.66726
9.66726
9.66726
9.66726
9.66726
9.66726
9.66726
9.66726
9.66726
9.66726
9.66726
9.66726
9.66726
9.66726
9.66726
9.66726
9.66726
9.66726
9.66726
9.66726
9.66726
9.66726
9.66726
9.66726
9.66726
9.66726
9.66726
9.66726
9.66726
9.66726
9.66726
9.66726
9.66726
9.66726
9.66726
9.66726
9.66726
9.66726
9.66726
9.66726
9.66726
