 0.96836
0.950532
0.941452
0.937109
0.935102
0.934192
0.933783
  0.9336
0.933518
0.933482
0.933465
0.933458
0.933455
0.933453
0.933453
0.933452
0.933452
0.933452
0.933452
0.933452
0.933452
0.933452
0.933452
0.933452
0.933452
0.933452
0.933452
0.933452
0.933452
0.933452
0.933452
0.933452
0.933452
0.933452
0.933452
0.933452
0.933452
0.933452
0.933452
0.933452
0.933452
0.933452
0.933452
0.933452
0.933452
0.933452
0.933452
0.933452
0.933452
0.933452
0.933452
0.933452
0.933452
0.933452
0.933452
0.933452
0.933452
0.933452
0.933452
0.933452
0.933452
0.933452
0.933452
0.933452
0.933452
0.933452
0.933452
0.933452
0.933452
0.933452
0.933452
0.933452
0.933452
0.933452
0.933452
0.933452
0.933452
0.933452
0.933452
0.933452
0.933452
0.933452
0.933452
0.933452
0.933452
0.933452
0.933452
0.933452
0.933452
0.933452
0.933452
0.933452
0.933452
0.933452
0.933452
0.933452
0.933452
0.933452
0.933452
0.933452
