0.0152712
0.0233238
0.0272406
0.0290631
0.0298922
0.0302653
0.0304324
 0.030507
0.0305403
0.0305552
0.0305618
0.0305647
 0.030566
0.0305666
0.0305669
 0.030567
0.0305671
0.0305671
0.0305671
0.0305671
0.0305671
0.0305671
0.0305671
0.0305671
0.0305671
0.0305671
0.0305671
0.0305671
0.0305671
0.0305671
0.0305671
0.0305671
0.0305671
0.0305671
0.0305671
0.0305671
0.0305671
0.0305671
0.0305671
0.0305671
0.0305671
0.0305671
0.0305671
0.0305671
0.0305671
0.0305671
0.0305671
0.0305671
0.0305671
0.0305671
0.0305671
0.0305671
0.0305671
0.0305671
0.0305671
0.0305671
0.0305671
0.0305671
0.0305671
0.0305671
0.0305671
0.0305671
0.0305671
0.0305671
0.0305671
0.0305671
0.0305671
0.0305671
0.0305671
0.0305671
0.0305671
0.0305671
0.0305671
0.0305671
0.0305671
0.0305671
0.0305671
0.0305671
0.0305671
0.0305671
0.0305671
0.0305671
0.0305671
0.0305671
0.0305671
0.0305671
0.0305671
0.0305671
0.0305671
0.0305671
0.0305671
0.0305671
0.0305671
0.0305671
0.0305671
0.0305671
0.0305671
0.0305671
0.0305671
0.0305671
