9.90033
9.88142
9.87803
9.87743
9.87732
9.87731
 9.8773
 9.8773
 9.8773
 9.8773
 9.8773
 9.8773
 9.8773
 9.8773
 9.8773
 9.8773
 9.8773
 9.8773
 9.8773
 9.8773
 9.8773
 9.8773
 9.8773
 9.8773
 9.8773
 9.8773
 9.8773
 9.8773
 9.8773
 9.8773
 9.8773
 9.8773
 9.8773
 9.8773
 9.8773
 9.8773
 9.8773
 9.8773
 9.8773
 9.8773
 9.8773
 9.8773
 9.8773
 9.8773
 9.8773
 9.8773
 9.8773
 9.8773
 9.8773
 9.8773
 9.8773
 9.8773
 9.8773
 9.8773
 9.8773
 9.8773
 9.8773
 9.8773
 9.8773
 9.8773
 9.8773
 9.8773
 9.8773
 9.8773
 9.8773
 9.8773
 9.8773
 9.8773
 9.8773
 9.8773
 9.8773
 9.8773
 9.8773
 9.8773
 9.8773
 9.8773
 9.8773
 9.8773
 9.8773
 9.8773
 9.8773
 9.8773
 9.8773
 9.8773
 9.8773
 9.8773
 9.8773
 9.8773
 9.8773
 9.8773
 9.8773
 9.8773
 9.8773
 9.8773
 9.8773
 9.8773
 9.8773
 9.8773
 9.8773
 9.8773
