19.5082
21.2273
21.5303
21.5835
21.5928
21.5944
21.5947
21.5947
21.5947
21.5947
21.5947
21.5947
21.5947
21.5947
21.5947
21.5947
21.5947
21.5947
21.5947
21.5947
21.5947
21.5947
21.5947
21.5947
21.5947
21.5947
21.5947
21.5947
21.5947
21.5947
21.5947
21.5947
21.5947
21.5947
21.5947
21.5947
21.5947
21.5947
21.5947
21.5947
21.5947
21.5947
21.5947
21.5947
21.5947
21.5947
21.5947
21.5947
21.5947
21.5947
21.5947
21.5947
21.5947
21.5947
21.5947
21.5947
21.5947
21.5947
21.5947
21.5947
21.5947
21.5947
21.5947
21.5947
21.5947
21.5947
21.5947
21.5947
21.5947
21.5947
21.5947
21.5947
21.5947
21.5947
21.5947
21.5947
21.5947
21.5947
21.5947
21.5947
21.5947
21.5947
21.5947
21.5947
21.5947
21.5947
21.5947
21.5947
21.5947
21.5947
21.5947
21.5947
21.5947
21.5947
21.5947
21.5947
21.5947
21.5947
21.5947
21.5947
