0.980066
0.976284
0.975605
0.975486
0.975465
0.975461
0.975461
0.975461
0.975461
0.975461
0.975461
0.975461
0.975461
0.975461
0.975461
0.975461
0.975461
0.975461
0.975461
0.975461
0.975461
0.975461
0.975461
0.975461
0.975461
0.975461
0.975461
0.975461
0.975461
0.975461
0.975461
0.975461
0.975461
0.975461
0.975461
0.975461
0.975461
0.975461
0.975461
0.975461
0.975461
0.975461
0.975461
0.975461
0.975461
0.975461
0.975461
0.975461
0.975461
0.975461
0.975461
0.975461
0.975461
0.975461
0.975461
0.975461
0.975461
0.975461
0.975461
0.975461
0.975461
0.975461
0.975461
0.975461
0.975461
0.975461
0.975461
0.975461
0.975461
0.975461
0.975461
0.975461
0.975461
0.975461
0.975461
0.975461
0.975461
0.975461
0.975461
0.975461
0.975461
0.975461
0.975461
0.975461
0.975461
0.975461
0.975461
0.975461
0.975461
0.975461
0.975461
0.975461
0.975461
0.975461
0.975461
0.975461
0.975461
0.975461
0.975461
0.975461
