0.00970495
 0.0114605
   0.01177
 0.0118243
 0.0118338
 0.0118354
 0.0118357
 0.0118358
 0.0118358
 0.0118358
 0.0118358
 0.0118358
 0.0118358
 0.0118358
 0.0118358
 0.0118358
 0.0118358
 0.0118358
 0.0118358
 0.0118358
 0.0118358
 0.0118358
 0.0118358
 0.0118358
 0.0118358
 0.0118358
 0.0118358
 0.0118358
 0.0118358
 0.0118358
 0.0118358
 0.0118358
 0.0118358
 0.0118358
 0.0118358
 0.0118358
 0.0118358
 0.0118358
 0.0118358
 0.0118358
 0.0118358
 0.0118358
 0.0118358
 0.0118358
 0.0118358
 0.0118358
 0.0118358
 0.0118358
 0.0118358
 0.0118358
 0.0118358
 0.0118358
 0.0118358
 0.0118358
 0.0118358
 0.0118358
 0.0118358
 0.0118358
 0.0118358
 0.0118358
 0.0118358
 0.0118358
 0.0118358
 0.0118358
 0.0118358
 0.0118358
 0.0118358
 0.0118358
 0.0118358
 0.0118358
 0.0118358
 0.0118358
 0.0118358
 0.0118358
 0.0118358
 0.0118358
 0.0118358
 0.0118358
 0.0118358
 0.0118358
 0.0118358
 0.0118358
 0.0118358
 0.0118358
 0.0118358
 0.0118358
 0.0118358
 0.0118358
 0.0118358
 0.0118358
 0.0118358
 0.0118358
 0.0118358
 0.0118358
 0.0118358
 0.0118358
 0.0118358
 0.0118358
 0.0118358
 0.0118358
