5.67601
6.10828
6.21799
6.24567
6.25263
6.25438
6.25482
6.25493
6.25496
6.25497
6.25497
6.25497
6.25497
6.25497
6.25497
6.25497
6.25497
6.25497
6.25497
6.25497
6.25497
6.25497
6.25497
6.25497
6.25497
6.25497
6.25497
6.25497
6.25497
6.25497
6.25497
6.25497
6.25497
6.25497
6.25497
6.25497
6.25497
6.25497
6.25497
6.25497
6.25497
6.25497
6.25497
6.25497
6.25497
6.25497
6.25497
6.25497
6.25497
6.25497
6.25497
6.25497
6.25497
6.25497
6.25497
6.25497
6.25497
6.25497
6.25497
6.25497
6.25497
6.25497
6.25497
6.25497
6.25497
6.25497
6.25497
6.25497
6.25497
6.25497
6.25497
6.25497
6.25497
6.25497
6.25497
6.25497
6.25497
6.25497
6.25497
6.25497
6.25497
6.25497
6.25497
6.25497
6.25497
6.25497
6.25497
6.25497
6.25497
6.25497
6.25497
6.25497
6.25497
6.25497
6.25497
6.25497
6.25497
6.25497
6.25497
6.25497
