3.95449
3.94194
3.93861
3.93775
3.93753
3.93747
3.93746
3.93745
3.93745
3.93745
3.93745
3.93745
3.93745
3.93745
3.93745
3.93745
3.93745
3.93745
3.93745
3.93745
3.93745
3.93745
3.93745
3.93745
3.93745
3.93745
3.93745
3.93745
3.93745
3.93745
3.93745
3.93745
3.93745
3.93745
3.93745
3.93745
3.93745
3.93745
3.93745
3.93745
3.93745
3.93745
3.93745
3.93745
3.93745
3.93745
3.93745
3.93745
3.93745
3.93745
3.93745
3.93745
3.93745
3.93745
3.93745
3.93745
3.93745
3.93745
3.93745
3.93745
3.93745
3.93745
3.93745
3.93745
3.93745
3.93745
3.93745
3.93745
3.93745
3.93745
3.93745
3.93745
3.93745
3.93745
3.93745
3.93745
3.93745
3.93745
3.93745
3.93745
3.93745
3.93745
3.93745
3.93745
3.93745
3.93745
3.93745
3.93745
3.93745
3.93745
3.93745
3.93745
3.93745
3.93745
3.93745
3.93745
3.93745
3.93745
3.93745
3.93745
