0.977246
 0.97097
0.969305
0.968873
0.968763
0.968735
0.968728
0.968726
0.968725
0.968725
0.968725
0.968725
0.968725
0.968725
0.968725
0.968725
0.968725
0.968725
0.968725
0.968725
0.968725
0.968725
0.968725
0.968725
0.968725
0.968725
0.968725
0.968725
0.968725
0.968725
0.968725
0.968725
0.968725
0.968725
0.968725
0.968725
0.968725
0.968725
0.968725
0.968725
0.968725
0.968725
0.968725
0.968725
0.968725
0.968725
0.968725
0.968725
0.968725
0.968725
0.968725
0.968725
0.968725
0.968725
0.968725
0.968725
0.968725
0.968725
0.968725
0.968725
0.968725
0.968725
0.968725
0.968725
0.968725
0.968725
0.968725
0.968725
0.968725
0.968725
0.968725
0.968725
0.968725
0.968725
0.968725
0.968725
0.968725
0.968725
0.968725
0.968725
0.968725
0.968725
0.968725
0.968725
0.968725
0.968725
0.968725
0.968725
0.968725
0.968725
0.968725
0.968725
0.968725
0.968725
0.968725
0.968725
0.968725
0.968725
0.968725
0.968725
