0.0110354
0.0138868
0.0146114
0.0147944
0.0148404
 0.014852
0.0148549
0.0148556
0.0148558
0.0148559
0.0148559
0.0148559
0.0148559
0.0148559
0.0148559
0.0148559
0.0148559
0.0148559
0.0148559
0.0148559
0.0148559
0.0148559
0.0148559
0.0148559
0.0148559
0.0148559
0.0148559
0.0148559
0.0148559
0.0148559
0.0148559
0.0148559
0.0148559
0.0148559
0.0148559
0.0148559
0.0148559
0.0148559
0.0148559
0.0148559
0.0148559
0.0148559
0.0148559
0.0148559
0.0148559
0.0148559
0.0148559
0.0148559
0.0148559
0.0148559
0.0148559
0.0148559
0.0148559
0.0148559
0.0148559
0.0148559
0.0148559
0.0148559
0.0148559
0.0148559
0.0148559
0.0148559
0.0148559
0.0148559
0.0148559
0.0148559
0.0148559
0.0148559
0.0148559
0.0148559
0.0148559
0.0148559
0.0148559
0.0148559
0.0148559
0.0148559
0.0148559
0.0148559
0.0148559
0.0148559
0.0148559
0.0148559
0.0148559
0.0148559
0.0148559
0.0148559
0.0148559
0.0148559
0.0148559
0.0148559
0.0148559
0.0148559
0.0148559
0.0148559
0.0148559
0.0148559
0.0148559
0.0148559
0.0148559
0.0148559
