9.87175
9.82633
 9.8114
9.80666
9.80517
 9.8047
9.80456
9.80451
 9.8045
9.80449
9.80449
9.80449
9.80449
9.80449
9.80449
9.80449
9.80449
9.80449
9.80449
9.80449
9.80449
9.80449
9.80449
9.80449
9.80449
9.80449
9.80449
9.80449
9.80449
9.80449
9.80449
9.80449
9.80449
9.80449
9.80449
9.80449
9.80449
9.80449
9.80449
9.80449
9.80449
9.80449
9.80449
9.80449
9.80449
9.80449
9.80449
9.80449
9.80449
9.80449
9.80449
9.80449
9.80449
9.80449
9.80449
9.80449
9.80449
9.80449
9.80449
9.80449
9.80449
9.80449
9.80449
9.80449
9.80449
9.80449
9.80449
9.80449
9.80449
9.80449
9.80449
9.80449
9.80449
9.80449
9.80449
9.80449
9.80449
9.80449
9.80449
9.80449
9.80449
9.80449
9.80449
9.80449
9.80449
9.80449
9.80449
9.80449
9.80449
9.80449
9.80449
9.80449
9.80449
9.80449
9.80449
9.80449
9.80449
9.80449
9.80449
9.80449
