22.1785
26.2553
27.5578
27.9671
 28.095
28.1349
28.1474
28.1513
28.1525
28.1528
 28.153
 28.153
 28.153
 28.153
 28.153
 28.153
 28.153
 28.153
 28.153
 28.153
 28.153
 28.153
 28.153
 28.153
 28.153
 28.153
 28.153
 28.153
 28.153
 28.153
 28.153
 28.153
 28.153
 28.153
 28.153
 28.153
 28.153
 28.153
 28.153
 28.153
 28.153
 28.153
 28.153
 28.153
 28.153
 28.153
 28.153
 28.153
 28.153
 28.153
 28.153
 28.153
 28.153
 28.153
 28.153
 28.153
 28.153
 28.153
 28.153
 28.153
 28.153
 28.153
 28.153
 28.153
 28.153
 28.153
 28.153
 28.153
 28.153
 28.153
 28.153
 28.153
 28.153
 28.153
 28.153
 28.153
 28.153
 28.153
 28.153
 28.153
 28.153
 28.153
 28.153
 28.153
 28.153
 28.153
 28.153
 28.153
 28.153
 28.153
 28.153
 28.153
 28.153
 28.153
 28.153
 28.153
 28.153
 28.153
 28.153
 28.153
