0.974351
0.965266
0.962281
0.961332
0.961034
0.960941
0.960912
0.960903
  0.9609
0.960899
0.960899
0.960899
0.960899
0.960899
0.960899
0.960899
0.960899
0.960899
0.960899
0.960899
0.960899
0.960899
0.960899
0.960899
0.960899
0.960899
0.960899
0.960899
0.960899
0.960899
0.960899
0.960899
0.960899
0.960899
0.960899
0.960899
0.960899
0.960899
0.960899
0.960899
0.960899
0.960899
0.960899
0.960899
0.960899
0.960899
0.960899
0.960899
0.960899
0.960899
0.960899
0.960899
0.960899
0.960899
0.960899
0.960899
0.960899
0.960899
0.960899
0.960899
0.960899
0.960899
0.960899
0.960899
0.960899
0.960899
0.960899
0.960899
0.960899
0.960899
0.960899
0.960899
0.960899
0.960899
0.960899
0.960899
0.960899
0.960899
0.960899
0.960899
0.960899
0.960899
0.960899
0.960899
0.960899
0.960899
0.960899
0.960899
0.960899
0.960899
0.960899
0.960899
0.960899
0.960899
0.960899
0.960899
0.960899
0.960899
0.960899
0.960899
