0.0124311
0.0165949
0.0179256
0.0183439
0.0184746
0.0185154
0.0185281
0.0185321
0.0185333
0.0185337
0.0185338
0.0185338
0.0185339
0.0185339
0.0185339
0.0185339
0.0185339
0.0185339
0.0185339
0.0185339
0.0185339
0.0185339
0.0185339
0.0185339
0.0185339
0.0185339
0.0185339
0.0185339
0.0185339
0.0185339
0.0185339
0.0185339
0.0185339
0.0185339
0.0185339
0.0185339
0.0185339
0.0185339
0.0185339
0.0185339
0.0185339
0.0185339
0.0185339
0.0185339
0.0185339
0.0185339
0.0185339
0.0185339
0.0185339
0.0185339
0.0185339
0.0185339
0.0185339
0.0185339
0.0185339
0.0185339
0.0185339
0.0185339
0.0185339
0.0185339
0.0185339
0.0185339
0.0185339
0.0185339
0.0185339
0.0185339
0.0185339
0.0185339
0.0185339
0.0185339
0.0185339
0.0185339
0.0185339
0.0185339
0.0185339
0.0185339
0.0185339
0.0185339
0.0185339
0.0185339
0.0185339
0.0185339
0.0185339
0.0185339
0.0185339
0.0185339
0.0185339
0.0185339
0.0185339
0.0185339
0.0185339
0.0185339
0.0185339
0.0185339
0.0185339
0.0185339
0.0185339
0.0185339
0.0185339
0.0185339
