9.88467
9.85296
9.84479
9.84274
9.84223
 9.8421
9.84207
9.84206
9.84206
9.84206
9.84206
9.84206
9.84206
9.84206
9.84206
9.84206
9.84206
9.84206
9.84206
9.84206
9.84206
9.84206
9.84206
9.84206
9.84206
9.84206
9.84206
9.84206
9.84206
9.84206
9.84206
9.84206
9.84206
9.84206
9.84206
9.84206
9.84206
9.84206
9.84206
9.84206
9.84206
9.84206
9.84206
9.84206
9.84206
9.84206
9.84206
9.84206
9.84206
9.84206
9.84206
9.84206
9.84206
9.84206
9.84206
9.84206
9.84206
9.84206
9.84206
9.84206
9.84206
9.84206
9.84206
9.84206
9.84206
9.84206
9.84206
9.84206
9.84206
9.84206
9.84206
9.84206
9.84206
9.84206
9.84206
9.84206
9.84206
9.84206
9.84206
9.84206
9.84206
9.84206
9.84206
9.84206
9.84206
9.84206
9.84206
9.84206
9.84206
9.84206
9.84206
9.84206
9.84206
9.84206
9.84206
9.84206
9.84206
9.84206
9.84206
9.84206
