20.9737
 23.837
24.5578
24.7375
24.7821
24.7932
 24.796
24.7967
24.7968
24.7969
24.7969
24.7969
24.7969
24.7969
24.7969
24.7969
24.7969
24.7969
24.7969
24.7969
24.7969
24.7969
24.7969
24.7969
24.7969
24.7969
24.7969
24.7969
24.7969
24.7969
24.7969
24.7969
24.7969
24.7969
24.7969
24.7969
24.7969
24.7969
24.7969
24.7969
24.7969
24.7969
24.7969
24.7969
24.7969
24.7969
24.7969
24.7969
24.7969
24.7969
24.7969
24.7969
24.7969
24.7969
24.7969
24.7969
24.7969
24.7969
24.7969
24.7969
24.7969
24.7969
24.7969
24.7969
24.7969
24.7969
24.7969
24.7969
24.7969
24.7969
24.7969
24.7969
24.7969
24.7969
24.7969
24.7969
24.7969
24.7969
24.7969
24.7969
24.7969
24.7969
24.7969
24.7969
24.7969
24.7969
24.7969
24.7969
24.7969
24.7969
24.7969
24.7969
24.7969
24.7969
24.7969
24.7969
24.7969
24.7969
24.7969
24.7969
