0.976934
0.970591
0.968958
0.968548
0.968445
 0.96842
0.968414
0.968412
0.968412
0.968412
0.968412
0.968412
0.968412
0.968412
0.968412
0.968412
0.968412
0.968412
0.968412
0.968412
0.968412
0.968412
0.968412
0.968412
0.968412
0.968412
0.968412
0.968412
0.968412
0.968412
0.968412
0.968412
0.968412
0.968412
0.968412
0.968412
0.968412
0.968412
0.968412
0.968412
0.968412
0.968412
0.968412
0.968412
0.968412
0.968412
0.968412
0.968412
0.968412
0.968412
0.968412
0.968412
0.968412
0.968412
0.968412
0.968412
0.968412
0.968412
0.968412
0.968412
0.968412
0.968412
0.968412
0.968412
0.968412
0.968412
0.968412
0.968412
0.968412
0.968412
0.968412
0.968412
0.968412
0.968412
0.968412
0.968412
0.968412
0.968412
0.968412
0.968412
0.968412
0.968412
0.968412
0.968412
0.968412
0.968412
0.968412
0.968412
0.968412
0.968412
0.968412
0.968412
0.968412
0.968412
0.968412
0.968412
0.968412
0.968412
0.968412
0.968412
