 0.011201
0.0141253
0.0148617
0.0150452
0.0150908
0.0151021
 0.015105
0.0151057
0.0151058
0.0151059
0.0151059
0.0151059
0.0151059
0.0151059
0.0151059
0.0151059
0.0151059
0.0151059
0.0151059
0.0151059
0.0151059
0.0151059
0.0151059
0.0151059
0.0151059
0.0151059
0.0151059
0.0151059
0.0151059
0.0151059
0.0151059
0.0151059
0.0151059
0.0151059
0.0151059
0.0151059
0.0151059
0.0151059
0.0151059
0.0151059
0.0151059
0.0151059
0.0151059
0.0151059
0.0151059
0.0151059
0.0151059
0.0151059
0.0151059
0.0151059
0.0151059
0.0151059
0.0151059
0.0151059
0.0151059
0.0151059
0.0151059
0.0151059
0.0151059
0.0151059
0.0151059
0.0151059
0.0151059
0.0151059
0.0151059
0.0151059
0.0151059
0.0151059
0.0151059
0.0151059
0.0151059
0.0151059
0.0151059
0.0151059
0.0151059
0.0151059
0.0151059
0.0151059
0.0151059
0.0151059
0.0151059
0.0151059
0.0151059
0.0151059
0.0151059
0.0151059
0.0151059
0.0151059
0.0151059
0.0151059
0.0151059
0.0151059
0.0151059
0.0151059
0.0151059
0.0151059
0.0151059
0.0151059
0.0151059
0.0151059
