0.951626
 1.81269
 2.59182
  3.2968
 3.93469
 4.51188
 5.03415
 5.50671
  5.9343
 6.32121
 6.67129
 6.98806
 7.27468
 7.53403
  7.7687
 7.98103
 8.17316
 8.34701
 8.50431
 8.64665
 8.77544
 8.89197
 8.99741
 9.09282
 9.17915
 9.25726
 9.32794
  9.3919
 9.44977
 9.50213
 9.54951
 9.59238
 9.63117
 9.66627
 9.69803
 9.72676
 9.75276
 9.77629
 9.79758
 9.81684
 9.83427
 9.85004
 9.86431
 9.87723
 9.88891
 9.89948
 9.90905
  9.9177
 9.92553
 9.93262
 9.93903
 9.94483
 9.95008
 9.95483
 9.95913
 9.96302
 9.96654
 9.96972
 9.97261
 9.97521
 9.97757
 9.97971
 9.98164
 9.98338
 9.98497
  9.9864
 9.98769
 9.98886
 9.98992
 9.99088
 9.99175
 9.99253
 9.99324
 9.99389
 9.99447
   9.995
 9.99547
  9.9959
 9.99629
 9.99665
 9.99696
 9.99725
 9.99751
 9.99775
 9.99797
 9.99816
 9.99833
 9.99849
 9.99864
 9.99877
 9.99888
 9.99899
 9.99909
 9.99917
 9.99925
 9.99932
 9.99939
 9.99945
  9.9995
 9.99955
