   0.463336
   0.629656
   0.793093
    1.00695
    1.30738
    1.74794
    2.42371
    3.51541
    5.38729
    8.81867
    15.5837
    29.9862
    63.1594
    145.792
    367.909
    1009.91
    2996.59
    9547.16
    32449.6
     116951
     444477
1.77238e+06
7.38149e+06
3.19752e+07
1.43528e+08
6.65348e+08
3.17552e+09
1.55608e+10
7.80922e+10
 4.0046e+11
2.09408e+12
1.11456e+13
6.02781e+13
3.30749e+14
1.83875e+15
1.03441e+16
5.88193e+16
3.37721e+17
1.95617e+18
 1.1421e+19
6.71622e+19
3.97528e+20
2.36682e+21
1.41669e+22
8.52071e+22
5.14718e+23
3.12159e+24
1.89991e+25
1.16009e+26
7.10424e+26
4.36207e+27
2.68477e+28
  1.656e+29
1.02345e+30
6.33634e+30
3.92924e+31
 2.4401e+32
1.51732e+33
9.44636e+33
5.88731e+34
3.67276e+35
2.29324e+36
1.43302e+37
8.96124e+37
5.60747e+38
3.51093e+39
2.19942e+40
 1.3785e+41
8.64354e+41
5.42188e+42
3.40223e+43
2.13559e+44
1.34091e+45
 8.4216e+45
5.29048e+46
3.32422e+47
2.08915e+48
1.31319e+49
8.25569e+49
5.19091e+50
3.26431e+51
  2.053e+52
1.29132e+53
8.12313e+53
5.11034e+54
3.21522e+55
2.02303e+56
1.27299e+57
 8.0107e+57
5.04127e+58
3.17271e+59
1.99683e+60
 1.2568e+61
7.91061e+61
4.97928e+62
3.13427e+63
1.97295e+64
1.24196e+65
7.81825e+65
4.92174e+66
