 -0.809675
 -0.637462
 -0.481636
  -0.34064
 -0.213061
-0.0976233
0.00682936
  0.101342
  0.186861
  0.264241
  0.334258
  0.397612
  0.454936
  0.506806
   0.55374
  0.596207
  0.634633
  0.669402
  0.700863
  0.729329
  0.755087
  0.778394
  0.799482
  0.818564
   0.83583
  0.851453
  0.865589
   0.87838
  0.889954
  0.900426
  0.909902
  0.918476
  0.926234
  0.933253
  0.939605
  0.945353
  0.950553
  0.955258
  0.959516
  0.963369
  0.966855
  0.970009
  0.972863
  0.975445
  0.977782
  0.979896
  0.981809
  0.983541
  0.985107
  0.986524
  0.987807
  0.988967
  0.990017
  0.990967
  0.991826
  0.992604
  0.993308
  0.993945
  0.994521
  0.995042
  0.995514
  0.995941
  0.996327
  0.996677
  0.996993
  0.997279
  0.997538
  0.997772
  0.997984
  0.998176
   0.99835
  0.998507
  0.998649
  0.998777
  0.998894
  0.998999
  0.999094
  0.999181
  0.999259
  0.999329
  0.999393
  0.999451
  0.999503
   0.99955
  0.999593
  0.999632
  0.999667
  0.999699
  0.999727
  0.999753
  0.999777
  0.999798
  0.999817
  0.999835
   0.99985
  0.999865
  0.999877
  0.999889
    0.9999
  0.999909
