-0.000493222
 -0.00119499
 -0.00181689
 -0.00231297
 -0.00265385
 -0.00279186
 -0.00263681
 -0.00201141
-0.000552536
  0.00252269
  0.00900239
   0.0232305
   0.0564492
    0.139655
    0.363778
     1.01205
      3.0186
     9.63516
     32.7687
     118.123
     448.958
     1790.28
     7456.04
     32298.1
      144978
      672069
 3.20759e+06
 1.57179e+07
  7.8881e+07
 4.04506e+08
 2.11524e+09
 1.12582e+10
 6.08869e+10
  3.3409e+11
 1.85733e+12
 1.04486e+13
 5.94134e+13
 3.41132e+14
 1.97593e+15
 1.15364e+16
 6.78406e+16
 4.01543e+17
 2.39073e+18
   1.431e+19
 8.60678e+19
 5.19917e+20
 3.15312e+21
  1.9191e+22
 1.17181e+23
   7.176e+23
 4.40613e+24
 2.71189e+25
 1.67273e+26
 1.03378e+27
 6.40034e+27
 3.96893e+28
 2.46475e+29
 1.53265e+30
 9.54178e+30
 5.94678e+31
 3.70986e+32
  2.3164e+33
  1.4475e+34
 9.05176e+34
 5.66411e+35
 3.54639e+36
 2.22164e+37
 1.39242e+38
 8.73085e+38
 5.47665e+39
 3.43659e+40
 2.15716e+41
 1.35445e+42
 8.50667e+42
 5.34392e+43
  3.3578e+44
 2.11025e+45
 1.32645e+46
 8.33908e+46
 5.24334e+47
 3.29728e+48
 2.07374e+49
 1.30437e+50
 8.20518e+50
 5.16196e+51
  3.2477e+52
 2.04347e+53
 1.28585e+54
 8.09162e+54
 5.09219e+55
 3.20476e+56
   2.017e+57
  1.2695e+58
 7.99052e+58
 5.02958e+59
 3.16593e+60
 1.99288e+61
 1.25451e+62
 7.89722e+62
 4.97145e+63
