18.1026
19.0397
19.1462
19.1583
19.1596
19.1598
19.1598
19.1598
19.1598
19.1598
19.1598
19.1598
19.1598
19.1598
19.1598
19.1598
19.1598
19.1598
19.1598
19.1598
19.1598
19.1598
19.1598
19.1598
19.1598
19.1598
19.1598
19.1598
19.1598
19.1598
19.1598
19.1598
19.1598
19.1598
19.1598
19.1598
19.1598
19.1598
19.1598
19.1598
19.1598
19.1598
19.1598
19.1598
19.1598
19.1598
19.1598
19.1598
19.1598
19.1598
19.1598
19.1598
19.1598
19.1598
19.1598
19.1598
19.1598
19.1598
19.1598
19.1598
19.1598
19.1598
19.1598
19.1598
19.1598
19.1598
19.1598
19.1598
19.1598
19.1598
19.1598
19.1598
19.1598
19.1598
19.1598
19.1598
19.1598
19.1598
19.1598
19.1598
19.1598
19.1598
19.1598
19.1598
19.1598
19.1598
19.1598
19.1598
19.1598
19.1598
19.1598
19.1598
19.1598
19.1598
19.1598
19.1598
19.1598
19.1598
19.1598
19.1598
