 9.9153
9.90505
9.90387
9.90374
9.90372
9.90372
9.90372
9.90372
9.90372
9.90372
9.90372
9.90372
9.90372
9.90372
9.90372
9.90372
9.90372
9.90372
9.90372
9.90372
9.90372
9.90372
9.90372
9.90372
9.90372
9.90372
9.90372
9.90372
9.90372
9.90372
9.90372
9.90372
9.90372
9.90372
9.90372
9.90372
9.90372
9.90372
9.90372
9.90372
9.90372
9.90372
9.90372
9.90372
9.90372
9.90372
9.90372
9.90372
9.90372
9.90372
9.90372
9.90372
9.90372
9.90372
9.90372
9.90372
9.90372
9.90372
9.90372
9.90372
9.90372
9.90372
9.90372
9.90372
9.90372
9.90372
9.90372
9.90372
9.90372
9.90372
9.90372
9.90372
9.90372
9.90372
9.90372
9.90372
9.90372
9.90372
9.90372
9.90372
9.90372
9.90372
9.90372
9.90372
9.90372
9.90372
9.90372
9.90372
9.90372
9.90372
9.90372
9.90372
9.90372
9.90372
9.90372
9.90372
9.90372
9.90372
9.90372
9.90372
