 0.98306
 0.98101
0.980774
0.980747
0.980744
0.980744
0.980744
0.980744
0.980744
0.980744
0.980744
0.980744
0.980744
0.980744
0.980744
0.980744
0.980744
0.980744
0.980744
0.980744
0.980744
0.980744
0.980744
0.980744
0.980744
0.980744
0.980744
0.980744
0.980744
0.980744
0.980744
0.980744
0.980744
0.980744
0.980744
0.980744
0.980744
0.980744
0.980744
0.980744
0.980744
0.980744
0.980744
0.980744
0.980744
0.980744
0.980744
0.980744
0.980744
0.980744
0.980744
0.980744
0.980744
0.980744
0.980744
0.980744
0.980744
0.980744
0.980744
0.980744
0.980744
0.980744
0.980744
0.980744
0.980744
0.980744
0.980744
0.980744
0.980744
0.980744
0.980744
0.980744
0.980744
0.980744
0.980744
0.980744
0.980744
0.980744
0.980744
0.980744
0.980744
0.980744
0.980744
0.980744
0.980744
0.980744
0.980744
0.980744
0.980744
0.980744
0.980744
0.980744
0.980744
0.980744
0.980744
0.980744
0.980744
0.980744
0.980744
0.980744
