0.00827002
0.00922692
0.00933568
0.00934801
0.00934941
0.00934956
0.00934958
0.00934958
0.00934959
0.00934959
0.00934959
0.00934959
0.00934959
0.00934959
0.00934959
0.00934959
0.00934959
0.00934959
0.00934959
0.00934959
0.00934959
0.00934959
0.00934959
0.00934959
0.00934959
0.00934959
0.00934959
0.00934959
0.00934959
0.00934959
0.00934959
0.00934959
0.00934959
0.00934959
0.00934959
0.00934959
0.00934959
0.00934959
0.00934959
0.00934959
0.00934959
0.00934959
0.00934959
0.00934959
0.00934959
0.00934959
0.00934959
0.00934959
0.00934959
0.00934959
0.00934959
0.00934959
0.00934959
0.00934959
0.00934959
0.00934959
0.00934959
0.00934959
0.00934959
0.00934959
0.00934959
0.00934959
0.00934959
0.00934959
0.00934959
0.00934959
0.00934959
0.00934959
0.00934959
0.00934959
0.00934959
0.00934959
0.00934959
0.00934959
0.00934959
0.00934959
0.00934959
0.00934959
0.00934959
0.00934959
0.00934959
0.00934959
0.00934959
0.00934959
0.00934959
0.00934959
0.00934959
0.00934959
0.00934959
0.00934959
0.00934959
0.00934959
0.00934959
0.00934959
0.00934959
0.00934959
0.00934959
0.00934959
0.00934959
0.00934959
