3.29662
5.50647
6.98781
7.98082
8.64646
9.09267
9.39178
9.59229
 9.7267
9.81679
9.87719
9.91768
9.94481
9.96301
 9.9752
9.98338
9.98886
9.99253
9.99499
9.99664
9.99775
9.99849
9.99899
9.99932
9.99955
 9.9997
 9.9998
9.99986
9.99991
9.99994
9.99996
9.99997
9.99998
9.99999
9.99999
9.99999
     10
     10
     10
     10
     10
     10
     10
     10
     10
     10
     10
     10
     10
     10
     10
     10
     10
     10
     10
     10
     10
     10
     10
     10
     10
     10
     10
     10
     10
     10
     10
     10
     10
     10
     10
     10
     10
     10
     10
     10
     10
     10
     10
     10
     10
     10
     10
     10
     10
     10
     10
     10
     10
     10
     10
     10
     10
     10
     10
     10
     10
     10
     10
     10
