    2.14916
    4.41259
    9.38294
     22.404
    61.4361
    192.922
    679.389
     2610.3
    10670.7
    45521.4
     199885
     894921
4.05931e+06
1.85745e+07
8.54927e+07
3.95046e+08
1.83025e+09
8.49454e+09
3.94716e+10
1.83558e+11
8.54069e+11
3.97528e+12
1.85074e+13
8.61775e+13
4.01318e+14
1.86902e+15
8.70486e+15
4.05436e+16
 1.8884e+17
8.79569e+17
4.09686e+18
1.90825e+19
8.88834e+19
4.14007e+20
1.92839e+21
8.98222e+21
4.18382e+22
1.94877e+23
9.07718e+23
4.22805e+24
1.96938e+25
9.17316e+25
4.27276e+26
1.99021e+27
9.27017e+27
4.31795e+28
2.01125e+29
9.36821e+29
4.36361e+30
2.03252e+31
9.46728e+31
4.40976e+32
2.05402e+33
 9.5674e+33
 4.4564e+34
2.07574e+35
9.66858e+35
4.50352e+36
2.09769e+37
9.77083e+37
4.55115e+38
2.11988e+39
9.87417e+39
4.59928e+40
 2.1423e+41
9.97859e+41
4.64792e+42
2.16495e+43
1.00841e+44
4.69708e+44
2.18785e+45
1.01908e+46
4.74675e+46
2.21099e+47
1.02985e+48
4.79695e+48
2.23437e+49
1.04075e+50
4.84768e+50
  2.258e+51
1.05175e+52
4.89895e+52
2.28188e+53
1.06287e+54
4.95076e+54
2.30601e+55
1.07411e+56
5.00311e+56
 2.3304e+57
1.08547e+58
5.05602e+58
2.35504e+59
1.09695e+60
5.10949e+60
2.37995e+61
1.10855e+62
5.16353e+62
2.40512e+63
1.12028e+64
5.21814e+64
