-0.340676
 0.101293
 0.397563
 0.596163
 0.729293
 0.818535
 0.878357
 0.918458
 0.945339
 0.963359
 0.975438
 0.983535
 0.988963
 0.992601
  0.99504
 0.996675
 0.997771
 0.998506
 0.998999
 0.999329
  0.99955
 0.999698
 0.999798
 0.999864
 0.999909
 0.999939
 0.999959
 0.999973
 0.999982
 0.999988
 0.999992
 0.999994
 0.999996
 0.999998
 0.999998
 0.999999
 0.999999
 0.999999
        1
        1
        1
        1
        1
        1
        1
        1
        1
        1
        1
        1
        1
        1
        1
        1
        1
        1
        1
        1
        1
        1
        1
        1
        1
        1
        1
        1
        1
        1
        1
        1
        1
        1
        1
        1
        1
        1
        1
        1
        1
        1
        1
        1
        1
        1
        1
        1
        1
        1
        1
        1
        1
        1
        1
        1
        1
        1
        1
        1
        1
        1
