-0.00115905
-0.00110493
 0.00241932
  0.0145689
  0.0533229
   0.185687
   0.676765
    2.62697
    10.7686
    45.9713
    201.895
    903.951
     4100.3
    18762.1
    86356.2
     399036
1.84874e+06
8.58035e+06
3.98703e+07
1.85412e+08
8.62695e+08
4.01543e+09
1.86944e+10
 8.7048e+10
4.05372e+11
 1.8879e+12
8.79279e+12
4.09532e+13
1.90747e+14
8.88453e+14
4.13824e+15
1.92752e+16
8.97812e+16
4.18189e+17
1.94787e+18
9.07295e+18
4.22608e+19
1.96846e+20
9.16887e+20
4.27076e+21
1.98927e+22
9.26582e+22
4.31592e+23
2.01031e+24
9.36381e+24
4.36156e+25
2.03157e+26
9.46284e+26
4.40769e+27
2.05305e+28
9.56291e+28
 4.4543e+29
2.07477e+30
9.66404e+30
4.50141e+31
2.09671e+32
9.76625e+32
4.54901e+33
2.11888e+34
9.86953e+34
4.59712e+35
2.14129e+36
9.97391e+36
4.64574e+37
2.16394e+38
1.00794e+39
4.69487e+39
2.18682e+40
 1.0186e+41
4.74452e+41
2.20995e+42
1.02937e+43
 4.7947e+43
2.23332e+44
1.04026e+45
 4.8454e+45
2.25694e+46
1.05126e+47
4.89665e+47
2.28081e+48
1.06238e+49
4.94843e+49
2.30493e+50
1.07361e+51
5.00076e+51
 2.3293e+52
1.08496e+53
5.05365e+53
2.35394e+54
1.09644e+55
 5.1071e+55
2.37883e+56
1.10803e+57
5.16111e+57
2.40399e+58
1.11975e+59
5.21569e+59
2.42941e+60
1.13159e+61
5.27085e+61
