9.69017
9.09032
8.27836
 7.6496
7.44562
7.50254
7.60086
7.65241
7.65921
7.64805
7.63782
7.63391
7.63429
7.63577
7.63673
7.63695
7.63681
7.63665
7.63657
7.63656
7.63659
 7.6366
7.63661
7.63661
 7.6366
 7.6366
 7.6366
 7.6366
 7.6366
 7.6366
 7.6366
 7.6366
 7.6366
 7.6366
 7.6366
 7.6366
 7.6366
 7.6366
 7.6366
 7.6366
 7.6366
 7.6366
 7.6366
 7.6366
 7.6366
 7.6366
 7.6366
 7.6366
 7.6366
 7.6366
 7.6366
 7.6366
 7.6366
 7.6366
 7.6366
 7.6366
 7.6366
 7.6366
 7.6366
 7.6366
 7.6366
 7.6366
 7.6366
 7.6366
 7.6366
 7.6366
 7.6366
 7.6366
 7.6366
 7.6366
 7.6366
 7.6366
 7.6366
 7.6366
 7.6366
 7.6366
 7.6366
 7.6366
 7.6366
 7.6366
 7.6366
 7.6366
 7.6366
 7.6366
 7.6366
 7.6366
 7.6366
 7.6366
 7.6366
 7.6366
 7.6366
 7.6366
 7.6366
 7.6366
 7.6366
 7.6366
 7.6366
 7.6366
 7.6366
 7.6366
