38.8182
86.6208
132.786
147.686
139.395
129.681
 125.58
125.514
126.728
127.636
127.912
127.827
 127.68
127.601
 127.59
127.606
127.621
127.627
127.627
127.625
127.623
127.623
127.623
127.623
127.624
127.624
127.623
127.623
127.623
127.623
127.623
127.623
127.623
127.623
127.623
127.623
127.623
127.623
127.623
127.623
127.623
127.623
127.623
127.623
127.623
127.623
127.623
127.623
127.623
127.623
127.623
127.623
127.623
127.623
127.623
127.623
127.623
127.623
127.623
127.623
127.623
127.623
127.623
127.623
127.623
127.623
127.623
127.623
127.623
127.623
127.623
127.623
127.623
127.623
127.623
127.623
127.623
127.623
127.623
127.623
127.623
127.623
127.623
127.623
127.623
127.623
127.623
127.623
127.623
127.623
127.623
127.623
127.623
127.623
127.623
127.623
127.623
127.623
127.623
127.623
