0.938034
0.818064
0.655672
 0.52992
0.489123
0.500508
0.520173
0.530481
0.531843
 0.52961
0.527563
0.526783
0.526858
0.527155
0.527345
 0.52739
0.527363
0.527329
0.527314
0.527313
0.527317
 0.52732
0.527322
0.527321
0.527321
 0.52732
 0.52732
 0.52732
0.527321
0.527321
0.527321
0.527321
0.527321
0.527321
0.527321
0.527321
0.527321
0.527321
0.527321
0.527321
0.527321
0.527321
0.527321
0.527321
0.527321
0.527321
0.527321
0.527321
0.527321
0.527321
0.527321
0.527321
0.527321
0.527321
0.527321
0.527321
0.527321
0.527321
0.527321
0.527321
0.527321
0.527321
0.527321
0.527321
0.527321
0.527321
0.527321
0.527321
0.527321
0.527321
0.527321
0.527321
0.527321
0.527321
0.527321
0.527321
0.527321
0.527321
0.527321
0.527321
0.527321
0.527321
0.527321
0.527321
0.527321
0.527321
0.527321
0.527321
0.527321
0.527321
0.527321
0.527321
0.527321
0.527321
0.527321
0.527321
0.527321
0.527321
0.527321
0.527321
