0.0294222
0.0783136
 0.125765
 0.141451
 0.133282
 0.123413
  0.11917
 0.119052
 0.120271
   0.1212
 0.121489
 0.121408
 0.121259
 0.121177
 0.121165
 0.121181
 0.121197
 0.121203
 0.121202
   0.1212
 0.121199
 0.121198
 0.121199
 0.121199
 0.121199
 0.121199
 0.121199
 0.121199
 0.121199
 0.121199
 0.121199
 0.121199
 0.121199
 0.121199
 0.121199
 0.121199
 0.121199
 0.121199
 0.121199
 0.121199
 0.121199
 0.121199
 0.121199
 0.121199
 0.121199
 0.121199
 0.121199
 0.121199
 0.121199
 0.121199
 0.121199
 0.121199
 0.121199
 0.121199
 0.121199
 0.121199
 0.121199
 0.121199
 0.121199
 0.121199
 0.121199
 0.121199
 0.121199
 0.121199
 0.121199
 0.121199
 0.121199
 0.121199
 0.121199
 0.121199
 0.121199
 0.121199
 0.121199
 0.121199
 0.121199
 0.121199
 0.121199
 0.121199
 0.121199
 0.121199
 0.121199
 0.121199
 0.121199
 0.121199
 0.121199
 0.121199
 0.121199
 0.121199
 0.121199
 0.121199
 0.121199
 0.121199
 0.121199
 0.121199
 0.121199
 0.121199
 0.121199
 0.121199
 0.121199
 0.121199
