9.88558
9.85473
9.84693
9.84501
9.84454
9.84442
 9.8444
9.84439
9.84439
9.84439
9.84439
9.84439
9.84439
9.84439
9.84439
9.84439
9.84439
9.84439
9.84439
9.84439
9.84439
9.84439
9.84439
9.84439
9.84439
9.84439
9.84439
9.84439
9.84439
9.84439
9.84439
9.84439
9.84439
9.84439
9.84439
9.84439
9.84439
9.84439
9.84439
9.84439
9.84439
9.84439
9.84439
9.84439
9.84439
9.84439
9.84439
9.84439
9.84439
9.84439
9.84439
9.84439
9.84439
9.84439
9.84439
9.84439
9.84439
9.84439
9.84439
9.84439
9.84439
9.84439
9.84439
9.84439
9.84439
9.84439
9.84439
9.84439
9.84439
9.84439
9.84439
9.84439
9.84439
9.84439
9.84439
9.84439
9.84439
9.84439
9.84439
9.84439
9.84439
9.84439
9.84439
9.84439
9.84439
9.84439
9.84439
9.84439
9.84439
9.84439
9.84439
9.84439
9.84439
9.84439
9.84439
9.84439
9.84439
9.84439
9.84439
9.84439
