20.8884
23.6753
 24.364
24.5325
24.5737
24.5837
24.5862
24.5868
24.5869
24.5869
 24.587
 24.587
 24.587
 24.587
 24.587
 24.587
 24.587
 24.587
 24.587
 24.587
 24.587
 24.587
 24.587
 24.587
 24.587
 24.587
 24.587
 24.587
 24.587
 24.587
 24.587
 24.587
 24.587
 24.587
 24.587
 24.587
 24.587
 24.587
 24.587
 24.587
 24.587
 24.587
 24.587
 24.587
 24.587
 24.587
 24.587
 24.587
 24.587
 24.587
 24.587
 24.587
 24.587
 24.587
 24.587
 24.587
 24.587
 24.587
 24.587
 24.587
 24.587
 24.587
 24.587
 24.587
 24.587
 24.587
 24.587
 24.587
 24.587
 24.587
 24.587
 24.587
 24.587
 24.587
 24.587
 24.587
 24.587
 24.587
 24.587
 24.587
 24.587
 24.587
 24.587
 24.587
 24.587
 24.587
 24.587
 24.587
 24.587
 24.587
 24.587
 24.587
 24.587
 24.587
 24.587
 24.587
 24.587
 24.587
 24.587
 24.587
