0.977117
0.970945
0.969386
0.969002
0.968908
0.968885
0.968879
0.968878
0.968877
0.968877
0.968877
0.968877
0.968877
0.968877
0.968877
0.968877
0.968877
0.968877
0.968877
0.968877
0.968877
0.968877
0.968877
0.968877
0.968877
0.968877
0.968877
0.968877
0.968877
0.968877
0.968877
0.968877
0.968877
0.968877
0.968877
0.968877
0.968877
0.968877
0.968877
0.968877
0.968877
0.968877
0.968877
0.968877
0.968877
0.968877
0.968877
0.968877
0.968877
0.968877
0.968877
0.968877
0.968877
0.968877
0.968877
0.968877
0.968877
0.968877
0.968877
0.968877
0.968877
0.968877
0.968877
0.968877
0.968877
0.968877
0.968877
0.968877
0.968877
0.968877
0.968877
0.968877
0.968877
0.968877
0.968877
0.968877
0.968877
0.968877
0.968877
0.968877
0.968877
0.968877
0.968877
0.968877
0.968877
0.968877
0.968877
0.968877
0.968877
0.968877
0.968877
0.968877
0.968877
0.968877
0.968877
0.968877
0.968877
0.968877
0.968877
0.968877
