0.0111139
0.0139602
0.0146637
0.0148359
0.0148779
0.0148882
0.0148907
0.0148913
0.0148914
0.0148915
0.0148915
0.0148915
0.0148915
0.0148915
0.0148915
0.0148915
0.0148915
0.0148915
0.0148915
0.0148915
0.0148915
0.0148915
0.0148915
0.0148915
0.0148915
0.0148915
0.0148915
0.0148915
0.0148915
0.0148915
0.0148915
0.0148915
0.0148915
0.0148915
0.0148915
0.0148915
0.0148915
0.0148915
0.0148915
0.0148915
0.0148915
0.0148915
0.0148915
0.0148915
0.0148915
0.0148915
0.0148915
0.0148915
0.0148915
0.0148915
0.0148915
0.0148915
0.0148915
0.0148915
0.0148915
0.0148915
0.0148915
0.0148915
0.0148915
0.0148915
0.0148915
0.0148915
0.0148915
0.0148915
0.0148915
0.0148915
0.0148915
0.0148915
0.0148915
0.0148915
0.0148915
0.0148915
0.0148915
0.0148915
0.0148915
0.0148915
0.0148915
0.0148915
0.0148915
0.0148915
0.0148915
0.0148915
0.0148915
0.0148915
0.0148915
0.0148915
0.0148915
0.0148915
0.0148915
0.0148915
0.0148915
0.0148915
0.0148915
0.0148915
0.0148915
0.0148915
0.0148915
0.0148915
0.0148915
0.0148915
