 62.5056
 216.921
  169.21
 40.7568
 7.84448
 1.77317
0.614654
0.384859
0.353107
0.372001
0.409005
0.456957
0.515177
0.585129
0.669455
0.771897
0.897567
 1.05343
 1.24901
 1.49745
 1.81691
 2.23244
 2.77824
 3.49994
  4.4555
 5.71196
 7.33229
 9.34437
  11.687
 14.1458
  16.329
 17.7568
 18.0752
 17.2584
 15.6186
 13.6159
 11.6466
 9.94541
 8.60037
 7.61014
 6.93507
 6.52776
   6.347
 6.36173
 6.55034
  6.8977
 7.39103
 8.01491
 8.74572
 9.54636
  10.363
 11.1265
   11.76
 12.1941
 12.3831
  12.318
 12.0279
 11.5713
 11.0195
 10.4416
 9.89356
 9.41488
 9.02919
 8.74766
 8.57266
 8.50081
 8.52494
 8.63511
 8.81884
 9.06104
 9.34383
 9.64665
 9.94699
 10.2219
   10.45
 10.6142
 10.7038
  10.716
 10.6561
 10.5359
 10.3722
 10.1837
 9.98862
 9.80333
  9.6408
  9.5104
 9.41793
 9.36584
 9.35374
  9.3788
 9.43613
 9.51921
 9.62027
 9.73076
 9.84188
 9.94522
 10.0333
 10.1004
 10.1427
 10.1587
