 9.42278
 6.78119
 2.55875
  1.0014
0.965976
 1.24239
 1.56539
 1.88694
 2.19796
 2.49682
 2.78339
 3.05788
 3.32057
  3.5717
 3.81148
 4.04003
  4.2574
 4.46349
 4.65807
 4.84069
 5.01062
 5.16671
 5.30732
 5.43007
 5.53165
 5.60765
 5.65254
 5.66003
 5.62431
 5.54241
 5.41747
 5.26132
  5.0939
 4.93828
 4.81359
 4.73029
  4.6897
 4.68692
 4.71414
 4.76312
  4.8264
 4.89772
 4.97193
 5.04481
 5.11279
 5.17282
 5.22223
  5.2587
 5.28042
 5.28619
 5.27577
 5.25016
 5.21174
 5.16427
 5.11253
 5.06163
 5.01631
  4.9802
 4.95552
 4.94298
 4.94206
 4.95128
 4.96863
 4.99185
 5.01862
 5.04675
 5.07422
 5.09927
 5.12043
 5.13656
 5.14687
 5.15101
 5.14903
 5.14145
 5.12921
 5.11358
 5.09608
 5.07827
 5.06164
 5.04746
 5.03665
 5.02975
 5.02691
 5.02794
 5.03235
 5.03947
  5.0485
 5.05859
 5.06891
 5.07869
 5.08726
 5.09411
 5.09887
 5.10136
 5.10156
 5.09964
 5.09591
 5.09079
  5.0848
 5.07848
