   0.884556
   0.356238
  -0.488251
  -0.799721
  -0.806805
  -0.751522
  -0.686921
  -0.622613
  -0.560407
  -0.500636
  -0.443323
  -0.388424
  -0.335887
   -0.28566
  -0.237704
  -0.191993
  -0.148521
  -0.107302
 -0.0683858
 -0.0318616
 0.00212307
  0.0333426
  0.0614645
  0.0860135
    0.10633
   0.121531
   0.130509
   0.132006
   0.124862
   0.108482
   0.083494
  0.0522645
  0.0187803
 -0.0123449
 -0.0372812
  -0.053943
 -0.0620596
 -0.0626153
 -0.0571711
 -0.0473759
 -0.0347195
 -0.0204559
-0.00561356
 0.00896124
  0.0225578
  0.0345641
  0.0444452
  0.0517407
  0.0560832
  0.0572372
  0.0551545
  0.0500317
  0.0423476
  0.0328544
  0.0225055
  0.0123264
 0.00326105
-0.00396045
 -0.0088967
 -0.0114033
 -0.0115887
-0.00974463
-0.00627402
-0.00163074
 0.00372381
 0.00934917
  0.0148434
  0.0198541
  0.0240866
   0.027312
  0.0293748
  0.0302011
   0.029805
  0.0282896
  0.0258417
  0.0227168
  0.0192156
  0.0156534
  0.0123283
 0.00949234
 0.00733059
 0.00595074
  0.0053829
 0.00558771
  0.0064698
 0.00789364
 0.00969942
  0.0117176
  0.0137814
  0.0157371
  0.0174523
  0.0188222
  0.0197745
  0.0202716
  0.0203119
  0.0199277
  0.0191811
  0.0181582
  0.0169605
  0.0156958
