    0.053619
    0.212262
    0.168335
    0.040157
  0.00694798
 0.000536139
-0.000960344
 -0.00151725
 -0.00186349
 -0.00214628
 -0.00239837
 -0.00262719
 -0.00283373
 -0.00301674
 -0.00317376
 -0.00330115
 -0.00339377
 -0.00344451
  -0.0034435
 -0.00337701
 -0.00322596
 -0.00296391
 -0.00255463
 -0.00194963
 -0.00108702
 0.000105359
  0.00169671
  0.00372155
  0.00612392
  0.00869029
   0.0110217
   0.0126217
   0.0131124
   0.0124446
   0.0109141
   0.0089754
  0.00702719
  0.00531161
  0.00392548
  0.00287578
  0.00212996
  0.00164651
  0.00138896
  0.00133022
  0.00145207
   0.0017423
  0.00219071
  0.00278404
   0.0035003
   0.0043032
  0.00513863
  0.00593565
  0.00661441
  0.00710083
  0.00734405
  0.00732965
  0.00708245
  0.00665768
  0.00612528
  0.00555414
  0.00500152
  0.00450869
  0.00410157
  0.00379375
  0.00358994
  0.00348895
  0.00348558
  0.00357155
  0.00373576
  0.00396412
  0.00423935
  0.00454106
  0.00484643
  0.00513174
  0.00537451
  0.00555615
  0.00566435
   0.0056947
  0.00565093
  0.00554389
  0.00538946
  0.00520597
  0.00501183
  0.00482362
    0.004655
   0.0045161
  0.00441356
  0.00435076
  0.00432812
  0.00434355
   0.0043928
  0.00446979
  0.00456706
  0.00467616
  0.00478821
  0.00489453
  0.00498731
  0.00506023
  0.00510897
  0.00513152
