 63.1458
 220.152
 165.549
 37.1276
 6.34469
  1.1734
0.309484
0.160437
0.137152
0.137871
0.143882
0.151547
0.160153
0.169595
0.179907
0.191168
0.203474
0.216938
0.231691
0.247883
0.265688
0.285307
0.306975
0.330966
0.357602
0.387262
0.420393
0.457526
0.499294
0.546453
 0.59991
0.660755
0.730304
0.810143
0.902191
 1.00876
 1.13264
 1.27716
 1.44627
  1.6446
 1.87743
  2.1506
 2.47022
 2.84216
 3.27105
 3.75891
 4.30315
 4.89423
 5.51339
 6.13129
 6.70884
 7.20107
 7.56436
 7.76549
 7.78953
  7.6436
 7.35481
 6.96329
  6.5134
 6.04599
 5.59361
  5.1789
 4.81535
 4.50919
 4.26162
 4.07074
 3.93299
  3.8442
 3.80006
 3.79651
 3.82973
 3.89616
 3.99227
 4.11446
  4.2588
 4.42087
 4.59562
 4.77726
 4.95937
 5.13504
 5.29721
  5.4391
 5.55477
 5.63963
 5.69091
 5.70787
 5.69189
 5.64624
  5.5757
 5.48603
 5.38344
 5.27406
 5.16355
 5.05683
 4.95795
 4.87001
 4.79522
   4.735
 4.69006
  4.6605
