 9.41542
  6.7003
 2.36719
0.731992
0.570881
0.698023
0.869968
 1.04652
 1.22094
 1.39207
 1.55974
 1.72394
 1.88473
 2.04216
 2.19628
 2.34713
 2.49476
 2.63921
 2.78053
 2.91874
 3.05387
 3.18596
 3.31503
 3.44109
 3.56415
 3.68422
 3.80129
 3.91534
 4.02636
  4.1343
 4.23911
 4.34071
 4.43902
 4.53389
  4.6252
 4.71273
 4.79625
 4.87546
 4.95001
 5.01945
 5.08326
  5.1408
 5.19134
 5.23404
 5.26797
 5.29215
 5.30562
 5.30756
 5.29744
 5.27522
 5.24152
 5.19784
 5.14648
 5.09052
 5.03343
 4.97872
 4.92945
 4.88798
 4.85573
 4.83326
 4.82039
 4.81639
 4.82019
 4.83054
 4.84617
 4.86583
 4.88834
 4.91264
 4.93776
 4.96285
 4.98715
 5.00997
 5.03072
 5.04889
 5.06406
 5.07588
 5.08413
 5.08867
 5.08951
 5.08678
 5.08075
 5.07182
  5.0605
 5.04742
 5.03325
 5.01869
 5.00441
 4.99103
 4.97907
 4.96895
 4.96095
 4.95521
 4.95177
 4.95055
 4.95141
 4.95409
 4.95834
 4.96385
 4.97028
 4.97733
