   0.883084
    0.34006
  -0.526561
  -0.853602
  -0.885824
  -0.860395
  -0.826006
  -0.790696
  -0.755811
  -0.721585
  -0.688053
  -0.655212
  -0.623053
  -0.591567
  -0.560744
  -0.530574
  -0.501048
  -0.472157
  -0.443894
  -0.416253
  -0.389225
  -0.362807
  -0.336994
  -0.311783
   -0.28717
  -0.263157
  -0.239743
  -0.216931
  -0.194728
   -0.17314
  -0.152178
  -0.131857
  -0.112197
  -0.093221
 -0.0749607
 -0.0574544
 -0.0407503
 -0.0249072
-0.00999773
 0.00389043
  0.0166515
  0.0281596
  0.0382678
  0.0468079
   0.053594
  0.0584301
  0.0611245
  0.0615125
  0.0594884
  0.0550433
   0.048305
  0.0395672
  0.0292959
  0.0181031
 0.00668595
-0.00425671
 -0.0141093
 -0.0224044
 -0.0288543
 -0.0333476
 -0.0359215
 -0.0367219
 -0.0359626
 -0.0338915
 -0.0307656
 -0.0268347
 -0.0223326
 -0.0174728
 -0.0124477
-0.00742927
-0.00257043
  0.0019935
 0.00614384
 0.00977833
  0.0128116
  0.0151763
  0.0168254
  0.0177341
  0.0179022
  0.0173563
    0.01615
  0.0143635
  0.0121008
 0.00948477
 0.00665058
 0.00373773
0.000881625
-0.00179432
-0.00418526
-0.00620949
-0.00781078
-0.00895861
-0.00964651
 -0.0098892
-0.00971882
-0.00918107
-0.00833124
-0.00723065
 -0.0059436
-0.00453465
