   0.0542731
    0.215608
     0.16483
   0.0367633
  0.00583213
  0.00048018
-0.000566146
-0.000895036
 -0.00109474
 -0.00126687
 -0.00143016
 -0.00158828
   -0.001742
 -0.00189148
 -0.00203674
 -0.00217774
 -0.00231443
 -0.00244674
 -0.00257458
 -0.00269783
 -0.00281635
 -0.00292996
 -0.00303844
 -0.00314154
 -0.00323894
 -0.00333026
 -0.00341504
 -0.00349274
 -0.00356269
 -0.00362409
 -0.00367596
 -0.00371713
 -0.00374617
 -0.00376136
 -0.00376061
 -0.00374138
 -0.00370061
 -0.00363465
 -0.00353913
 -0.00340894
 -0.00323821
 -0.00302041
  -0.0027486
 -0.00241604
 -0.00201709
 -0.00154873
  -0.0010126
-0.000417506
 0.000218127
 0.000864723
  0.00148214
  0.00202347
  0.00244231
  0.00270199
  0.00278394
   0.0026918
  0.00244985
  0.00209627
  0.00167442
  0.00122498
 0.000781029
 0.000366175
-4.88468e-06
-0.000324598
-0.000590456
-0.000803122
-0.000964992
 -0.00107923
 -0.00114919
 -0.00117813
 -0.00116911
 -0.00112506
 -0.00104894
-0.000943871
 -0.00081339
-0.000661623
-0.000493444
-0.000314557
-0.000131455
 4.87482e-05
 0.000218643
 0.000370988
 0.000499254
 0.000598192
   0.0006643
 0.000696143
 0.000694424
 0.000661828
 0.000602651
 0.000522304
 0.000426765
 0.000322074
 0.000213921
 0.000107353
 6.60961e-06
-8.49388e-05
-0.000164773
-0.000231158
-0.000283056
-0.000320029
