20.3179
22.6255
23.1259
23.2336
23.2568
23.2618
23.2628
23.2631
23.2631
23.2631
23.2631
23.2631
23.2631
23.2631
23.2631
23.2631
23.2631
23.2631
23.2631
23.2631
23.2631
23.2631
23.2631
23.2631
23.2631
23.2631
23.2631
23.2631
23.2631
23.2631
23.2631
23.2631
23.2631
23.2631
23.2631
23.2631
23.2631
23.2631
23.2631
23.2631
23.2631
23.2631
23.2631
23.2631
23.2631
23.2631
23.2631
23.2631
23.2631
23.2631
23.2631
23.2631
23.2631
23.2631
23.2631
23.2631
23.2631
23.2631
23.2631
23.2631
23.2631
23.2631
23.2631
23.2631
23.2631
23.2631
23.2631
23.2631
23.2631
23.2631
23.2631
23.2631
23.2631
23.2631
23.2631
23.2631
23.2631
23.2631
23.2631
23.2631
23.2631
23.2631
23.2631
23.2631
23.2631
23.2631
23.2631
23.2631
23.2631
23.2631
23.2631
23.2631
23.2631
23.2631
23.2631
23.2631
23.2631
23.2631
23.2631
23.2631
