9.89169
 9.8662
9.86057
9.85935
9.85908
9.85903
9.85901
9.85901
9.85901
9.85901
9.85901
9.85901
9.85901
9.85901
9.85901
9.85901
9.85901
9.85901
9.85901
9.85901
9.85901
9.85901
9.85901
9.85901
9.85901
9.85901
9.85901
9.85901
9.85901
9.85901
9.85901
9.85901
9.85901
9.85901
9.85901
9.85901
9.85901
9.85901
9.85901
9.85901
9.85901
9.85901
9.85901
9.85901
9.85901
9.85901
9.85901
9.85901
9.85901
9.85901
9.85901
9.85901
9.85901
9.85901
9.85901
9.85901
9.85901
9.85901
9.85901
9.85901
9.85901
9.85901
9.85901
9.85901
9.85901
9.85901
9.85901
9.85901
9.85901
9.85901
9.85901
9.85901
9.85901
9.85901
9.85901
9.85901
9.85901
9.85901
9.85901
9.85901
9.85901
9.85901
9.85901
9.85901
9.85901
9.85901
9.85901
9.85901
9.85901
9.85901
9.85901
9.85901
9.85901
9.85901
9.85901
9.85901
9.85901
9.85901
9.85901
9.85901
