0.978337
0.973241
0.972113
0.971869
0.971817
0.971805
0.971803
0.971802
0.971802
0.971802
0.971802
0.971802
0.971802
0.971802
0.971802
0.971802
0.971802
0.971802
0.971802
0.971802
0.971802
0.971802
0.971802
0.971802
0.971802
0.971802
0.971802
0.971802
0.971802
0.971802
0.971802
0.971802
0.971802
0.971802
0.971802
0.971802
0.971802
0.971802
0.971802
0.971802
0.971802
0.971802
0.971802
0.971802
0.971802
0.971802
0.971802
0.971802
0.971802
0.971802
0.971802
0.971802
0.971802
0.971802
0.971802
0.971802
0.971802
0.971802
0.971802
0.971802
0.971802
0.971802
0.971802
0.971802
0.971802
0.971802
0.971802
0.971802
0.971802
0.971802
0.971802
0.971802
0.971802
0.971802
0.971802
0.971802
0.971802
0.971802
0.971802
0.971802
0.971802
0.971802
0.971802
0.971802
0.971802
0.971802
0.971802
0.971802
0.971802
0.971802
0.971802
0.971802
0.971802
0.971802
0.971802
0.971802
0.971802
0.971802
0.971802
0.971802
