0.0105315
0.0128881
0.0133993
0.0135094
 0.013533
0.0135381
0.0135392
0.0135394
0.0135395
0.0135395
0.0135395
0.0135395
0.0135395
0.0135395
0.0135395
0.0135395
0.0135395
0.0135395
0.0135395
0.0135395
0.0135395
0.0135395
0.0135395
0.0135395
0.0135395
0.0135395
0.0135395
0.0135395
0.0135395
0.0135395
0.0135395
0.0135395
0.0135395
0.0135395
0.0135395
0.0135395
0.0135395
0.0135395
0.0135395
0.0135395
0.0135395
0.0135395
0.0135395
0.0135395
0.0135395
0.0135395
0.0135395
0.0135395
0.0135395
0.0135395
0.0135395
0.0135395
0.0135395
0.0135395
0.0135395
0.0135395
0.0135395
0.0135395
0.0135395
0.0135395
0.0135395
0.0135395
0.0135395
0.0135395
0.0135395
0.0135395
0.0135395
0.0135395
0.0135395
0.0135395
0.0135395
0.0135395
0.0135395
0.0135395
0.0135395
0.0135395
0.0135395
0.0135395
0.0135395
0.0135395
0.0135395
0.0135395
0.0135395
0.0135395
0.0135395
0.0135395
0.0135395
0.0135395
0.0135395
0.0135395
0.0135395
0.0135395
0.0135395
0.0135395
0.0135395
0.0135395
0.0135395
0.0135395
0.0135395
0.0135395
