9.53286
7.88952
5.22374
4.17044
4.68488
5.53627
6.21463
6.56907
6.56547
6.27521
5.90716
5.68694
5.67953
5.80298
5.94659
6.03737
6.05211
6.00888
 5.9476
5.90455
5.89455
5.91064
5.93567
 5.9545
5.96031
5.95484
5.94463
5.93627
5.93316
5.93495
5.93906
5.94269
5.94426
5.94374
5.94211
5.94054
5.93977
5.93989
5.94053
 5.9412
5.94157
5.94156
5.94131
5.94103
5.94086
5.94085
5.94094
5.94106
5.94114
5.94115
5.94112
5.94107
5.94103
5.94102
5.94103
5.94105
5.94107
5.94108
5.94107
5.94106
5.94106
5.94105
5.94105
5.94106
5.94106
5.94106
5.94106
5.94106
5.94106
5.94106
5.94106
5.94106
5.94106
5.94106
5.94106
5.94106
5.94106
5.94106
5.94106
5.94106
5.94106
5.94106
5.94106
5.94106
5.94106
5.94106
5.94106
5.94106
5.94106
5.94106
5.94106
5.94106
5.94106
5.94106
5.94106
5.94106
5.94106
5.94106
5.94106
5.94106
