52.8596
 164.15
200.772
111.595
 59.918
44.4986
45.4841
56.4759
73.7909
89.4005
93.8525
87.3729
78.2117
72.2539
70.7597
72.6544
76.0036
78.8025
79.8323
79.1586
77.7276
76.5194
76.0295
76.2313
76.7881
77.3119
77.5609
77.5092
77.2874
77.0629
76.9448
76.9523
77.0379
 77.133
77.1885
77.1915
77.1589
77.1189
77.0934
77.0896
77.1017
77.1183
77.1299
77.1325
77.1282
77.1213
77.1162
77.1146
77.1161
77.1189
77.1212
 77.122
77.1215
77.1204
77.1194
 77.119
77.1191
77.1196
  77.12
77.1202
77.1202
  77.12
77.1198
77.1197
77.1197
77.1198
77.1199
77.1199
77.1199
77.1199
77.1199
77.1198
77.1198
77.1199
77.1199
77.1199
77.1199
77.1199
77.1199
77.1199
77.1199
77.1199
77.1199
77.1199
77.1199
77.1199
77.1199
77.1199
77.1199
77.1199
77.1199
77.1199
77.1199
77.1199
77.1199
77.1199
77.1199
77.1199
77.1199
77.1199
