  0.906572
  0.577903
 0.0447483
 -0.165912
-0.0630244
  0.107255
  0.242926
  0.313815
  0.313095
  0.255041
  0.181431
  0.137388
  0.135906
  0.160596
  0.189319
  0.207473
  0.210422
  0.201777
   0.18952
   0.18091
  0.178911
  0.182128
  0.187135
    0.1909
  0.192063
  0.190968
  0.188927
  0.187254
  0.186631
   0.18699
  0.187812
  0.188538
  0.188853
  0.188749
  0.188422
  0.188109
  0.187955
  0.187979
  0.188107
  0.188241
  0.188314
  0.188312
  0.188263
  0.188206
  0.188172
  0.188169
  0.188188
  0.188212
  0.188227
   0.18823
  0.188223
  0.188213
  0.188206
  0.188204
  0.188207
  0.188211
  0.188214
  0.188215
  0.188214
  0.188213
  0.188211
  0.188211
  0.188211
  0.188212
  0.188212
  0.188212
  0.188212
  0.188212
  0.188212
  0.188212
  0.188212
  0.188212
  0.188212
  0.188212
  0.188212
  0.188212
  0.188212
  0.188212
  0.188212
  0.188212
  0.188212
  0.188212
  0.188212
  0.188212
  0.188212
  0.188212
  0.188212
  0.188212
  0.188212
  0.188212
  0.188212
  0.188212
  0.188212
  0.188212
  0.188212
  0.188212
  0.188212
  0.188212
  0.188212
  0.188212
