0.0437644
 0.157839
 0.197524
 0.108509
0.0557911
0.0393559
0.0396661
 0.050411
0.0679045
0.0839649
0.0888337
0.0825111
0.0732649
0.0671221
0.0654678
0.0672899
0.0706581
0.0735289
 0.074631
 0.073994
0.0725586
 0.071322
0.0708019
0.0709867
0.0715432
0.0720779
0.0723397
0.0722959
 0.072075
0.0718464
0.0717229
0.0717269
0.0718117
0.0719084
0.0719661
0.0719706
0.0719385
 0.071898
0.0718716
0.0718671
0.0718789
0.0718957
0.0719076
0.0719106
0.0719064
0.0718995
0.0718942
0.0718925
0.0718939
0.0718967
0.0718991
   0.0719
0.0718995
0.0718984
0.0718974
0.0718969
 0.071897
0.0718975
0.0718979
0.0718981
0.0718981
0.0718979
0.0718978
0.0718976
0.0718976
0.0718977
0.0718978
0.0718978
0.0718978
0.0718978
0.0718978
0.0718978
0.0718978
0.0718978
0.0718978
0.0718978
0.0718978
0.0718978
0.0718978
0.0718978
0.0718978
0.0718978
0.0718978
0.0718978
0.0718978
0.0718978
0.0718978
0.0718978
0.0718978
0.0718978
0.0718978
0.0718978
0.0718978
0.0718978
0.0718978
0.0718978
0.0718978
0.0718978
0.0718978
0.0718978
