9.59096
8.38994
6.48221
5.49696
5.73982
6.30303
6.68578
6.78029
6.66463
6.49664
6.40164
6.40227
6.45077
6.49492
6.51113
6.50337
6.48765
6.47707
6.47539
 6.4793
6.48379
6.48594
6.48562
 6.4842
6.48306
6.48272
6.48301
6.48344
 6.4837
6.48372
 6.4836
6.48348
6.48343
6.48344
6.48348
6.48351
6.48352
6.48351
 6.4835
6.48349
6.48349
 6.4835
 6.4835
 6.4835
 6.4835
 6.4835
 6.4835
 6.4835
 6.4835
 6.4835
 6.4835
 6.4835
 6.4835
 6.4835
 6.4835
 6.4835
 6.4835
 6.4835
 6.4835
 6.4835
 6.4835
 6.4835
 6.4835
 6.4835
 6.4835
 6.4835
 6.4835
 6.4835
 6.4835
 6.4835
 6.4835
 6.4835
 6.4835
 6.4835
 6.4835
 6.4835
 6.4835
 6.4835
 6.4835
 6.4835
 6.4835
 6.4835
 6.4835
 6.4835
 6.4835
 6.4835
 6.4835
 6.4835
 6.4835
 6.4835
 6.4835
 6.4835
 6.4835
 6.4835
 6.4835
 6.4835
 6.4835
 6.4835
 6.4835
 6.4835
