47.7104
134.651
191.454
146.565
101.108
85.2166
87.5791
98.2665
108.526
112.316
110.086
106.197
103.826
103.582
104.568
105.626
  106.1
105.988
105.639
105.374
105.309
105.384
105.489
105.546
105.546
105.516
105.488
105.478
105.483
105.492
105.499
  105.5
105.498
105.495
105.494
105.494
105.495
105.495
105.496
105.495
105.495
105.495
105.495
105.495
105.495
105.495
105.495
105.495
105.495
105.495
105.495
105.495
105.495
105.495
105.495
105.495
105.495
105.495
105.495
105.495
105.495
105.495
105.495
105.495
105.495
105.495
105.495
105.495
105.495
105.495
105.495
105.495
105.495
105.495
105.495
105.495
105.495
105.495
105.495
105.495
105.495
105.495
105.495
105.495
105.495
105.495
105.495
105.495
105.495
105.495
105.495
105.495
105.495
105.495
105.495
105.495
105.495
105.495
105.495
105.495
