 0.918191
 0.677988
 0.296442
0.0993923
 0.147964
 0.260606
 0.337155
 0.356058
 0.332925
 0.299327
 0.280328
 0.280455
 0.290154
 0.298985
 0.302226
 0.300673
 0.297531
 0.295414
 0.295078
  0.29586
 0.296759
 0.297189
 0.297124
 0.296841
 0.296611
 0.296545
 0.296602
 0.296689
  0.29674
 0.296743
 0.296719
 0.296695
 0.296686
 0.296689
 0.296697
 0.296703
 0.296704
 0.296702
   0.2967
 0.296698
 0.296699
 0.296699
   0.2967
   0.2967
   0.2967
   0.2967
   0.2967
   0.2967
   0.2967
   0.2967
   0.2967
   0.2967
   0.2967
   0.2967
   0.2967
   0.2967
   0.2967
   0.2967
   0.2967
   0.2967
   0.2967
   0.2967
   0.2967
   0.2967
   0.2967
   0.2967
   0.2967
   0.2967
   0.2967
   0.2967
   0.2967
   0.2967
   0.2967
   0.2967
   0.2967
   0.2967
   0.2967
   0.2967
   0.2967
   0.2967
   0.2967
   0.2967
   0.2967
   0.2967
   0.2967
   0.2967
   0.2967
   0.2967
   0.2967
   0.2967
   0.2967
   0.2967
   0.2967
   0.2967
   0.2967
   0.2967
   0.2967
   0.2967
   0.2967
   0.2967
