0.0385045
 0.127537
 0.186841
 0.142493
0.0963313
0.0797107
0.0817105
0.0924103
  0.10289
 0.106888
 0.104732
 0.100802
0.0983588
0.0980677
0.0990471
 0.100124
 0.100618
 0.100516
 0.100165
 0.099894
 0.099823
0.0998972
 0.100003
 0.100063
 0.100064
 0.100034
 0.100005
0.0999942
0.0999989
 0.100009
 0.100016
 0.100017
 0.100014
 0.100012
  0.10001
  0.10001
 0.100011
 0.100012
 0.100012
 0.100012
 0.100012
 0.100012
 0.100012
 0.100012
 0.100012
 0.100012
 0.100012
 0.100012
 0.100012
 0.100012
 0.100012
 0.100012
 0.100012
 0.100012
 0.100012
 0.100012
 0.100012
 0.100012
 0.100012
 0.100012
 0.100012
 0.100012
 0.100012
 0.100012
 0.100012
 0.100012
 0.100012
 0.100012
 0.100012
 0.100012
 0.100012
 0.100012
 0.100012
 0.100012
 0.100012
 0.100012
 0.100012
 0.100012
 0.100012
 0.100012
 0.100012
 0.100012
 0.100012
 0.100012
 0.100012
 0.100012
 0.100012
 0.100012
 0.100012
 0.100012
 0.100012
 0.100012
 0.100012
 0.100012
 0.100012
 0.100012
 0.100012
 0.100012
 0.100012
 0.100012
