9.91472
 9.9042
9.90297
9.90282
9.90281
9.90281
 9.9028
 9.9028
 9.9028
 9.9028
 9.9028
 9.9028
 9.9028
 9.9028
 9.9028
 9.9028
 9.9028
 9.9028
 9.9028
 9.9028
 9.9028
 9.9028
 9.9028
 9.9028
 9.9028
 9.9028
 9.9028
 9.9028
 9.9028
 9.9028
 9.9028
 9.9028
 9.9028
 9.9028
 9.9028
 9.9028
 9.9028
 9.9028
 9.9028
 9.9028
 9.9028
 9.9028
 9.9028
 9.9028
 9.9028
 9.9028
 9.9028
 9.9028
 9.9028
 9.9028
 9.9028
 9.9028
 9.9028
 9.9028
 9.9028
 9.9028
 9.9028
 9.9028
 9.9028
 9.9028
 9.9028
 9.9028
 9.9028
 9.9028
 9.9028
 9.9028
 9.9028
 9.9028
 9.9028
 9.9028
 9.9028
 9.9028
 9.9028
 9.9028
 9.9028
 9.9028
 9.9028
 9.9028
 9.9028
 9.9028
 9.9028
 9.9028
 9.9028
 9.9028
 9.9028
 9.9028
 9.9028
 9.9028
 9.9028
 9.9028
 9.9028
 9.9028
 9.9028
 9.9028
 9.9028
 9.9028
 9.9028
 9.9028
 9.9028
 9.9028
