18.1568
19.1186
19.2301
19.2429
19.2444
19.2446
19.2446
19.2446
19.2446
19.2446
19.2446
19.2446
19.2446
19.2446
19.2446
19.2446
19.2446
19.2446
19.2446
19.2446
19.2446
19.2446
19.2446
19.2446
19.2446
19.2446
19.2446
19.2446
19.2446
19.2446
19.2446
19.2446
19.2446
19.2446
19.2446
19.2446
19.2446
19.2446
19.2446
19.2446
19.2446
19.2446
19.2446
19.2446
19.2446
19.2446
19.2446
19.2446
19.2446
19.2446
19.2446
19.2446
19.2446
19.2446
19.2446
19.2446
19.2446
19.2446
19.2446
19.2446
19.2446
19.2446
19.2446
19.2446
19.2446
19.2446
19.2446
19.2446
19.2446
19.2446
19.2446
19.2446
19.2446
19.2446
19.2446
19.2446
19.2446
19.2446
19.2446
19.2446
19.2446
19.2446
19.2446
19.2446
19.2446
19.2446
19.2446
19.2446
19.2446
19.2446
19.2446
19.2446
19.2446
19.2446
19.2446
19.2446
19.2446
19.2446
19.2446
19.2446
