0.982944
 0.98084
0.980593
0.980565
0.980561
0.980561
0.980561
0.980561
0.980561
0.980561
0.980561
0.980561
0.980561
0.980561
0.980561
0.980561
0.980561
0.980561
0.980561
0.980561
0.980561
0.980561
0.980561
0.980561
0.980561
0.980561
0.980561
0.980561
0.980561
0.980561
0.980561
0.980561
0.980561
0.980561
0.980561
0.980561
0.980561
0.980561
0.980561
0.980561
0.980561
0.980561
0.980561
0.980561
0.980561
0.980561
0.980561
0.980561
0.980561
0.980561
0.980561
0.980561
0.980561
0.980561
0.980561
0.980561
0.980561
0.980561
0.980561
0.980561
0.980561
0.980561
0.980561
0.980561
0.980561
0.980561
0.980561
0.980561
0.980561
0.980561
0.980561
0.980561
0.980561
0.980561
0.980561
0.980561
0.980561
0.980561
0.980561
0.980561
0.980561
0.980561
0.980561
0.980561
0.980561
0.980561
0.980561
0.980561
0.980561
0.980561
0.980561
0.980561
0.980561
0.980561
0.980561
0.980561
0.980561
0.980561
0.980561
0.980561
