0.00832528
0.00930751
0.00942131
0.00943446
0.00943598
0.00943616
0.00943618
0.00943618
0.00943618
0.00943618
0.00943618
0.00943618
0.00943618
0.00943618
0.00943618
0.00943618
0.00943618
0.00943618
0.00943618
0.00943618
0.00943618
0.00943618
0.00943618
0.00943618
0.00943618
0.00943618
0.00943618
0.00943618
0.00943618
0.00943618
0.00943618
0.00943618
0.00943618
0.00943618
0.00943618
0.00943618
0.00943618
0.00943618
0.00943618
0.00943618
0.00943618
0.00943618
0.00943618
0.00943618
0.00943618
0.00943618
0.00943618
0.00943618
0.00943618
0.00943618
0.00943618
0.00943618
0.00943618
0.00943618
0.00943618
0.00943618
0.00943618
0.00943618
0.00943618
0.00943618
0.00943618
0.00943618
0.00943618
0.00943618
0.00943618
0.00943618
0.00943618
0.00943618
0.00943618
0.00943618
0.00943618
0.00943618
0.00943618
0.00943618
0.00943618
0.00943618
0.00943618
0.00943618
0.00943618
0.00943618
0.00943618
0.00943618
0.00943618
0.00943618
0.00943618
0.00943618
0.00943618
0.00943618
0.00943618
0.00943618
0.00943618
0.00943618
0.00943618
0.00943618
0.00943618
0.00943618
0.00943618
0.00943618
0.00943618
0.00943618
