60.0303
204.034
    182
56.4989
 15.886
6.08363
3.56258
3.05628
3.38261
4.35316
6.16391
9.33434
14.7693
23.6016
36.0378
48.7356
54.5025
49.7613
39.3925
29.6975
23.0898
19.4031
17.9196
18.1084
19.6835
22.4643
26.1713
30.2149
33.6406
35.4485
35.1869
33.2515
 30.555
27.9616
25.9928
24.8472
24.5268
24.9326
25.9021
 27.213
28.5892
29.7368
30.4173
30.5245
30.1157
29.3735
28.5259
27.7731
27.2484
27.0115
27.0587
27.3377
27.7623
28.2291
 28.637
28.9079
29.0025
28.9263
28.7223
28.4549
28.1905
27.9831
27.8652
27.8463
27.9147
28.0436
28.1979
28.3424
28.4485
28.4997
28.4937
28.4404
28.3584
28.2691
28.1922
28.1414
28.1232
28.1361
28.1728
28.2222
28.2722
28.3124
28.3359
28.3405
28.3281
28.3038
28.2746
28.2472
28.2269
28.2169
28.2176
28.2273
28.2425
28.2593
 28.274
28.2839
28.2877
28.2854
28.2786
28.2694
