9.45118
7.08564
3.28073
1.95725
2.28017
 2.9687
3.67859
 4.3329
4.91402
5.41714
5.83755
6.16434
6.37438
6.42722
6.27136
5.88695
5.36181
 4.8901
4.62679
4.58928
4.71005
4.91254
5.13937
5.35183
5.52306
5.63336
5.66923
5.62671
5.51702
5.36942
5.22429
 5.1178
5.06868
5.07607
5.12603
5.19965
5.27851
 5.3473
5.39494
5.41524
5.40745
5.37636
5.33135
5.28408
5.24531
5.22217
5.21702
5.22777
5.24946
5.27585
5.30095
5.31997
5.33003
5.33038
5.32231
5.30869
5.29317
5.27931
5.26977
5.26587
5.26752
5.27348
5.28186
5.29055
5.29775
5.30221
5.30344
5.30166
5.29769
5.29268
5.28783
5.28412
5.28215
5.28205
5.28355
5.28609
5.28899
5.29161
5.29344
5.29423
5.29397
5.29288
5.29132
5.28966
5.28828
5.28741
5.28716
5.28747
5.28821
5.28915
5.29007
5.29078
5.29116
 5.2912
5.29093
5.29046
5.28991
5.28941
5.28906
 5.2889
