  0.890237
  0.417128
 -0.343853
  -0.60855
 -0.543965
 -0.406261
 -0.264282
 -0.133419
-0.0171968
 0.0834275
   0.16751
  0.232867
  0.274877
  0.285444
  0.254273
   0.17739
 0.0723614
  -0.02198
 -0.074643
-0.0821447
-0.0579907
-0.0174929
  0.027875
 0.0703659
  0.104612
  0.126671
  0.133847
  0.125341
  0.103404
 0.0738832
 0.0448577
 0.0235592
 0.0137361
 0.0152137
 0.0252054
 0.0399298
 0.0557018
 0.0694597
 0.0789881
 0.0830487
 0.0814902
 0.0752713
 0.0662699
 0.0568161
 0.0490612
  0.044435
 0.0434031
 0.0455542
 0.0498912
 0.0551702
 0.0601891
 0.0639942
 0.0660066
 0.0660765
 0.0644627
  0.061738
  0.058634
 0.0558614
 0.0539531
 0.0531731
 0.0535031
 0.0546968
 0.0563718
 0.0581107
   0.05955
 0.0604421
 0.0606871
 0.0603313
 0.0595378
 0.0585365
 0.0575666
 0.0568247
 0.0564295
  0.056409
 0.0567091
  0.057218
 0.0577988
 0.0583213
 0.0586872
 0.0588451
 0.0587943
 0.0585769
 0.0582631
 0.0579325
 0.0576558
 0.0574821
 0.0574312
 0.0574948
 0.0576422
   0.05783
 0.0580134
 0.0581553
 0.0582329
   0.05824
  0.058186
 0.0580913
 0.0579817
  0.057882
 0.0578114
 0.0577798
