   0.0510901
    0.198938
    0.180524
   0.0550926
   0.0137433
   0.0031464
-0.000117178
 -0.00128952
 -0.00154687
 -0.00107472
  0.00032966
  0.00320202
   0.0084797
   0.0173478
   0.0300671
   0.0432815
   0.0496371
   0.0453244
   0.0351169
   0.0253619
   0.0185655
   0.0146369
   0.0129093
   0.0128854
   0.0143034
   0.0170009
   0.0207092
   0.0248366
   0.0284076
    0.030383
   0.0302652
   0.0284179
   0.0257438
   0.0231167
   0.0210776
    0.019846
   0.0194428
   0.0197832
   0.0207143
    0.022018
   0.0234159
   0.0246065
   0.0253393
   0.0254954
   0.0251216
   0.0243952
   0.0235443
    0.022773
   0.0222211
   0.0219552
   0.0219776
   0.0222401
   0.0226588
     0.02313
   0.0235502
   0.0238376
   0.0239488
   0.0238858
   0.0236895
   0.0234233
   0.0231545
    0.022939
   0.0228115
   0.0227836
   0.0228454
   0.0229711
   0.0231258
   0.0232734
   0.0233846
   0.0234415
   0.0234403
   0.0233902
   0.0233093
   0.0232192
     0.02314
   0.0230862
   0.0230648
   0.0230753
   0.0231105
   0.0231596
   0.0232103
    0.023252
   0.0232774
   0.0232837
   0.0232725
   0.0232489
   0.0232196
   0.0231916
   0.0231704
   0.0231594
   0.0231592
   0.0231682
   0.0231832
   0.0232001
   0.0232153
   0.0232257
     0.02323
   0.0232283
   0.0232218
   0.0232126
