9.83888
9.74452
9.69474
9.67015
9.65847
9.65303
9.65052
9.64938
9.64885
9.64861
 9.6485
9.64845
9.64843
9.64842
9.64842
9.64841
9.64841
9.64841
9.64841
9.64841
9.64841
9.64841
9.64841
9.64841
9.64841
9.64841
9.64841
9.64841
9.64841
9.64841
9.64841
9.64841
9.64841
9.64841
9.64841
9.64841
9.64841
9.64841
9.64841
9.64841
9.64841
9.64841
9.64841
9.64841
9.64841
9.64841
9.64841
9.64841
9.64841
9.64841
9.64841
9.64841
9.64841
9.64841
9.64841
9.64841
9.64841
9.64841
9.64841
9.64841
9.64841
9.64841
9.64841
9.64841
9.64841
9.64841
9.64841
9.64841
9.64841
9.64841
9.64841
9.64841
9.64841
9.64841
9.64841
9.64841
9.64841
9.64841
9.64841
9.64841
9.64841
9.64841
9.64841
9.64841
9.64841
9.64841
9.64841
9.64841
9.64841
9.64841
9.64841
9.64841
9.64841
9.64841
9.64841
9.64841
9.64841
9.64841
9.64841
9.64841
