25.2311
33.5618
37.7486
39.7541
40.6907
41.1228
41.3208
41.4114
41.4527
41.4716
41.4802
41.4841
41.4859
41.4867
41.4871
41.4873
41.4874
41.4874
41.4874
41.4874
41.4874
41.4874
41.4874
41.4874
41.4874
41.4874
41.4874
41.4874
41.4874
41.4874
41.4874
41.4874
41.4874
41.4874
41.4874
41.4874
41.4874
41.4874
41.4874
41.4874
41.4874
41.4874
41.4874
41.4874
41.4874
41.4874
41.4874
41.4874
41.4874
41.4874
41.4874
41.4874
41.4874
41.4874
41.4874
41.4874
41.4874
41.4874
41.4874
41.4874
41.4874
41.4874
41.4874
41.4874
41.4874
41.4874
41.4874
41.4874
41.4874
41.4874
41.4874
41.4874
41.4874
41.4874
41.4874
41.4874
41.4874
41.4874
41.4874
41.4874
41.4874
41.4874
41.4874
41.4874
41.4874
41.4874
41.4874
41.4874
41.4874
41.4874
41.4874
41.4874
41.4874
41.4874
41.4874
41.4874
41.4874
41.4874
41.4874
41.4874
