0.967775
0.948905
0.938948
0.934031
0.931694
0.930606
0.930105
0.929875
 0.92977
0.929723
0.929701
0.929691
0.929686
0.929684
0.929683
0.929683
0.929683
0.929682
0.929682
0.929682
0.929682
0.929682
0.929682
0.929682
0.929682
0.929682
0.929682
0.929682
0.929682
0.929682
0.929682
0.929682
0.929682
0.929682
0.929682
0.929682
0.929682
0.929682
0.929682
0.929682
0.929682
0.929682
0.929682
0.929682
0.929682
0.929682
0.929682
0.929682
0.929682
0.929682
0.929682
0.929682
0.929682
0.929682
0.929682
0.929682
0.929682
0.929682
0.929682
0.929682
0.929682
0.929682
0.929682
0.929682
0.929682
0.929682
0.929682
0.929682
0.929682
0.929682
0.929682
0.929682
0.929682
0.929682
0.929682
0.929682
0.929682
0.929682
0.929682
0.929682
0.929682
0.929682
0.929682
0.929682
0.929682
0.929682
0.929682
0.929682
0.929682
0.929682
0.929682
0.929682
0.929682
0.929682
0.929682
0.929682
0.929682
0.929682
0.929682
0.929682
