0.0155477
0.0240578
0.0283372
0.0303878
0.0313457
0.0317876
0.0319902
0.0320828
0.0321251
0.0321444
0.0321532
0.0321572
0.0321591
0.0321599
0.0321603
0.0321605
0.0321605
0.0321606
0.0321606
0.0321606
0.0321606
0.0321606
0.0321606
0.0321606
0.0321606
0.0321606
0.0321606
0.0321606
0.0321606
0.0321606
0.0321606
0.0321606
0.0321606
0.0321606
0.0321606
0.0321606
0.0321606
0.0321606
0.0321606
0.0321606
0.0321606
0.0321606
0.0321606
0.0321606
0.0321606
0.0321606
0.0321606
0.0321606
0.0321606
0.0321606
0.0321606
0.0321606
0.0321606
0.0321606
0.0321606
0.0321606
0.0321606
0.0321606
0.0321606
0.0321606
0.0321606
0.0321606
0.0321606
0.0321606
0.0321606
0.0321606
0.0321606
0.0321606
0.0321606
0.0321606
0.0321606
0.0321606
0.0321606
0.0321606
0.0321606
0.0321606
0.0321606
0.0321606
0.0321606
0.0321606
0.0321606
0.0321606
0.0321606
0.0321606
0.0321606
0.0321606
0.0321606
0.0321606
0.0321606
0.0321606
0.0321606
0.0321606
0.0321606
0.0321606
0.0321606
0.0321606
0.0321606
0.0321606
0.0321606
0.0321606
