8.84339
  8.735
8.66766
8.62901
  8.608
8.59696
8.59128
 8.5884
8.58694
8.58621
8.58584
8.58565
8.58556
8.58552
8.58549
8.58548
8.58547
8.58547
8.58547
8.58547
8.58547
8.58547
8.58547
8.58547
8.58547
8.58547
8.58547
8.58547
8.58547
8.58547
8.58547
8.58547
8.58547
8.58547
8.58547
8.58547
8.58547
8.58547
8.58547
8.58547
8.58547
8.58547
8.58547
8.58547
8.58547
8.58547
8.58547
8.58547
8.58547
8.58547
8.58547
8.58547
8.58547
8.58547
8.58547
8.58547
8.58547
8.58547
8.58547
8.58547
8.58547
8.58547
8.58547
8.58547
8.58547
8.58547
8.58547
8.58547
8.58547
8.58547
8.58547
8.58547
8.58547
8.58547
8.58547
8.58547
8.58547
8.58547
8.58547
8.58547
8.58547
8.58547
8.58547
8.58547
8.58547
8.58547
8.58547
8.58547
8.58547
8.58547
8.58547
8.58547
8.58547
8.58547
8.58547
8.58547
8.58547
8.58547
8.58547
8.58547
