22.2705
30.7971
35.7799
38.5118
39.9517
40.6934
41.0705
41.2609
41.3567
41.4048
41.4289
 41.441
41.4471
41.4501
41.4516
41.4524
41.4528
 41.453
41.4531
41.4531
41.4531
41.4532
41.4532
41.4532
41.4532
41.4532
41.4532
41.4532
41.4532
41.4532
41.4532
41.4532
41.4532
41.4532
41.4532
41.4532
41.4532
41.4532
41.4532
41.4532
41.4532
41.4532
41.4532
41.4532
41.4532
41.4532
41.4532
41.4532
41.4532
41.4532
41.4532
41.4532
41.4532
41.4532
41.4532
41.4532
41.4532
41.4532
41.4532
41.4532
41.4532
41.4532
41.4532
41.4532
41.4532
41.4532
41.4532
41.4532
41.4532
41.4532
41.4532
41.4532
41.4532
41.4532
41.4532
41.4532
41.4532
41.4532
41.4532
41.4532
41.4532
41.4532
41.4532
41.4532
41.4532
41.4532
41.4532
41.4532
41.4532
41.4532
41.4532
41.4532
41.4532
41.4532
41.4532
41.4532
41.4532
41.4532
41.4532
41.4532
