0.965198
0.941112
0.926147
0.917558
0.912889
0.910436
0.909174
0.908533
0.908209
0.908046
0.907964
0.907923
0.907903
0.907892
0.907887
0.907884
0.907883
0.907883
0.907882
0.907882
0.907882
0.907882
0.907882
0.907882
0.907882
0.907882
0.907882
0.907882
0.907882
0.907882
0.907882
0.907882
0.907882
0.907882
0.907882
0.907882
0.907882
0.907882
0.907882
0.907882
0.907882
0.907882
0.907882
0.907882
0.907882
0.907882
0.907882
0.907882
0.907882
0.907882
0.907882
0.907882
0.907882
0.907882
0.907882
0.907882
0.907882
0.907882
0.907882
0.907882
0.907882
0.907882
0.907882
0.907882
0.907882
0.907882
0.907882
0.907882
0.907882
0.907882
0.907882
0.907882
0.907882
0.907882
0.907882
0.907882
0.907882
0.907882
0.907882
0.907882
0.907882
0.907882
0.907882
0.907882
0.907882
0.907882
0.907882
0.907882
0.907882
0.907882
0.907882
0.907882
0.907882
0.907882
0.907882
0.907882
0.907882
0.907882
0.907882
0.907882
