0.0167629
0.0275432
0.0338479
0.0373069
0.0391308
0.0400704
0.0405483
0.0407896
 0.040911
 0.040972
0.0410026
0.0410179
0.0410256
0.0410295
0.0410314
0.0410324
0.0410328
0.0410331
0.0410332
0.0410333
0.0410333
0.0410333
0.0410333
0.0410333
0.0410333
0.0410333
0.0410333
0.0410333
0.0410333
0.0410333
0.0410333
0.0410333
0.0410333
0.0410333
0.0410333
0.0410333
0.0410333
0.0410333
0.0410333
0.0410333
0.0410333
0.0410333
0.0410333
0.0410333
0.0410333
0.0410333
0.0410333
0.0410333
0.0410333
0.0410333
0.0410333
0.0410333
0.0410333
0.0410333
0.0410333
0.0410333
0.0410333
0.0410333
0.0410333
0.0410333
0.0410333
0.0410333
0.0410333
0.0410333
0.0410333
0.0410333
0.0410333
0.0410333
0.0410333
0.0410333
0.0410333
0.0410333
0.0410333
0.0410333
0.0410333
0.0410333
0.0410333
0.0410333
0.0410333
0.0410333
0.0410333
0.0410333
0.0410333
0.0410333
0.0410333
0.0410333
0.0410333
0.0410333
0.0410333
0.0410333
0.0410333
0.0410333
0.0410333
0.0410333
0.0410333
0.0410333
0.0410333
0.0410333
0.0410333
0.0410333
