9.93201
9.99954
     10
     10
     10
     10
     10
     10
     10
     10
     10
     10
     10
     10
     10
     10
     10
     10
     10
     10
     10
     10
     10
     10
     10
     10
     10
     10
     10
     10
     10
     10
     10
     10
     10
     10
     10
     10
     10
     10
     10
     10
     10
     10
     10
     10
     10
     10
     10
     10
     10
     10
     10
     10
     10
     10
     10
     10
     10
     10
     10
     10
     10
     10
     10
     10
     10
     10
     10
     10
     10
     10
     10
     10
     10
     10
     10
     10
     10
     10
     10
     10
     10
     10
     10
     10
     10
     10
     10
     10
     10
     10
     10
     10
     10
     10
     10
     10
     10
     10
