35.9568
 77.783
114.301
145.739
172.798
196.088
216.134
233.387
248.237
261.019
272.021
 281.49
 289.64
296.654
302.692
307.889
312.362
316.211
319.525
322.377
324.832
326.945
328.763
330.328
331.675
332.835
333.833
334.692
335.431
336.068
336.615
337.087
337.493
337.842
338.143
338.401
338.624
338.816
338.981
339.123
339.245
 339.35
339.441
339.518
339.586
339.643
339.693
339.736
339.773
339.804
339.831
339.855
339.875
339.893
339.908
 339.92
339.931
339.941
339.949
339.956
339.962
339.968
339.972
339.976
339.979
339.982
339.985
339.987
339.989
 339.99
339.992
339.993
339.994
339.995
339.995
339.996
339.997
339.997
339.997
339.998
339.998
339.998
339.999
339.999
339.999
339.999
339.999
339.999
339.999
    340
    340
    340
    340
    340
    340
    340
    340
    340
    340
    340
