0.961777
0.930202
0.907504
0.892985
0.884493
0.879833
0.877381
0.876124
0.875491
0.875175
0.875017
0.874939
0.874901
0.874882
0.874872
0.874868
0.874865
0.874864
0.874864
0.874863
0.874863
0.874863
0.874863
0.874863
0.874863
0.874863
0.874863
0.874863
0.874863
0.874863
0.874863
0.874863
0.874863
0.874863
0.874863
0.874863
0.874863
0.874863
0.874863
0.874863
0.874863
0.874863
0.874863
0.874863
0.874863
0.874863
0.874863
0.874863
0.874863
0.874863
0.874863
0.874863
0.874863
0.874863
0.874863
0.874863
0.874863
0.874863
0.874863
0.874863
0.874863
0.874863
0.874863
0.874863
0.874863
0.874863
0.874863
0.874863
0.874863
0.874863
0.874863
0.874863
0.874863
0.874863
0.874863
0.874863
0.874863
0.874863
0.874863
0.874863
0.874863
0.874863
0.874863
0.874863
0.874863
0.874863
0.874863
0.874863
0.874863
0.874863
0.874863
0.874863
0.874863
0.874863
0.874863
0.874863
0.874863
0.874863
0.874863
0.874863
