0.0183734
 0.032379
0.0417062
0.0472932
0.0503977
0.0520403
0.0528838
0.0533094
0.0535221
0.0536278
0.0536802
0.0537061
0.0537189
0.0537252
0.0537284
0.0537299
0.0537307
 0.053731
0.0537312
0.0537313
0.0537314
0.0537314
0.0537314
0.0537314
0.0537314
0.0537314
0.0537314
0.0537314
0.0537314
0.0537314
0.0537314
0.0537314
0.0537314
0.0537314
0.0537314
0.0537314
0.0537314
0.0537314
0.0537314
0.0537314
0.0537314
0.0537314
0.0537314
0.0537314
0.0537314
0.0537314
0.0537314
0.0537314
0.0537314
0.0537314
0.0537314
0.0537314
0.0537314
0.0537314
0.0537314
0.0537314
0.0537314
0.0537314
0.0537314
0.0537314
0.0537314
0.0537314
0.0537314
0.0537314
0.0537314
0.0537314
0.0537314
0.0537314
0.0537314
0.0537314
0.0537314
0.0537314
0.0537314
0.0537314
0.0537314
0.0537314
0.0537314
0.0537314
0.0537314
0.0537314
0.0537314
0.0537314
0.0537314
0.0537314
0.0537314
0.0537314
0.0537314
0.0537314
0.0537314
0.0537314
0.0537314
0.0537314
0.0537314
0.0537314
0.0537314
0.0537314
0.0537314
0.0537314
0.0537314
0.0537314
