9.72263
9.27427
 8.7298
8.28675
  8.071
8.03012
8.05537
8.08282
 8.0958
8.09816
8.09658
8.09488
8.09406
8.09391
8.09401
8.09412
8.09417
8.09418
8.09417
8.09416
8.09416
8.09416
8.09416
8.09416
8.09416
8.09416
8.09416
8.09416
8.09416
8.09416
8.09416
8.09416
8.09416
8.09416
8.09416
8.09416
8.09416
8.09416
8.09416
8.09416
8.09416
8.09416
8.09416
8.09416
8.09416
8.09416
8.09416
8.09416
8.09416
8.09416
8.09416
8.09416
8.09416
8.09416
8.09416
8.09416
8.09416
8.09416
8.09416
8.09416
8.09416
8.09416
8.09416
8.09416
8.09416
8.09416
8.09416
8.09416
8.09416
8.09416
8.09416
8.09416
8.09416
8.09416
8.09416
8.09416
8.09416
8.09416
8.09416
8.09416
8.09416
8.09416
8.09416
8.09416
8.09416
8.09416
8.09416
8.09416
8.09416
8.09416
8.09416
8.09416
8.09416
8.09416
8.09416
8.09416
8.09416
8.09416
8.09416
8.09416
