35.8801
72.5729
 107.74
126.339
128.932
125.681
122.848
121.677
121.546
121.745
121.918
121.992
    122
121.988
121.977
121.973
121.972
121.973
121.974
121.974
121.974
121.974
121.974
121.974
121.974
121.974
121.974
121.974
121.974
121.974
121.974
121.974
121.974
121.974
121.974
121.974
121.974
121.974
121.974
121.974
121.974
121.974
121.974
121.974
121.974
121.974
121.974
121.974
121.974
121.974
121.974
121.974
121.974
121.974
121.974
121.974
121.974
121.974
121.974
121.974
121.974
121.974
121.974
121.974
121.974
121.974
121.974
121.974
121.974
121.974
121.974
121.974
121.974
121.974
121.974
121.974
121.974
121.974
121.974
121.974
121.974
121.974
121.974
121.974
121.974
121.974
121.974
121.974
121.974
121.974
121.974
121.974
121.974
121.974
121.974
121.974
121.974
121.974
121.974
121.974
