0.944526
0.854854
0.745959
 0.65735
  0.6142
0.606025
0.611073
0.616563
0.619161
0.619632
0.619317
0.618976
0.618813
0.618783
0.618802
0.618823
0.618833
0.618835
0.618834
0.618833
0.618832
0.618832
0.618832
0.618832
0.618832
0.618832
0.618832
0.618832
0.618832
0.618832
0.618832
0.618832
0.618832
0.618832
0.618832
0.618832
0.618832
0.618832
0.618832
0.618832
0.618832
0.618832
0.618832
0.618832
0.618832
0.618832
0.618832
0.618832
0.618832
0.618832
0.618832
0.618832
0.618832
0.618832
0.618832
0.618832
0.618832
0.618832
0.618832
0.618832
0.618832
0.618832
0.618832
0.618832
0.618832
0.618832
0.618832
0.618832
0.618832
0.618832
0.618832
0.618832
0.618832
0.618832
0.618832
0.618832
0.618832
0.618832
0.618832
0.618832
0.618832
0.618832
0.618832
0.618832
0.618832
0.618832
0.618832
0.618832
0.618832
0.618832
0.618832
0.618832
0.618832
0.618832
0.618832
0.618832
0.618832
0.618832
0.618832
0.618832
