0.0264217
 0.063938
  0.10001
 0.119245
 0.122082
  0.11884
 0.115952
 0.114741
 0.114596
 0.114794
 0.114971
 0.115047
 0.115057
 0.115045
 0.115034
 0.115029
 0.115028
 0.115029
  0.11503
  0.11503
  0.11503
  0.11503
  0.11503
  0.11503
  0.11503
  0.11503
  0.11503
  0.11503
  0.11503
  0.11503
  0.11503
  0.11503
  0.11503
  0.11503
  0.11503
  0.11503
  0.11503
  0.11503
  0.11503
  0.11503
  0.11503
  0.11503
  0.11503
  0.11503
  0.11503
  0.11503
  0.11503
  0.11503
  0.11503
  0.11503
  0.11503
  0.11503
  0.11503
  0.11503
  0.11503
  0.11503
  0.11503
  0.11503
  0.11503
  0.11503
  0.11503
  0.11503
  0.11503
  0.11503
  0.11503
  0.11503
  0.11503
  0.11503
  0.11503
  0.11503
  0.11503
  0.11503
  0.11503
  0.11503
  0.11503
  0.11503
  0.11503
  0.11503
  0.11503
  0.11503
  0.11503
  0.11503
  0.11503
  0.11503
  0.11503
  0.11503
  0.11503
  0.11503
  0.11503
  0.11503
  0.11503
  0.11503
  0.11503
  0.11503
  0.11503
  0.11503
  0.11503
  0.11503
  0.11503
  0.11503
