18.2115
19.1988
19.3154
19.3292
19.3308
 19.331
 19.331
 19.331
 19.331
 19.331
 19.331
 19.331
 19.331
 19.331
 19.331
 19.331
 19.331
 19.331
 19.331
 19.331
 19.331
 19.331
 19.331
 19.331
 19.331
 19.331
 19.331
 19.331
 19.331
 19.331
 19.331
 19.331
 19.331
 19.331
 19.331
 19.331
 19.331
 19.331
 19.331
 19.331
 19.331
 19.331
 19.331
 19.331
 19.331
 19.331
 19.331
 19.331
 19.331
 19.331
 19.331
 19.331
 19.331
 19.331
 19.331
 19.331
 19.331
 19.331
 19.331
 19.331
 19.331
 19.331
 19.331
 19.331
 19.331
 19.331
 19.331
 19.331
 19.331
 19.331
 19.331
 19.331
 19.331
 19.331
 19.331
 19.331
 19.331
 19.331
 19.331
 19.331
 19.331
 19.331
 19.331
 19.331
 19.331
 19.331
 19.331
 19.331
 19.331
 19.331
 19.331
 19.331
 19.331
 19.331
 19.331
 19.331
 19.331
 19.331
 19.331
 19.331
