9.91414
9.90334
9.90205
9.90189
9.90188
9.90187
9.90187
9.90187
9.90187
9.90187
9.90187
9.90187
9.90187
9.90187
9.90187
9.90187
9.90187
9.90187
9.90187
9.90187
9.90187
9.90187
9.90187
9.90187
9.90187
9.90187
9.90187
9.90187
9.90187
9.90187
9.90187
9.90187
9.90187
9.90187
9.90187
9.90187
9.90187
9.90187
9.90187
9.90187
9.90187
9.90187
9.90187
9.90187
9.90187
9.90187
9.90187
9.90187
9.90187
9.90187
9.90187
9.90187
9.90187
9.90187
9.90187
9.90187
9.90187
9.90187
9.90187
9.90187
9.90187
9.90187
9.90187
9.90187
9.90187
9.90187
9.90187
9.90187
9.90187
9.90187
9.90187
9.90187
9.90187
9.90187
9.90187
9.90187
9.90187
9.90187
9.90187
9.90187
9.90187
9.90187
9.90187
9.90187
9.90187
9.90187
9.90187
9.90187
9.90187
9.90187
9.90187
9.90187
9.90187
9.90187
9.90187
9.90187
9.90187
9.90187
9.90187
9.90187
