0.982828
0.980668
0.980409
0.980379
0.980375
0.980375
0.980375
0.980375
0.980375
0.980375
0.980375
0.980375
0.980375
0.980375
0.980375
0.980375
0.980375
0.980375
0.980375
0.980375
0.980375
0.980375
0.980375
0.980375
0.980375
0.980375
0.980375
0.980375
0.980375
0.980375
0.980375
0.980375
0.980375
0.980375
0.980375
0.980375
0.980375
0.980375
0.980375
0.980375
0.980375
0.980375
0.980375
0.980375
0.980375
0.980375
0.980375
0.980375
0.980375
0.980375
0.980375
0.980375
0.980375
0.980375
0.980375
0.980375
0.980375
0.980375
0.980375
0.980375
0.980375
0.980375
0.980375
0.980375
0.980375
0.980375
0.980375
0.980375
0.980375
0.980375
0.980375
0.980375
0.980375
0.980375
0.980375
0.980375
0.980375
0.980375
0.980375
0.980375
0.980375
0.980375
0.980375
0.980375
0.980375
0.980375
0.980375
0.980375
0.980375
0.980375
0.980375
0.980375
0.980375
0.980375
0.980375
0.980375
0.980375
0.980375
0.980375
0.980375
