0.00838113
0.00938938
0.00950846
0.00952249
0.00952414
0.00952434
0.00952436
0.00952436
0.00952436
0.00952436
0.00952436
0.00952436
0.00952436
0.00952436
0.00952436
0.00952436
0.00952436
0.00952436
0.00952436
0.00952436
0.00952436
0.00952436
0.00952436
0.00952436
0.00952436
0.00952436
0.00952436
0.00952436
0.00952436
0.00952436
0.00952436
0.00952436
0.00952436
0.00952436
0.00952436
0.00952436
0.00952436
0.00952436
0.00952436
0.00952436
0.00952436
0.00952436
0.00952436
0.00952436
0.00952436
0.00952436
0.00952436
0.00952436
0.00952436
0.00952436
0.00952436
0.00952436
0.00952436
0.00952436
0.00952436
0.00952436
0.00952436
0.00952436
0.00952436
0.00952436
0.00952436
0.00952436
0.00952436
0.00952436
0.00952436
0.00952436
0.00952436
0.00952436
0.00952436
0.00952436
0.00952436
0.00952436
0.00952436
0.00952436
0.00952436
0.00952436
0.00952436
0.00952436
0.00952436
0.00952436
0.00952436
0.00952436
0.00952436
0.00952436
0.00952436
0.00952436
0.00952436
0.00952436
0.00952436
0.00952436
0.00952436
0.00952436
0.00952436
0.00952436
0.00952436
0.00952436
0.00952436
0.00952436
0.00952436
0.00952436
