24.1869
30.8672
33.8009
35.0459
 35.566
35.7818
 35.871
35.9079
35.9231
35.9294
 35.932
35.9331
35.9335
35.9337
35.9338
35.9338
35.9338
35.9339
35.9339
35.9339
35.9339
35.9339
35.9339
35.9339
35.9339
35.9339
35.9339
35.9339
35.9339
35.9339
35.9339
35.9339
35.9339
35.9339
35.9339
35.9339
35.9339
35.9339
35.9339
35.9339
35.9339
35.9339
35.9339
35.9339
35.9339
35.9339
35.9339
35.9339
35.9339
35.9339
35.9339
35.9339
35.9339
35.9339
35.9339
35.9339
35.9339
35.9339
35.9339
35.9339
35.9339
35.9339
35.9339
35.9339
35.9339
35.9339
35.9339
35.9339
35.9339
35.9339
35.9339
35.9339
35.9339
35.9339
35.9339
35.9339
35.9339
35.9339
35.9339
35.9339
35.9339
35.9339
35.9339
35.9339
35.9339
35.9339
35.9339
35.9339
35.9339
35.9339
35.9339
35.9339
35.9339
35.9339
35.9339
35.9339
35.9339
35.9339
35.9339
35.9339
