9.85015
9.77493
9.74053
 9.7256
 9.7193
9.71667
9.71558
9.71513
9.71494
9.71486
9.71483
9.71482
9.71481
9.71481
9.71481
9.71481
9.71481
9.71481
9.71481
9.71481
9.71481
9.71481
9.71481
9.71481
9.71481
9.71481
9.71481
9.71481
9.71481
9.71481
9.71481
9.71481
9.71481
9.71481
9.71481
9.71481
9.71481
9.71481
9.71481
9.71481
9.71481
9.71481
9.71481
9.71481
9.71481
9.71481
9.71481
9.71481
9.71481
9.71481
9.71481
9.71481
9.71481
9.71481
9.71481
9.71481
9.71481
9.71481
9.71481
9.71481
9.71481
9.71481
9.71481
9.71481
9.71481
9.71481
9.71481
9.71481
9.71481
9.71481
9.71481
9.71481
9.71481
9.71481
9.71481
9.71481
9.71481
9.71481
9.71481
9.71481
9.71481
9.71481
9.71481
9.71481
9.71481
9.71481
9.71481
9.71481
9.71481
9.71481
9.71481
9.71481
9.71481
9.71481
9.71481
9.71481
9.71481
9.71481
9.71481
9.71481
