0.970029
0.954985
0.948106
0.945121
 0.94386
0.943334
0.943116
0.943026
0.942988
0.942973
0.942967
0.942964
0.942963
0.942962
0.942962
0.942962
0.942962
0.942962
0.942962
0.942962
0.942962
0.942962
0.942962
0.942962
0.942962
0.942962
0.942962
0.942962
0.942962
0.942962
0.942962
0.942962
0.942962
0.942962
0.942962
0.942962
0.942962
0.942962
0.942962
0.942962
0.942962
0.942962
0.942962
0.942962
0.942962
0.942962
0.942962
0.942962
0.942962
0.942962
0.942962
0.942962
0.942962
0.942962
0.942962
0.942962
0.942962
0.942962
0.942962
0.942962
0.942962
0.942962
0.942962
0.942962
0.942962
0.942962
0.942962
0.942962
0.942962
0.942962
0.942962
0.942962
0.942962
0.942962
0.942962
0.942962
0.942962
0.942962
0.942962
0.942962
0.942962
0.942962
0.942962
0.942962
0.942962
0.942962
0.942962
0.942962
0.942962
0.942962
0.942962
0.942962
0.942962
0.942962
0.942962
0.942962
0.942962
0.942962
0.942962
0.942962
