0.0144816
0.0213053
0.0243034
 0.025576
0.0261078
0.0263284
0.0264196
0.0264574
0.0264729
0.0264794
 0.026482
0.0264831
0.0264836
0.0264838
0.0264838
0.0264839
0.0264839
0.0264839
0.0264839
0.0264839
0.0264839
0.0264839
0.0264839
0.0264839
0.0264839
0.0264839
0.0264839
0.0264839
0.0264839
0.0264839
0.0264839
0.0264839
0.0264839
0.0264839
0.0264839
0.0264839
0.0264839
0.0264839
0.0264839
0.0264839
0.0264839
0.0264839
0.0264839
0.0264839
0.0264839
0.0264839
0.0264839
0.0264839
0.0264839
0.0264839
0.0264839
0.0264839
0.0264839
0.0264839
0.0264839
0.0264839
0.0264839
0.0264839
0.0264839
0.0264839
0.0264839
0.0264839
0.0264839
0.0264839
0.0264839
0.0264839
0.0264839
0.0264839
0.0264839
0.0264839
0.0264839
0.0264839
0.0264839
0.0264839
0.0264839
0.0264839
0.0264839
0.0264839
0.0264839
0.0264839
0.0264839
0.0264839
0.0264839
0.0264839
0.0264839
0.0264839
0.0264839
0.0264839
0.0264839
0.0264839
0.0264839
0.0264839
0.0264839
0.0264839
0.0264839
0.0264839
0.0264839
0.0264839
0.0264839
0.0264839
