9.78461
9.56139
9.36688
9.22459
9.13591
9.08766
9.06414
9.05365
 9.0493
9.04761
9.04699
9.04678
9.04671
9.04669
9.04669
9.04669
9.04669
9.04669
9.04669
9.04669
9.04669
9.04669
9.04669
9.04669
9.04669
9.04669
9.04669
9.04669
9.04669
9.04669
9.04669
9.04669
9.04669
9.04669
9.04669
9.04669
9.04669
9.04669
9.04669
9.04669
9.04669
9.04669
9.04669
9.04669
9.04669
9.04669
9.04669
9.04669
9.04669
9.04669
9.04669
9.04669
9.04669
9.04669
9.04669
9.04669
9.04669
9.04669
9.04669
9.04669
9.04669
9.04669
9.04669
9.04669
9.04669
9.04669
9.04669
9.04669
9.04669
9.04669
9.04669
9.04669
9.04669
9.04669
9.04669
9.04669
9.04669
9.04669
9.04669
9.04669
9.04669
9.04669
9.04669
9.04669
9.04669
9.04669
9.04669
9.04669
9.04669
9.04669
9.04669
9.04669
9.04669
9.04669
9.04669
9.04669
9.04669
9.04669
9.04669
9.04669
