30.2282
49.3213
64.2371
73.9398
79.3266
81.9615
83.1299
83.6093
83.7933
83.8597
83.8821
 83.889
83.8909
83.8914
83.8914
83.8914
83.8913
83.8913
83.8913
83.8913
83.8913
83.8913
83.8913
83.8913
83.8913
83.8913
83.8913
83.8913
83.8913
83.8913
83.8913
83.8913
83.8913
83.8913
83.8913
83.8913
83.8913
83.8913
83.8913
83.8913
83.8913
83.8913
83.8913
83.8913
83.8913
83.8913
83.8913
83.8913
83.8913
83.8913
83.8913
83.8913
83.8913
83.8913
83.8913
83.8913
83.8913
83.8913
83.8913
83.8913
83.8913
83.8913
83.8913
83.8913
83.8913
83.8913
83.8913
83.8913
83.8913
83.8913
83.8913
83.8913
83.8913
83.8913
83.8913
83.8913
83.8913
83.8913
83.8913
83.8913
83.8913
83.8913
83.8913
83.8913
83.8913
83.8913
83.8913
83.8913
83.8913
83.8913
83.8913
83.8913
83.8913
83.8913
83.8913
83.8913
83.8913
83.8913
83.8913
83.8913
