0.956922
0.912277
0.873375
0.844917
0.827181
0.817531
0.812828
0.810731
0.809861
0.809523
0.809399
0.809356
0.809343
0.809339
0.809338
0.809338
0.809338
0.809338
0.809338
0.809338
0.809338
0.809338
0.809338
0.809338
0.809338
0.809338
0.809338
0.809338
0.809338
0.809338
0.809338
0.809338
0.809338
0.809338
0.809338
0.809338
0.809338
0.809338
0.809338
0.809338
0.809338
0.809338
0.809338
0.809338
0.809338
0.809338
0.809338
0.809338
0.809338
0.809338
0.809338
0.809338
0.809338
0.809338
0.809338
0.809338
0.809338
0.809338
0.809338
0.809338
0.809338
0.809338
0.809338
0.809338
0.809338
0.809338
0.809338
0.809338
0.809338
0.809338
0.809338
0.809338
0.809338
0.809338
0.809338
0.809338
0.809338
0.809338
0.809338
0.809338
0.809338
0.809338
0.809338
0.809338
0.809338
0.809338
0.809338
0.809338
0.809338
0.809338
0.809338
0.809338
0.809338
0.809338
0.809338
0.809338
0.809338
0.809338
0.809338
0.809338
