0.0206501
0.0401616
0.0554244
0.0653689
0.0708996
0.0736099
0.0748139
0.0753087
 0.075499
0.0755677
 0.075591
0.0755982
0.0756002
0.0756007
0.0756007
0.0756007
0.0756006
0.0756006
0.0756006
0.0756006
0.0756006
0.0756006
0.0756006
0.0756006
0.0756006
0.0756006
0.0756006
0.0756006
0.0756006
0.0756006
0.0756006
0.0756006
0.0756006
0.0756006
0.0756006
0.0756006
0.0756006
0.0756006
0.0756006
0.0756006
0.0756006
0.0756006
0.0756006
0.0756006
0.0756006
0.0756006
0.0756006
0.0756006
0.0756006
0.0756006
0.0756006
0.0756006
0.0756006
0.0756006
0.0756006
0.0756006
0.0756006
0.0756006
0.0756006
0.0756006
0.0756006
0.0756006
0.0756006
0.0756006
0.0756006
0.0756006
0.0756006
0.0756006
0.0756006
0.0756006
0.0756006
0.0756006
0.0756006
0.0756006
0.0756006
0.0756006
0.0756006
0.0756006
0.0756006
0.0756006
0.0756006
0.0756006
0.0756006
0.0756006
0.0756006
0.0756006
0.0756006
0.0756006
0.0756006
0.0756006
0.0756006
0.0756006
0.0756006
0.0756006
0.0756006
0.0756006
0.0756006
0.0756006
0.0756006
0.0756006
