19.7911
21.7038
22.0675
22.1362
22.1492
22.1517
22.1521
22.1522
22.1522
22.1522
22.1522
22.1522
22.1522
22.1522
22.1522
22.1522
22.1522
22.1522
22.1522
22.1522
22.1522
22.1522
22.1522
22.1522
22.1522
22.1522
22.1522
22.1522
22.1522
22.1522
22.1522
22.1522
22.1522
22.1522
22.1522
22.1522
22.1522
22.1522
22.1522
22.1522
22.1522
22.1522
22.1522
22.1522
22.1522
22.1522
22.1522
22.1522
22.1522
22.1522
22.1522
22.1522
22.1522
22.1522
22.1522
22.1522
22.1522
22.1522
22.1522
22.1522
22.1522
22.1522
22.1522
22.1522
22.1522
22.1522
22.1522
22.1522
22.1522
22.1522
22.1522
22.1522
22.1522
22.1522
22.1522
22.1522
22.1522
22.1522
22.1522
22.1522
22.1522
22.1522
22.1522
22.1522
22.1522
22.1522
22.1522
22.1522
22.1522
22.1522
22.1522
22.1522
22.1522
22.1522
22.1522
22.1522
22.1522
22.1522
22.1522
22.1522
