9.89731
9.87624
9.87216
9.87139
9.87124
9.87121
9.87121
9.87121
9.87121
9.87121
9.87121
9.87121
9.87121
9.87121
9.87121
9.87121
9.87121
9.87121
9.87121
9.87121
9.87121
9.87121
9.87121
9.87121
9.87121
9.87121
9.87121
9.87121
9.87121
9.87121
9.87121
9.87121
9.87121
9.87121
9.87121
9.87121
9.87121
9.87121
9.87121
9.87121
9.87121
9.87121
9.87121
9.87121
9.87121
9.87121
9.87121
9.87121
9.87121
9.87121
9.87121
9.87121
9.87121
9.87121
9.87121
9.87121
9.87121
9.87121
9.87121
9.87121
9.87121
9.87121
9.87121
9.87121
9.87121
9.87121
9.87121
9.87121
9.87121
9.87121
9.87121
9.87121
9.87121
9.87121
9.87121
9.87121
9.87121
9.87121
9.87121
9.87121
9.87121
9.87121
9.87121
9.87121
9.87121
9.87121
9.87121
9.87121
9.87121
9.87121
9.87121
9.87121
9.87121
9.87121
9.87121
9.87121
9.87121
9.87121
9.87121
9.87121
