0.979463
0.975249
0.974433
0.974278
0.974248
0.974243
0.974242
0.974242
0.974242
0.974242
0.974242
0.974242
0.974242
0.974242
0.974242
0.974242
0.974242
0.974242
0.974242
0.974242
0.974242
0.974242
0.974242
0.974242
0.974242
0.974242
0.974242
0.974242
0.974242
0.974242
0.974242
0.974242
0.974242
0.974242
0.974242
0.974242
0.974242
0.974242
0.974242
0.974242
0.974242
0.974242
0.974242
0.974242
0.974242
0.974242
0.974242
0.974242
0.974242
0.974242
0.974242
0.974242
0.974242
0.974242
0.974242
0.974242
0.974242
0.974242
0.974242
0.974242
0.974242
0.974242
0.974242
0.974242
0.974242
0.974242
0.974242
0.974242
0.974242
0.974242
0.974242
0.974242
0.974242
0.974242
0.974242
0.974242
0.974242
0.974242
0.974242
0.974242
0.974242
0.974242
0.974242
0.974242
0.974242
0.974242
0.974242
0.974242
0.974242
0.974242
0.974242
0.974242
0.974242
0.974242
0.974242
0.974242
0.974242
0.974242
0.974242
0.974242
