0.00999372
 0.0119471
 0.0123185
 0.0123887
  0.012402
 0.0124045
  0.012405
  0.012405
 0.0124051
 0.0124051
 0.0124051
 0.0124051
 0.0124051
 0.0124051
 0.0124051
 0.0124051
 0.0124051
 0.0124051
 0.0124051
 0.0124051
 0.0124051
 0.0124051
 0.0124051
 0.0124051
 0.0124051
 0.0124051
 0.0124051
 0.0124051
 0.0124051
 0.0124051
 0.0124051
 0.0124051
 0.0124051
 0.0124051
 0.0124051
 0.0124051
 0.0124051
 0.0124051
 0.0124051
 0.0124051
 0.0124051
 0.0124051
 0.0124051
 0.0124051
 0.0124051
 0.0124051
 0.0124051
 0.0124051
 0.0124051
 0.0124051
 0.0124051
 0.0124051
 0.0124051
 0.0124051
 0.0124051
 0.0124051
 0.0124051
 0.0124051
 0.0124051
 0.0124051
 0.0124051
 0.0124051
 0.0124051
 0.0124051
 0.0124051
 0.0124051
 0.0124051
 0.0124051
 0.0124051
 0.0124051
 0.0124051
 0.0124051
 0.0124051
 0.0124051
 0.0124051
 0.0124051
 0.0124051
 0.0124051
 0.0124051
 0.0124051
 0.0124051
 0.0124051
 0.0124051
 0.0124051
 0.0124051
 0.0124051
 0.0124051
 0.0124051
 0.0124051
 0.0124051
 0.0124051
 0.0124051
 0.0124051
 0.0124051
 0.0124051
 0.0124051
 0.0124051
 0.0124051
 0.0124051
 0.0124051
