936.043
973.721
828.419
    934
893.669
902.933
902.689
 901.67
902.279
902.062
902.109
902.109
902.103
902.106
902.105
902.105
902.105
902.105
902.105
902.105
902.105
902.105
902.105
902.105
902.105
902.105
902.105
902.105
902.105
902.105
902.105
902.105
902.105
902.105
902.105
902.105
902.105
902.105
902.105
902.105
902.105
902.105
902.105
902.105
902.105
902.105
902.105
902.105
902.105
902.105
902.105
902.105
902.105
902.105
902.105
902.105
902.105
902.105
902.105
902.105
902.105
902.105
902.105
902.105
902.105
902.105
902.105
902.105
902.105
902.105
902.105
902.105
902.105
902.105
902.105
902.105
902.105
902.105
902.105
902.105
902.105
902.105
902.105
902.105
902.105
902.105
902.105
902.105
902.105
902.105
902.105
902.105
902.105
902.105
902.105
902.105
902.105
902.105
902.105
902.105
