23.9905
17.1195
19.5194
 18.912
18.9509
19.0037
18.9685
18.9818
18.9787
18.9788
18.9791
18.9789
 18.979
18.9789
18.9789
18.9789
18.9789
18.9789
18.9789
18.9789
18.9789
18.9789
18.9789
18.9789
18.9789
18.9789
18.9789
18.9789
18.9789
18.9789
18.9789
18.9789
18.9789
18.9789
18.9789
18.9789
18.9789
18.9789
18.9789
18.9789
18.9789
18.9789
18.9789
18.9789
18.9789
18.9789
18.9789
18.9789
18.9789
18.9789
18.9789
18.9789
18.9789
18.9789
18.9789
18.9789
18.9789
18.9789
18.9789
18.9789
18.9789
18.9789
18.9789
18.9789
18.9789
18.9789
18.9789
18.9789
18.9789
18.9789
18.9789
18.9789
18.9789
18.9789
18.9789
18.9789
18.9789
18.9789
18.9789
18.9789
18.9789
18.9789
18.9789
18.9789
18.9789
18.9789
18.9789
18.9789
18.9789
18.9789
18.9789
18.9789
18.9789
18.9789
18.9789
18.9789
18.9789
18.9789
18.9789
18.9789
