0.713608
 0.22282
0.394239
0.350861
0.353637
0.357406
0.354893
0.355841
0.355618
0.355626
0.355649
0.355635
 0.35564
0.355639
0.355639
0.355639
0.355639
0.355639
0.355639
0.355639
0.355639
0.355639
0.355639
0.355639
0.355639
0.355639
0.355639
0.355639
0.355639
0.355639
0.355639
0.355639
0.355639
0.355639
0.355639
0.355639
0.355639
0.355639
0.355639
0.355639
0.355639
0.355639
0.355639
0.355639
0.355639
0.355639
0.355639
0.355639
0.355639
0.355639
0.355639
0.355639
0.355639
0.355639
0.355639
0.355639
0.355639
0.355639
0.355639
0.355639
0.355639
0.355639
0.355639
0.355639
0.355639
0.355639
0.355639
0.355639
0.355639
0.355639
0.355639
0.355639
0.355639
0.355639
0.355639
0.355639
0.355639
0.355639
0.355639
0.355639
0.355639
0.355639
0.355639
0.355639
0.355639
0.355639
0.355639
0.355639
0.355639
0.355639
0.355639
0.355639
0.355639
0.355639
0.355639
0.355639
0.355639
0.355639
0.355639
0.355639
