 0.11675
0.122453
0.103546
0.117139
0.111971
 0.11315
0.113123
0.112991
 0.11307
0.113042
0.113048
0.113048
0.113047
0.113048
0.113047
0.113047
0.113047
0.113047
0.113047
0.113047
0.113047
0.113047
0.113047
0.113047
0.113047
0.113047
0.113047
0.113047
0.113047
0.113047
0.113047
0.113047
0.113047
0.113047
0.113047
0.113047
0.113047
0.113047
0.113047
0.113047
0.113047
0.113047
0.113047
0.113047
0.113047
0.113047
0.113047
0.113047
0.113047
0.113047
0.113047
0.113047
0.113047
0.113047
0.113047
0.113047
0.113047
0.113047
0.113047
0.113047
0.113047
0.113047
0.113047
0.113047
0.113047
0.113047
0.113047
0.113047
0.113047
0.113047
0.113047
0.113047
0.113047
0.113047
0.113047
0.113047
0.113047
0.113047
0.113047
0.113047
0.113047
0.113047
0.113047
0.113047
0.113047
0.113047
0.113047
0.113047
0.113047
0.113047
0.113047
0.113047
0.113047
0.113047
0.113047
0.113047
0.113047
0.113047
0.113047
0.113047
