9.74557
9.39036
 9.0004
8.68459
8.50389
8.43549
8.42435
8.43064
 8.4374
 8.4409
8.44199
8.44204
8.44185
 8.4417
8.44164
8.44162
8.44162
8.44163
8.44163
8.44163
8.44163
8.44163
8.44163
8.44163
8.44163
8.44163
8.44163
8.44163
8.44163
8.44163
8.44163
8.44163
8.44163
8.44163
8.44163
8.44163
8.44163
8.44163
8.44163
8.44163
8.44163
8.44163
8.44163
8.44163
8.44163
8.44163
8.44163
8.44163
8.44163
8.44163
8.44163
8.44163
8.44163
8.44163
8.44163
8.44163
8.44163
8.44163
8.44163
8.44163
8.44163
8.44163
8.44163
8.44163
8.44163
8.44163
8.44163
8.44163
8.44163
8.44163
8.44163
8.44163
8.44163
8.44163
8.44163
8.44163
8.44163
8.44163
8.44163
8.44163
8.44163
8.44163
8.44163
8.44163
8.44163
8.44163
8.44163
8.44163
8.44163
8.44163
8.44163
8.44163
8.44163
8.44163
8.44163
8.44163
8.44163
8.44163
8.44163
8.44163
