33.7951
63.3734
90.4773
 107.24
 113.51
114.198
113.343
  112.6
112.249
112.153
112.158
112.181
112.196
112.203
112.204
112.203
112.203
112.203
112.202
112.202
112.202
112.202
112.202
112.202
112.202
112.202
112.202
112.202
112.202
112.202
112.202
112.202
112.202
112.202
112.202
112.202
112.202
112.202
112.202
112.202
112.202
112.202
112.202
112.202
112.202
112.202
112.202
112.202
112.202
112.202
112.202
112.202
112.202
112.202
112.202
112.202
112.202
112.202
112.202
112.202
112.202
112.202
112.202
112.202
112.202
112.202
112.202
112.202
112.202
112.202
112.202
112.202
112.202
112.202
112.202
112.202
112.202
112.202
112.202
112.202
112.202
112.202
112.202
112.202
112.202
112.202
112.202
112.202
112.202
112.202
112.202
112.202
112.202
112.202
112.202
112.202
112.202
112.202
112.202
112.202
