0.949113
0.878071
0.800079
0.736917
0.700778
0.687099
 0.68487
0.686129
 0.68748
 0.68818
0.688398
0.688408
 0.68837
 0.68834
0.688328
0.688324
0.688325
0.688326
0.688326
0.688327
0.688327
0.688327
0.688327
0.688327
0.688327
0.688327
0.688327
0.688327
0.688327
0.688327
0.688327
0.688327
0.688327
0.688327
0.688327
0.688327
0.688327
0.688327
0.688327
0.688327
0.688327
0.688327
0.688327
0.688327
0.688327
0.688327
0.688327
0.688327
0.688327
0.688327
0.688327
0.688327
0.688327
0.688327
0.688327
0.688327
0.688327
0.688327
0.688327
0.688327
0.688327
0.688327
0.688327
0.688327
0.688327
0.688327
0.688327
0.688327
0.688327
0.688327
0.688327
0.688327
0.688327
0.688327
0.688327
0.688327
0.688327
0.688327
0.688327
0.688327
0.688327
0.688327
0.688327
0.688327
0.688327
0.688327
0.688327
0.688327
0.688327
0.688327
0.688327
0.688327
0.688327
0.688327
0.688327
0.688327
0.688327
0.688327
0.688327
0.688327
