0.0242924
0.0545283
0.0822999
0.0995511
 0.106066
  0.10683
 0.105979
 0.105221
  0.10486
  0.10476
 0.104763
 0.104787
 0.104802
 0.104809
  0.10481
  0.10481
 0.104809
 0.104809
 0.104809
 0.104809
 0.104809
 0.104809
 0.104809
 0.104809
 0.104809
 0.104809
 0.104809
 0.104809
 0.104809
 0.104809
 0.104809
 0.104809
 0.104809
 0.104809
 0.104809
 0.104809
 0.104809
 0.104809
 0.104809
 0.104809
 0.104809
 0.104809
 0.104809
 0.104809
 0.104809
 0.104809
 0.104809
 0.104809
 0.104809
 0.104809
 0.104809
 0.104809
 0.104809
 0.104809
 0.104809
 0.104809
 0.104809
 0.104809
 0.104809
 0.104809
 0.104809
 0.104809
 0.104809
 0.104809
 0.104809
 0.104809
 0.104809
 0.104809
 0.104809
 0.104809
 0.104809
 0.104809
 0.104809
 0.104809
 0.104809
 0.104809
 0.104809
 0.104809
 0.104809
 0.104809
 0.104809
 0.104809
 0.104809
 0.104809
 0.104809
 0.104809
 0.104809
 0.104809
 0.104809
 0.104809
 0.104809
 0.104809
 0.104809
 0.104809
 0.104809
 0.104809
 0.104809
 0.104809
 0.104809
 0.104809
