24.9394
19.6666
21.6757
20.7211
 21.076
20.9568
20.9918
20.9834
20.9846
20.9848
20.9845
20.9847
20.9846
20.9847
20.9847
20.9847
20.9847
20.9847
20.9847
20.9847
20.9847
20.9847
20.9847
20.9847
20.9847
20.9847
20.9847
20.9847
20.9847
20.9847
20.9847
20.9847
20.9847
20.9847
20.9847
20.9847
20.9847
20.9847
20.9847
20.9847
20.9847
20.9847
20.9847
20.9847
20.9847
20.9847
20.9847
20.9847
20.9847
20.9847
20.9847
20.9847
20.9847
20.9847
20.9847
20.9847
20.9847
20.9847
20.9847
20.9847
20.9847
20.9847
20.9847
20.9847
20.9847
20.9847
20.9847
20.9847
20.9847
20.9847
20.9847
20.9847
20.9847
20.9847
20.9847
20.9847
20.9847
20.9847
20.9847
20.9847
20.9847
20.9847
20.9847
20.9847
20.9847
20.9847
20.9847
20.9847
20.9847
20.9847
20.9847
20.9847
20.9847
20.9847
20.9847
20.9847
20.9847
20.9847
20.9847
20.9847
