 1651.3
947.515
1109.77
1110.19
   1094
1105.43
1099.88
1102.15
1101.33
1101.59
1101.52
1101.54
1101.54
1101.53
1101.54
1101.53
1101.53
1101.53
1101.53
1101.53
1101.53
1101.53
1101.53
1101.53
1101.53
1101.53
1101.53
1101.53
1101.53
1101.53
1101.53
1101.53
1101.53
1101.53
1101.53
1101.53
1101.53
1101.53
1101.53
1101.53
1101.53
1101.53
1101.53
1101.53
1101.53
1101.53
1101.53
1101.53
1101.53
1101.53
1101.53
1101.53
1101.53
1101.53
1101.53
1101.53
1101.53
1101.53
1101.53
1101.53
1101.53
1101.53
1101.53
1101.53
1101.53
1101.53
1101.53
1101.53
1101.53
1101.53
1101.53
1101.53
1101.53
1101.53
1101.53
1101.53
1101.53
1101.53
1101.53
1101.53
1101.53
1101.53
1101.53
1101.53
1101.53
1101.53
1101.53
1101.53
1101.53
1101.53
1101.53
1101.53
1101.53
1101.53
1101.53
1101.53
1101.53
1101.53
1101.53
1101.53
