0.558709
0.229166
0.354732
0.295072
0.317249
0.309798
0.311989
 0.31146
0.311539
0.311552
0.311533
0.311544
0.311539
0.311541
0.311541
0.311541
0.311541
0.311541
0.311541
0.311541
0.311541
0.311541
0.311541
0.311541
0.311541
0.311541
0.311541
0.311541
0.311541
0.311541
0.311541
0.311541
0.311541
0.311541
0.311541
0.311541
0.311541
0.311541
0.311541
0.311541
0.311541
0.311541
0.311541
0.311541
0.311541
0.311541
0.311541
0.311541
0.311541
0.311541
0.311541
0.311541
0.311541
0.311541
0.311541
0.311541
0.311541
0.311541
0.311541
0.311541
0.311541
0.311541
0.311541
0.311541
0.311541
0.311541
0.311541
0.311541
0.311541
0.311541
0.311541
0.311541
0.311541
0.311541
0.311541
0.311541
0.311541
0.311541
0.311541
0.311541
0.311541
0.311541
0.311541
0.311541
0.311541
0.311541
0.311541
0.311541
0.311541
0.311541
0.311541
0.311541
0.311541
0.311541
0.311541
0.311541
0.311541
0.311541
0.311541
0.311541
