 0.159323
0.0908943
 0.106592
 0.106727
 0.105106
 0.106237
 0.105691
 0.105914
 0.105833
 0.105859
 0.105852
 0.105853
 0.105853
 0.105853
 0.105853
 0.105853
 0.105853
 0.105853
 0.105853
 0.105853
 0.105853
 0.105853
 0.105853
 0.105853
 0.105853
 0.105853
 0.105853
 0.105853
 0.105853
 0.105853
 0.105853
 0.105853
 0.105853
 0.105853
 0.105853
 0.105853
 0.105853
 0.105853
 0.105853
 0.105853
 0.105853
 0.105853
 0.105853
 0.105853
 0.105853
 0.105853
 0.105853
 0.105853
 0.105853
 0.105853
 0.105853
 0.105853
 0.105853
 0.105853
 0.105853
 0.105853
 0.105853
 0.105853
 0.105853
 0.105853
 0.105853
 0.105853
 0.105853
 0.105853
 0.105853
 0.105853
 0.105853
 0.105853
 0.105853
 0.105853
 0.105853
 0.105853
 0.105853
 0.105853
 0.105853
 0.105853
 0.105853
 0.105853
 0.105853
 0.105853
 0.105853
 0.105853
 0.105853
 0.105853
 0.105853
 0.105853
 0.105853
 0.105853
 0.105853
 0.105853
 0.105853
 0.105853
 0.105853
 0.105853
 0.105853
 0.105853
 0.105853
 0.105853
 0.105853
 0.105853
