 9.8328
9.72707
9.66721
9.63577
9.61999
9.61228
9.60857
 9.6068
9.60595
9.60555
9.60536
9.60527
9.60522
 9.6052
9.60519
9.60519
9.60519
9.60519
9.60519
9.60519
9.60519
9.60519
9.60519
9.60519
9.60519
9.60519
9.60519
9.60519
9.60519
9.60519
9.60519
9.60519
9.60519
9.60519
9.60519
9.60519
9.60519
9.60519
9.60519
9.60519
9.60519
9.60519
9.60519
9.60519
9.60519
9.60519
9.60519
9.60519
9.60519
9.60519
9.60519
9.60519
9.60519
9.60519
9.60519
9.60519
9.60519
9.60519
9.60519
9.60519
9.60519
9.60519
9.60519
9.60519
9.60519
9.60519
9.60519
9.60519
9.60519
9.60519
9.60519
9.60519
9.60519
9.60519
9.60519
9.60519
9.60519
9.60519
9.60519
9.60519
9.60519
9.60519
9.60519
9.60519
9.60519
9.60519
9.60519
9.60519
9.60519
9.60519
9.60519
9.60519
9.60519
9.60519
9.60519
9.60519
9.60519
9.60519
9.60519
9.60519
