25.7932
 35.098
40.0907
42.6209
43.8627
 44.462
44.7486
44.8852
44.9501
44.9809
44.9956
45.0025
45.0058
45.0074
45.0081
45.0085
45.0086
45.0087
45.0087
45.0088
45.0088
45.0088
45.0088
45.0088
45.0088
45.0088
45.0088
45.0088
45.0088
45.0088
45.0088
45.0088
45.0088
45.0088
45.0088
45.0088
45.0088
45.0088
45.0088
45.0088
45.0088
45.0088
45.0088
45.0088
45.0088
45.0088
45.0088
45.0088
45.0088
45.0088
45.0088
45.0088
45.0088
45.0088
45.0088
45.0088
45.0088
45.0088
45.0088
45.0088
45.0088
45.0088
45.0088
45.0088
45.0088
45.0088
45.0088
45.0088
45.0088
45.0088
45.0088
45.0088
45.0088
45.0088
45.0088
45.0088
45.0088
45.0088
45.0088
45.0088
45.0088
45.0088
45.0088
45.0088
45.0088
45.0088
45.0088
45.0088
45.0088
45.0088
45.0088
45.0088
45.0088
45.0088
45.0088
45.0088
45.0088
45.0088
45.0088
45.0088
