0.966559
0.945414
0.933443
0.927153
0.923998
0.922456
0.921714
0.921359
 0.92119
 0.92111
0.921072
0.921054
0.921045
0.921041
0.921039
0.921038
0.921038
0.921037
0.921037
0.921037
0.921037
0.921037
0.921037
0.921037
0.921037
0.921037
0.921037
0.921037
0.921037
0.921037
0.921037
0.921037
0.921037
0.921037
0.921037
0.921037
0.921037
0.921037
0.921037
0.921037
0.921037
0.921037
0.921037
0.921037
0.921037
0.921037
0.921037
0.921037
0.921037
0.921037
0.921037
0.921037
0.921037
0.921037
0.921037
0.921037
0.921037
0.921037
0.921037
0.921037
0.921037
0.921037
0.921037
0.921037
0.921037
0.921037
0.921037
0.921037
0.921037
0.921037
0.921037
0.921037
0.921037
0.921037
0.921037
0.921037
0.921037
0.921037
0.921037
0.921037
0.921037
0.921037
0.921037
0.921037
0.921037
0.921037
0.921037
0.921037
0.921037
0.921037
0.921037
0.921037
0.921037
0.921037
0.921037
0.921037
0.921037
0.921037
0.921037
0.921037
