0.0161216
0.0256272
0.0307308
0.0333183
0.0345886
0.0352017
 0.035495
0.0356347
0.0357012
0.0357327
0.0357477
0.0357548
0.0357582
0.0357598
0.0357605
0.0357609
0.0357611
0.0357611
0.0357612
0.0357612
0.0357612
0.0357612
0.0357612
0.0357612
0.0357612
0.0357612
0.0357612
0.0357612
0.0357612
0.0357612
0.0357612
0.0357612
0.0357612
0.0357612
0.0357612
0.0357612
0.0357612
0.0357612
0.0357612
0.0357612
0.0357612
0.0357612
0.0357612
0.0357612
0.0357612
0.0357612
0.0357612
0.0357612
0.0357612
0.0357612
0.0357612
0.0357612
0.0357612
0.0357612
0.0357612
0.0357612
0.0357612
0.0357612
0.0357612
0.0357612
0.0357612
0.0357612
0.0357612
0.0357612
0.0357612
0.0357612
0.0357612
0.0357612
0.0357612
0.0357612
0.0357612
0.0357612
0.0357612
0.0357612
0.0357612
0.0357612
0.0357612
0.0357612
0.0357612
0.0357612
0.0357612
0.0357612
0.0357612
0.0357612
0.0357612
0.0357612
0.0357612
0.0357612
0.0357612
0.0357612
0.0357612
0.0357612
0.0357612
0.0357612
0.0357612
0.0357612
0.0357612
0.0357612
0.0357612
0.0357612
