19.9374
21.9552
22.3536
22.4318
22.4471
22.4501
22.4507
22.4508
22.4508
22.4508
22.4508
22.4508
22.4508
22.4508
22.4508
22.4508
22.4508
22.4508
22.4508
22.4508
22.4508
22.4508
22.4508
22.4508
22.4508
22.4508
22.4508
22.4508
22.4508
22.4508
22.4508
22.4508
22.4508
22.4508
22.4508
22.4508
22.4508
22.4508
22.4508
22.4508
22.4508
22.4508
22.4508
22.4508
22.4508
22.4508
22.4508
22.4508
22.4508
22.4508
22.4508
22.4508
22.4508
22.4508
22.4508
22.4508
22.4508
22.4508
22.4508
22.4508
22.4508
22.4508
22.4508
22.4508
22.4508
22.4508
22.4508
22.4508
22.4508
22.4508
22.4508
22.4508
22.4508
22.4508
22.4508
22.4508
22.4508
22.4508
22.4508
22.4508
22.4508
22.4508
22.4508
22.4508
22.4508
22.4508
22.4508
22.4508
22.4508
22.4508
22.4508
22.4508
22.4508
22.4508
22.4508
22.4508
22.4508
22.4508
22.4508
22.4508
