9.89575
9.87351
9.86903
9.86815
9.86798
9.86794
9.86794
9.86794
9.86794
9.86794
9.86794
9.86794
9.86794
9.86794
9.86794
9.86794
9.86794
9.86794
9.86794
9.86794
9.86794
9.86794
9.86794
9.86794
9.86794
9.86794
9.86794
9.86794
9.86794
9.86794
9.86794
9.86794
9.86794
9.86794
9.86794
9.86794
9.86794
9.86794
9.86794
9.86794
9.86794
9.86794
9.86794
9.86794
9.86794
9.86794
9.86794
9.86794
9.86794
9.86794
9.86794
9.86794
9.86794
9.86794
9.86794
9.86794
9.86794
9.86794
9.86794
9.86794
9.86794
9.86794
9.86794
9.86794
9.86794
9.86794
9.86794
9.86794
9.86794
9.86794
9.86794
9.86794
9.86794
9.86794
9.86794
9.86794
9.86794
9.86794
9.86794
9.86794
9.86794
9.86794
9.86794
9.86794
9.86794
9.86794
9.86794
9.86794
9.86794
9.86794
9.86794
9.86794
9.86794
9.86794
9.86794
9.86794
9.86794
9.86794
9.86794
9.86794
