 0.97915
0.974702
0.973807
 0.97363
0.973596
0.973589
0.973588
0.973587
0.973587
0.973587
0.973587
0.973587
0.973587
0.973587
0.973587
0.973587
0.973587
0.973587
0.973587
0.973587
0.973587
0.973587
0.973587
0.973587
0.973587
0.973587
0.973587
0.973587
0.973587
0.973587
0.973587
0.973587
0.973587
0.973587
0.973587
0.973587
0.973587
0.973587
0.973587
0.973587
0.973587
0.973587
0.973587
0.973587
0.973587
0.973587
0.973587
0.973587
0.973587
0.973587
0.973587
0.973587
0.973587
0.973587
0.973587
0.973587
0.973587
0.973587
0.973587
0.973587
0.973587
0.973587
0.973587
0.973587
0.973587
0.973587
0.973587
0.973587
0.973587
0.973587
0.973587
0.973587
0.973587
0.973587
0.973587
0.973587
0.973587
0.973587
0.973587
0.973587
0.973587
0.973587
0.973587
0.973587
0.973587
0.973587
0.973587
0.973587
0.973587
0.973587
0.973587
0.973587
0.973587
0.973587
0.973587
0.973587
0.973587
0.973587
0.973587
0.973587
