 0.010143
0.0122038
0.0126107
0.0126905
0.0127062
0.0127093
0.0127099
  0.01271
  0.01271
  0.01271
  0.01271
  0.01271
  0.01271
  0.01271
  0.01271
  0.01271
  0.01271
  0.01271
  0.01271
  0.01271
  0.01271
  0.01271
  0.01271
  0.01271
  0.01271
  0.01271
  0.01271
  0.01271
  0.01271
  0.01271
  0.01271
  0.01271
  0.01271
  0.01271
  0.01271
  0.01271
  0.01271
  0.01271
  0.01271
  0.01271
  0.01271
  0.01271
  0.01271
  0.01271
  0.01271
  0.01271
  0.01271
  0.01271
  0.01271
  0.01271
  0.01271
  0.01271
  0.01271
  0.01271
  0.01271
  0.01271
  0.01271
  0.01271
  0.01271
  0.01271
  0.01271
  0.01271
  0.01271
  0.01271
  0.01271
  0.01271
  0.01271
  0.01271
  0.01271
  0.01271
  0.01271
  0.01271
  0.01271
  0.01271
  0.01271
  0.01271
  0.01271
  0.01271
  0.01271
  0.01271
  0.01271
  0.01271
  0.01271
  0.01271
  0.01271
  0.01271
  0.01271
  0.01271
  0.01271
  0.01271
  0.01271
  0.01271
  0.01271
  0.01271
  0.01271
  0.01271
  0.01271
  0.01271
  0.01271
  0.01271
