30.6344
50.8081
66.9488
77.5119
83.2844
85.9967
87.1195
87.5335
 87.668
87.7045
87.7112
87.7107
87.7093
87.7084
 87.708
87.7078
87.7077
87.7077
87.7077
87.7077
87.7077
87.7077
87.7077
87.7077
87.7077
87.7077
87.7077
87.7077
87.7077
87.7077
87.7077
87.7077
87.7077
87.7077
87.7077
87.7077
87.7077
87.7077
87.7077
87.7077
87.7077
87.7077
87.7077
87.7077
87.7077
87.7077
87.7077
87.7077
87.7077
87.7077
87.7077
87.7077
87.7077
87.7077
87.7077
87.7077
87.7077
87.7077
87.7077
87.7077
87.7077
87.7077
87.7077
87.7077
87.7077
87.7077
87.7077
87.7077
87.7077
87.7077
87.7077
87.7077
87.7077
87.7077
87.7077
87.7077
87.7077
87.7077
87.7077
87.7077
87.7077
87.7077
87.7077
87.7077
87.7077
87.7077
87.7077
87.7077
87.7077
87.7077
87.7077
87.7077
87.7077
87.7077
87.7077
87.7077
87.7077
87.7077
87.7077
87.7077
