9.78018
9.54364
9.33111
9.17279
9.07392
9.02103
 8.9962
 8.9858
8.98189
8.98057
 8.9802
8.98012
8.98012
8.98013
8.98014
8.98014
8.98014
8.98014
8.98014
8.98014
8.98014
8.98014
8.98014
8.98014
8.98014
8.98014
8.98014
8.98014
8.98014
8.98014
8.98014
8.98014
8.98014
8.98014
8.98014
8.98014
8.98014
8.98014
8.98014
8.98014
8.98014
8.98014
8.98014
8.98014
8.98014
8.98014
8.98014
8.98014
8.98014
8.98014
8.98014
8.98014
8.98014
8.98014
8.98014
8.98014
8.98014
8.98014
8.98014
8.98014
8.98014
8.98014
8.98014
8.98014
8.98014
8.98014
8.98014
8.98014
8.98014
8.98014
8.98014
8.98014
8.98014
8.98014
8.98014
8.98014
8.98014
8.98014
8.98014
8.98014
8.98014
8.98014
8.98014
8.98014
8.98014
8.98014
8.98014
8.98014
8.98014
8.98014
8.98014
8.98014
8.98014
8.98014
8.98014
8.98014
8.98014
8.98014
8.98014
8.98014
