0.956035
0.908728
0.866223
0.834557
0.814785
0.804205
 0.79924
 0.79716
0.796377
0.796115
 0.79604
0.796024
0.796024
0.796026
0.796027
0.796028
0.796028
0.796029
0.796029
0.796029
0.796029
0.796029
0.796029
0.796029
0.796029
0.796029
0.796029
0.796029
0.796029
0.796029
0.796029
0.796029
0.796029
0.796029
0.796029
0.796029
0.796029
0.796029
0.796029
0.796029
0.796029
0.796029
0.796029
0.796029
0.796029
0.796029
0.796029
0.796029
0.796029
0.796029
0.796029
0.796029
0.796029
0.796029
0.796029
0.796029
0.796029
0.796029
0.796029
0.796029
0.796029
0.796029
0.796029
0.796029
0.796029
0.796029
0.796029
0.796029
0.796029
0.796029
0.796029
0.796029
0.796029
0.796029
0.796029
0.796029
0.796029
0.796029
0.796029
0.796029
0.796029
0.796029
0.796029
0.796029
0.796029
0.796029
0.796029
0.796029
0.796029
0.796029
0.796029
0.796029
0.796029
0.796029
0.796029
0.796029
0.796029
0.796029
0.796029
0.796029
