0.0210649
0.0416813
0.0581997
0.0690294
0.0749601
0.0777532
0.0789125
0.0793411
0.0794809
0.0795191
0.0795263
0.0795258
0.0795245
0.0795235
0.0795231
0.0795229
0.0795228
0.0795228
0.0795228
0.0795228
0.0795228
0.0795228
0.0795228
0.0795228
0.0795228
0.0795228
0.0795228
0.0795228
0.0795228
0.0795228
0.0795228
0.0795228
0.0795228
0.0795228
0.0795228
0.0795228
0.0795228
0.0795228
0.0795228
0.0795228
0.0795228
0.0795228
0.0795228
0.0795228
0.0795228
0.0795228
0.0795228
0.0795228
0.0795228
0.0795228
0.0795228
0.0795228
0.0795228
0.0795228
0.0795228
0.0795228
0.0795228
0.0795228
0.0795228
0.0795228
0.0795228
0.0795228
0.0795228
0.0795228
0.0795228
0.0795228
0.0795228
0.0795228
0.0795228
0.0795228
0.0795228
0.0795228
0.0795228
0.0795228
0.0795228
0.0795228
0.0795228
0.0795228
0.0795228
0.0795228
0.0795228
0.0795228
0.0795228
0.0795228
0.0795228
0.0795228
0.0795228
0.0795228
0.0795228
0.0795228
0.0795228
0.0795228
0.0795228
0.0795228
0.0795228
0.0795228
0.0795228
0.0795228
0.0795228
0.0795228
