9.71958
9.25798
8.69077
8.23016
 8.0121
7.97763
8.00898
8.03922
8.05249
8.05418
  8.052
8.05001
8.04916
8.04907
8.04922
8.04935
 8.0494
8.04941
 8.0494
8.04939
8.04938
8.04938
8.04939
8.04939
8.04939
8.04939
8.04939
8.04939
8.04939
8.04939
8.04939
8.04939
8.04939
8.04939
8.04939
8.04939
8.04939
8.04939
8.04939
8.04939
8.04939
8.04939
8.04939
8.04939
8.04939
8.04939
8.04939
8.04939
8.04939
8.04939
8.04939
8.04939
8.04939
8.04939
8.04939
8.04939
8.04939
8.04939
8.04939
8.04939
8.04939
8.04939
8.04939
8.04939
8.04939
8.04939
8.04939
8.04939
8.04939
8.04939
8.04939
8.04939
8.04939
8.04939
8.04939
8.04939
8.04939
8.04939
8.04939
8.04939
8.04939
8.04939
8.04939
8.04939
8.04939
8.04939
8.04939
8.04939
8.04939
8.04939
8.04939
8.04939
8.04939
8.04939
8.04939
8.04939
8.04939
8.04939
8.04939
8.04939
