36.1566
73.8432
110.087
 128.69
130.519
126.655
  123.6
122.443
122.392
 122.65
122.846
 122.92
122.921
122.904
122.891
122.887
122.887
122.888
122.889
122.889
122.889
122.889
122.889
122.889
122.889
122.889
122.889
122.889
122.889
122.889
122.889
122.889
122.889
122.889
122.889
122.889
122.889
122.889
122.889
122.889
122.889
122.889
122.889
122.889
122.889
122.889
122.889
122.889
122.889
122.889
122.889
122.889
122.889
122.889
122.889
122.889
122.889
122.889
122.889
122.889
122.889
122.889
122.889
122.889
122.889
122.889
122.889
122.889
122.889
122.889
122.889
122.889
122.889
122.889
122.889
122.889
122.889
122.889
122.889
122.889
122.889
122.889
122.889
122.889
122.889
122.889
122.889
122.889
122.889
122.889
122.889
122.889
122.889
122.889
122.889
122.889
122.889
122.889
122.889
122.889
