0.943916
0.851595
0.738153
0.646032
 0.60242
0.595526
0.601797
0.607845
0.610499
0.610837
0.610399
0.610002
0.609832
0.609814
0.609844
 0.60987
 0.60988
0.609881
0.609879
0.609878
0.609877
0.609877
0.609877
0.609877
0.609877
0.609877
0.609877
0.609877
0.609877
0.609877
0.609877
0.609877
0.609877
0.609877
0.609877
0.609877
0.609877
0.609877
0.609877
0.609877
0.609877
0.609877
0.609877
0.609877
0.609877
0.609877
0.609877
0.609877
0.609877
0.609877
0.609877
0.609877
0.609877
0.609877
0.609877
0.609877
0.609877
0.609877
0.609877
0.609877
0.609877
0.609877
0.609877
0.609877
0.609877
0.609877
0.609877
0.609877
0.609877
0.609877
0.609877
0.609877
0.609877
0.609877
0.609877
0.609877
0.609877
0.609877
0.609877
0.609877
0.609877
0.609877
0.609877
0.609877
0.609877
0.609877
0.609877
0.609877
0.609877
0.609877
0.609877
0.609877
0.609877
0.609877
0.609877
0.609877
0.609877
0.609877
0.609877
0.609877
