0.0267041
0.0652376
 0.102421
 0.121677
 0.123744
 0.119876
 0.116759
 0.115559
 0.115494
 0.115753
 0.115954
  0.11603
 0.116033
 0.116015
 0.116002
 0.115997
 0.115997
 0.115998
 0.115999
 0.115999
 0.115999
 0.115999
 0.115999
 0.115999
 0.115999
 0.115999
 0.115999
 0.115999
 0.115999
 0.115999
 0.115999
 0.115999
 0.115999
 0.115999
 0.115999
 0.115999
 0.115999
 0.115999
 0.115999
 0.115999
 0.115999
 0.115999
 0.115999
 0.115999
 0.115999
 0.115999
 0.115999
 0.115999
 0.115999
 0.115999
 0.115999
 0.115999
 0.115999
 0.115999
 0.115999
 0.115999
 0.115999
 0.115999
 0.115999
 0.115999
 0.115999
 0.115999
 0.115999
 0.115999
 0.115999
 0.115999
 0.115999
 0.115999
 0.115999
 0.115999
 0.115999
 0.115999
 0.115999
 0.115999
 0.115999
 0.115999
 0.115999
 0.115999
 0.115999
 0.115999
 0.115999
 0.115999
 0.115999
 0.115999
 0.115999
 0.115999
 0.115999
 0.115999
 0.115999
 0.115999
 0.115999
 0.115999
 0.115999
 0.115999
 0.115999
 0.115999
 0.115999
 0.115999
 0.115999
 0.115999
