9.88913
9.86148
  9.855
9.85352
9.85318
 9.8531
9.85308
9.85308
9.85308
9.85308
9.85308
9.85308
9.85308
9.85308
9.85308
9.85308
9.85308
9.85308
9.85308
9.85308
9.85308
9.85308
9.85308
9.85308
9.85308
9.85308
9.85308
9.85308
9.85308
9.85308
9.85308
9.85308
9.85308
9.85308
9.85308
9.85308
9.85308
9.85308
9.85308
9.85308
9.85308
9.85308
9.85308
9.85308
9.85308
9.85308
9.85308
9.85308
9.85308
9.85308
9.85308
9.85308
9.85308
9.85308
9.85308
9.85308
9.85308
9.85308
9.85308
9.85308
9.85308
9.85308
9.85308
9.85308
9.85308
9.85308
9.85308
9.85308
9.85308
9.85308
9.85308
9.85308
9.85308
9.85308
9.85308
9.85308
9.85308
9.85308
9.85308
9.85308
9.85308
9.85308
9.85308
9.85308
9.85308
9.85308
9.85308
9.85308
9.85308
9.85308
9.85308
9.85308
9.85308
9.85308
9.85308
9.85308
9.85308
9.85308
9.85308
9.85308
