20.5568
23.0585
23.6323
23.7628
23.7925
23.7992
23.8007
23.8011
23.8012
23.8012
23.8012
23.8012
23.8012
23.8012
23.8012
23.8012
23.8012
23.8012
23.8012
23.8012
23.8012
23.8012
23.8012
23.8012
23.8012
23.8012
23.8012
23.8012
23.8012
23.8012
23.8012
23.8012
23.8012
23.8012
23.8012
23.8012
23.8012
23.8012
23.8012
23.8012
23.8012
23.8012
23.8012
23.8012
23.8012
23.8012
23.8012
23.8012
23.8012
23.8012
23.8012
23.8012
23.8012
23.8012
23.8012
23.8012
23.8012
23.8012
23.8012
23.8012
23.8012
23.8012
23.8012
23.8012
23.8012
23.8012
23.8012
23.8012
23.8012
23.8012
23.8012
23.8012
23.8012
23.8012
23.8012
23.8012
23.8012
23.8012
23.8012
23.8012
23.8012
23.8012
23.8012
23.8012
23.8012
23.8012
23.8012
23.8012
23.8012
23.8012
23.8012
23.8012
23.8012
23.8012
23.8012
23.8012
23.8012
23.8012
23.8012
23.8012
