0.977827
0.972295
   0.971
0.970703
0.970636
 0.97062
0.970617
0.970616
0.970616
0.970616
0.970616
0.970616
0.970616
0.970616
0.970616
0.970616
0.970616
0.970616
0.970616
0.970616
0.970616
0.970616
0.970616
0.970616
0.970616
0.970616
0.970616
0.970616
0.970616
0.970616
0.970616
0.970616
0.970616
0.970616
0.970616
0.970616
0.970616
0.970616
0.970616
0.970616
0.970616
0.970616
0.970616
0.970616
0.970616
0.970616
0.970616
0.970616
0.970616
0.970616
0.970616
0.970616
0.970616
0.970616
0.970616
0.970616
0.970616
0.970616
0.970616
0.970616
0.970616
0.970616
0.970616
0.970616
0.970616
0.970616
0.970616
0.970616
0.970616
0.970616
0.970616
0.970616
0.970616
0.970616
0.970616
0.970616
0.970616
0.970616
0.970616
0.970616
0.970616
0.970616
0.970616
0.970616
0.970616
0.970616
0.970616
0.970616
0.970616
0.970616
0.970616
0.970616
0.970616
0.970616
0.970616
0.970616
0.970616
0.970616
0.970616
0.970616
