0.0107754
0.0133303
0.0139165
0.0140498
0.0140801
 0.014087
0.0140885
0.0140889
 0.014089
 0.014089
 0.014089
 0.014089
 0.014089
 0.014089
 0.014089
 0.014089
 0.014089
 0.014089
 0.014089
 0.014089
 0.014089
 0.014089
 0.014089
 0.014089
 0.014089
 0.014089
 0.014089
 0.014089
 0.014089
 0.014089
 0.014089
 0.014089
 0.014089
 0.014089
 0.014089
 0.014089
 0.014089
 0.014089
 0.014089
 0.014089
 0.014089
 0.014089
 0.014089
 0.014089
 0.014089
 0.014089
 0.014089
 0.014089
 0.014089
 0.014089
 0.014089
 0.014089
 0.014089
 0.014089
 0.014089
 0.014089
 0.014089
 0.014089
 0.014089
 0.014089
 0.014089
 0.014089
 0.014089
 0.014089
 0.014089
 0.014089
 0.014089
 0.014089
 0.014089
 0.014089
 0.014089
 0.014089
 0.014089
 0.014089
 0.014089
 0.014089
 0.014089
 0.014089
 0.014089
 0.014089
 0.014089
 0.014089
 0.014089
 0.014089
 0.014089
 0.014089
 0.014089
 0.014089
 0.014089
 0.014089
 0.014089
 0.014089
 0.014089
 0.014089
 0.014089
 0.014089
 0.014089
 0.014089
 0.014089
 0.014089
