0.200248
0.300998
0.402254
0.504017
 0.60629
0.709075
0.812376
0.916195
 1.02053
  1.1254
 1.23078
  1.3367
 1.44315
 1.55013
 1.65764
  1.7657
  1.8743
 1.98344
 2.09312
 2.20336
 2.31415
  2.4255
  2.5374
 2.64987
  2.7629
 2.87649
 2.99066
  3.1054
 3.22071
  3.3366
 3.45307
 3.57012
 3.68777
   3.806
 3.92482
 4.04424
 4.16426
 4.28488
  4.4061
 4.52793
 4.65038
 4.77343
  4.8971
  5.0214
 5.14631
 5.27186
 5.39803
 5.52483
 5.65227
 5.78035
 5.90907
 6.03843
 6.16845
 6.29911
 6.43043
 6.56241
 6.69505
 6.82836
 6.96233
 7.09697
 7.23229
 7.36829
 7.50497
 7.64233
 7.78039
 7.91913
 8.05857
 8.19871
 8.33955
  8.4811
 8.62336
 8.76633
 8.91002
 9.05442
 9.19956
 9.34541
   9.492
 9.63933
 9.78739
  9.9362
 10.0857
  10.236
 10.3871
 10.5389
 10.6915
 10.8448
 10.9989
 11.1538
 11.3095
 11.4659
 11.6231
 11.7811
 11.9399
 12.0995
 12.2599
 12.4211
 12.5831
 12.7459
 12.9096
  13.074
