3.00496
5.01997
7.04507
9.08033
11.1258
13.1815
15.2475
17.3239
19.4107
21.5079
23.6157
 25.734
27.8629
30.0025
32.1529
 34.314
36.4859
38.6687
40.8625
43.0673
45.2831
  47.51
49.7481
51.9974
 54.258
56.5299
58.8132
61.1079
63.4142
 65.732
68.0614
70.4025
72.7553
75.1199
77.4964
79.8848
82.2852
84.6975
 87.122
89.5587
92.0075
94.4686
96.9421
 99.428
101.926
104.437
106.961
109.497
112.045
114.607
117.181
119.769
122.369
124.982
127.609
130.248
132.901
135.567
138.247
140.939
143.646
146.366
149.099
151.847
154.608
157.383
160.171
162.974
165.791
168.622
171.467
174.327
  177.2
180.088
182.991
185.908
 188.84
191.787
194.748
197.724
200.715
203.721
206.742
209.778
 212.83
215.896
218.979
222.076
225.189
228.318
231.462
234.622
237.798
 240.99
244.198
247.422
250.662
253.918
257.191
 260.48
