9.87595
9.83529
 9.8229
9.81923
9.81815
9.81784
9.81775
9.81772
9.81772
9.81771
9.81771
9.81771
9.81771
9.81771
9.81771
9.81771
9.81771
9.81771
9.81771
9.81771
9.81771
9.81771
9.81771
9.81771
9.81771
9.81771
9.81771
9.81771
9.81771
9.81771
9.81771
9.81771
9.81771
9.81771
9.81771
9.81771
9.81771
9.81771
9.81771
9.81771
9.81771
9.81771
9.81771
9.81771
9.81771
9.81771
9.81771
9.81771
9.81771
9.81771
9.81771
9.81771
9.81771
9.81771
9.81771
9.81771
9.81771
9.81771
9.81771
9.81771
9.81771
9.81771
9.81771
9.81771
9.81771
9.81771
9.81771
9.81771
9.81771
9.81771
9.81771
9.81771
9.81771
9.81771
9.81771
9.81771
9.81771
9.81771
9.81771
9.81771
9.81771
9.81771
9.81771
9.81771
9.81771
9.81771
9.81771
9.81771
9.81771
9.81771
9.81771
9.81771
9.81771
9.81771
9.81771
9.81771
9.81771
9.81771
9.81771
9.81771
