 21.788
25.4436
26.5296
26.8477
26.9405
26.9675
26.9754
26.9777
26.9783
26.9785
26.9786
26.9786
26.9786
26.9786
26.9786
26.9786
26.9786
26.9786
26.9786
26.9786
26.9786
26.9786
26.9786
26.9786
26.9786
26.9786
26.9786
26.9786
26.9786
26.9786
26.9786
26.9786
26.9786
26.9786
26.9786
26.9786
26.9786
26.9786
26.9786
26.9786
26.9786
26.9786
26.9786
26.9786
26.9786
26.9786
26.9786
26.9786
26.9786
26.9786
26.9786
26.9786
26.9786
26.9786
26.9786
26.9786
26.9786
26.9786
26.9786
26.9786
26.9786
26.9786
26.9786
26.9786
26.9786
26.9786
26.9786
26.9786
26.9786
26.9786
26.9786
26.9786
26.9786
26.9786
26.9786
26.9786
26.9786
26.9786
26.9786
26.9786
26.9786
26.9786
26.9786
26.9786
26.9786
26.9786
26.9786
26.9786
26.9786
26.9786
26.9786
26.9786
26.9786
26.9786
26.9786
26.9786
26.9786
26.9786
26.9786
26.9786
