0.975189
0.967059
0.964579
0.963846
0.963631
0.963568
 0.96355
0.963545
0.963543
0.963543
0.963542
0.963542
0.963542
0.963542
0.963542
0.963542
0.963542
0.963542
0.963542
0.963542
0.963542
0.963542
0.963542
0.963542
0.963542
0.963542
0.963542
0.963542
0.963542
0.963542
0.963542
0.963542
0.963542
0.963542
0.963542
0.963542
0.963542
0.963542
0.963542
0.963542
0.963542
0.963542
0.963542
0.963542
0.963542
0.963542
0.963542
0.963542
0.963542
0.963542
0.963542
0.963542
0.963542
0.963542
0.963542
0.963542
0.963542
0.963542
0.963542
0.963542
0.963542
0.963542
0.963542
0.963542
0.963542
0.963542
0.963542
0.963542
0.963542
0.963542
0.963542
0.963542
0.963542
0.963542
0.963542
0.963542
0.963542
0.963542
0.963542
0.963542
0.963542
0.963542
0.963542
0.963542
0.963542
0.963542
0.963542
0.963542
0.963542
0.963542
0.963542
0.963542
0.963542
0.963542
0.963542
0.963542
0.963542
0.963542
0.963542
0.963542
