0.0120324
 0.015766
0.0168755
0.0172005
0.0172953
0.0173229
0.0173309
0.0173333
 0.017334
0.0173341
0.0173342
0.0173342
0.0173342
0.0173342
0.0173342
0.0173342
0.0173342
0.0173342
0.0173342
0.0173342
0.0173342
0.0173342
0.0173342
0.0173342
0.0173342
0.0173342
0.0173342
0.0173342
0.0173342
0.0173342
0.0173342
0.0173342
0.0173342
0.0173342
0.0173342
0.0173342
0.0173342
0.0173342
0.0173342
0.0173342
0.0173342
0.0173342
0.0173342
0.0173342
0.0173342
0.0173342
0.0173342
0.0173342
0.0173342
0.0173342
0.0173342
0.0173342
0.0173342
0.0173342
0.0173342
0.0173342
0.0173342
0.0173342
0.0173342
0.0173342
0.0173342
0.0173342
0.0173342
0.0173342
0.0173342
0.0173342
0.0173342
0.0173342
0.0173342
0.0173342
0.0173342
0.0173342
0.0173342
0.0173342
0.0173342
0.0173342
0.0173342
0.0173342
0.0173342
0.0173342
0.0173342
0.0173342
0.0173342
0.0173342
0.0173342
0.0173342
0.0173342
0.0173342
0.0173342
0.0173342
0.0173342
0.0173342
0.0173342
0.0173342
0.0173342
0.0173342
0.0173342
0.0173342
0.0173342
0.0173342
