53.3672
 167.05
200.572
107.606
56.0002
 40.664
41.1165
51.2427
68.2916
85.3496
92.1064
86.5438
76.6909
69.5258
67.0026
68.3399
71.7461
75.1303
76.8862
76.6444
75.1968
73.6697
72.8043
72.7637
73.2865
73.9464
74.3907
74.4811
74.2934
74.0103
73.7969
 73.729
73.7889
73.9058
 74.006
74.0482
74.0322
 73.985
73.9393
73.9159
73.9183
73.9366
73.9569
73.9691
73.9702
73.9634
73.9545
73.9485
73.9471
73.9495
73.9532
73.9561
73.9571
73.9564
73.9548
73.9535
73.9529
73.9531
73.9537
73.9543
73.9546
73.9546
73.9544
73.9541
73.9539
73.9539
 73.954
73.9541
73.9542
73.9542
73.9542
73.9541
73.9541
73.9541
73.9541
73.9541
73.9541
73.9541
73.9541
73.9541
73.9541
73.9541
73.9541
73.9541
73.9541
73.9541
73.9541
73.9541
73.9541
73.9541
73.9541
73.9541
73.9541
73.9541
73.9541
73.9541
73.9541
73.9541
73.9541
73.9541
