9.52711
7.83661
5.09318
4.03227
4.56192
5.43306
6.14244
6.53984
6.57998
6.30738
5.91063
5.63674
5.59034
5.70541
5.86483
5.98202
6.02001
5.98668
5.91959
5.86153
5.83742
5.84704
5.87413
5.90008
 5.9133
5.91193
5.90145
 5.8898
5.88284
5.88226
5.88617
5.89122
5.89467
5.89545
5.89409
5.89195
5.89029
5.88973
5.89015
5.89104
5.89181
5.89215
5.89204
5.89169
5.89134
5.89115
5.89116
 5.8913
5.89145
5.89155
5.89156
5.89151
5.89144
 5.8914
5.89138
 5.8914
5.89143
5.89145
5.89146
5.89146
5.89144
5.89143
5.89143
5.89143
5.89143
5.89144
5.89144
5.89144
5.89144
5.89144
5.89144
5.89144
5.89144
5.89144
5.89144
5.89144
5.89144
5.89144
5.89144
5.89144
5.89144
5.89144
5.89144
5.89144
5.89144
5.89144
5.89144
5.89144
5.89144
5.89144
5.89144
5.89144
5.89144
5.89144
5.89144
5.89144
5.89144
5.89144
5.89144
5.89144
