  0.905422
  0.567322
 0.0186369
 -0.193545
-0.0876154
 0.0866114
  0.228487
  0.307968
  0.315997
  0.261476
  0.182125
  0.127347
  0.118068
  0.141081
  0.172966
  0.196404
  0.204003
  0.197336
  0.183917
  0.172307
  0.167484
  0.169408
  0.174825
  0.180016
  0.182661
  0.182386
  0.180289
  0.177959
  0.176568
  0.176453
  0.177235
  0.178244
  0.178934
   0.17909
  0.178818
   0.17839
  0.178058
  0.177946
  0.178031
  0.178207
  0.178362
   0.17843
  0.178408
  0.178338
  0.178268
   0.17823
  0.178233
   0.17826
  0.178291
   0.17831
  0.178312
  0.178302
  0.178289
  0.178279
  0.178277
   0.17828
  0.178286
  0.178291
  0.178292
  0.178291
  0.178289
  0.178287
  0.178286
  0.178286
  0.178287
  0.178288
  0.178288
  0.178288
  0.178288
  0.178288
  0.178287
  0.178287
  0.178287
  0.178288
  0.178288
  0.178288
  0.178288
  0.178288
  0.178288
  0.178288
  0.178288
  0.178288
  0.178288
  0.178288
  0.178288
  0.178288
  0.178288
  0.178288
  0.178288
  0.178288
  0.178288
  0.178288
  0.178288
  0.178288
  0.178288
  0.178288
  0.178288
  0.178288
  0.178288
  0.178288
