0.0442829
 0.160822
 0.197454
  0.10462
0.0519578
0.0355868
0.0353273
0.0451544
0.0623349
0.0798406
0.0870665
0.0817243
0.0718187
0.0644651
0.0617554
0.0629878
  0.06639
 0.069842
0.0716834
0.0714978
  0.07006
0.0685078
0.0676063
 0.067539
0.0680537
0.0687217
0.0691811
0.0692841
0.0691015
0.0688162
0.0685967
 0.068523
0.0685801
0.0686973
0.0687999
0.0688447
0.0688302
0.0687831
0.0687366
 0.068712
0.0687136
0.0687317
0.0687524
 0.068765
0.0687665
0.0687598
0.0687509
0.0687446
0.0687431
0.0687454
0.0687491
0.0687521
0.0687532
0.0687525
0.0687509
0.0687496
0.0687489
0.0687491
0.0687497
0.0687503
0.0687507
0.0687507
0.0687504
0.0687502
  0.06875
  0.06875
  0.06875
0.0687502
0.0687502
0.0687503
0.0687502
0.0687502
0.0687501
0.0687501
0.0687501
0.0687502
0.0687502
0.0687502
0.0687502
0.0687502
0.0687502
0.0687502
0.0687502
0.0687502
0.0687502
0.0687502
0.0687502
0.0687502
0.0687502
0.0687502
0.0687502
0.0687502
0.0687502
0.0687502
0.0687502
0.0687502
0.0687502
0.0687502
0.0687502
0.0687502
