9.76614
9.48463
9.20813
8.99245
8.85959
8.79453
8.76939
8.76231
8.76151
8.76215
8.76274
8.76306
8.76319
8.76323
8.76323
8.76323
8.76323
8.76323
8.76323
8.76323
8.76323
8.76323
8.76323
8.76323
8.76323
8.76323
8.76323
8.76323
8.76323
8.76323
8.76323
8.76323
8.76323
8.76323
8.76323
8.76323
8.76323
8.76323
8.76323
8.76323
8.76323
8.76323
8.76323
8.76323
8.76323
8.76323
8.76323
8.76323
8.76323
8.76323
8.76323
8.76323
8.76323
8.76323
8.76323
8.76323
8.76323
8.76323
8.76323
8.76323
8.76323
8.76323
8.76323
8.76323
8.76323
8.76323
8.76323
8.76323
8.76323
8.76323
8.76323
8.76323
8.76323
8.76323
8.76323
8.76323
8.76323
8.76323
8.76323
8.76323
8.76323
8.76323
8.76323
8.76323
8.76323
8.76323
8.76323
8.76323
8.76323
8.76323
8.76323
8.76323
8.76323
8.76323
8.76323
8.76323
8.76323
8.76323
8.76323
8.76323
