31.9186
55.7031
 76.021
89.3163
95.9576
98.4687
99.1175
99.1499
99.0619
98.9928
98.9582
98.9449
98.9413
 98.941
98.9414
98.9417
98.9419
98.9419
 98.942
 98.942
 98.942
 98.942
 98.942
 98.942
 98.942
 98.942
 98.942
 98.942
 98.942
 98.942
 98.942
 98.942
 98.942
 98.942
 98.942
 98.942
 98.942
 98.942
 98.942
 98.942
 98.942
 98.942
 98.942
 98.942
 98.942
 98.942
 98.942
 98.942
 98.942
 98.942
 98.942
 98.942
 98.942
 98.942
 98.942
 98.942
 98.942
 98.942
 98.942
 98.942
 98.942
 98.942
 98.942
 98.942
 98.942
 98.942
 98.942
 98.942
 98.942
 98.942
 98.942
 98.942
 98.942
 98.942
 98.942
 98.942
 98.942
 98.942
 98.942
 98.942
 98.942
 98.942
 98.942
 98.942
 98.942
 98.942
 98.942
 98.942
 98.942
 98.942
 98.942
 98.942
 98.942
 98.942
 98.942
 98.942
 98.942
 98.942
 98.942
 98.942
