0.953228
0.896927
0.841625
0.798489
0.771918
0.758906
0.753877
0.752462
0.752302
0.752429
0.752548
0.752612
0.752638
0.752646
0.752647
0.752646
0.752646
0.752645
0.752645
0.752645
0.752645
0.752645
0.752645
0.752645
0.752645
0.752645
0.752645
0.752645
0.752645
0.752645
0.752645
0.752645
0.752645
0.752645
0.752645
0.752645
0.752645
0.752645
0.752645
0.752645
0.752645
0.752645
0.752645
0.752645
0.752645
0.752645
0.752645
0.752645
0.752645
0.752645
0.752645
0.752645
0.752645
0.752645
0.752645
0.752645
0.752645
0.752645
0.752645
0.752645
0.752645
0.752645
0.752645
0.752645
0.752645
0.752645
0.752645
0.752645
0.752645
0.752645
0.752645
0.752645
0.752645
0.752645
0.752645
0.752645
0.752645
0.752645
0.752645
0.752645
0.752645
0.752645
0.752645
0.752645
0.752645
0.752645
0.752645
0.752645
0.752645
0.752645
0.752645
0.752645
0.752645
0.752645
0.752645
0.752645
0.752645
0.752645
0.752645
0.752645
