0.0223762
0.0466853
0.0674877
0.0811352
0.0879778
  0.09058
0.0912607
0.0913006
0.0912125
0.0911421
0.0911065
0.0910928
 0.091089
0.0910887
 0.091089
0.0910894
0.0910895
0.0910896
0.0910896
0.0910896
0.0910896
0.0910896
0.0910896
0.0910896
0.0910896
0.0910896
0.0910896
0.0910896
0.0910896
0.0910896
0.0910896
0.0910896
0.0910896
0.0910896
0.0910896
0.0910896
0.0910896
0.0910896
0.0910896
0.0910896
0.0910896
0.0910896
0.0910896
0.0910896
0.0910896
0.0910896
0.0910896
0.0910896
0.0910896
0.0910896
0.0910896
0.0910896
0.0910896
0.0910896
0.0910896
0.0910896
0.0910896
0.0910896
0.0910896
0.0910896
0.0910896
0.0910896
0.0910896
0.0910896
0.0910896
0.0910896
0.0910896
0.0910896
0.0910896
0.0910896
0.0910896
0.0910896
0.0910896
0.0910896
0.0910896
0.0910896
0.0910896
0.0910896
0.0910896
0.0910896
0.0910896
0.0910896
0.0910896
0.0910896
0.0910896
0.0910896
0.0910896
0.0910896
0.0910896
0.0910896
0.0910896
0.0910896
0.0910896
0.0910896
0.0910896
0.0910896
0.0910896
0.0910896
0.0910896
0.0910896
