58.2608
194.485
189.491
69.1987
24.0139
11.8138
8.74462
9.01497
11.6275
17.2322
27.3727
43.0591
60.6588
69.6873
64.0275
50.9504
39.4927
 32.552
29.6635
29.8906
32.5374
36.9291
42.0074
 46.218
48.1054
 47.277
44.6273
41.5481
39.0962
37.7555
37.5779
38.3566
39.7244
41.2209
42.3938
42.9385
42.7996
42.1603
41.3255
 40.585
40.1275
40.0178
40.2137
40.6004
41.0326
41.3773
41.5507
41.5352
41.3738
41.1439
40.9267
40.7819
40.7357
 40.781
40.8865
  41.01
41.1123
41.1681
41.1706
41.1299
41.0665
41.0034
40.9588
40.9416
40.9512
40.9794
41.0144
41.0447
41.0625
41.0652
41.0551
41.0377
41.0195
 41.006
40.9999
41.0017
41.0091
 41.019
41.0279
41.0335
41.0348
41.0324
41.0277
41.0225
41.0184
41.0164
41.0166
41.0185
41.0212
41.0238
41.0256
41.0261
41.0256
41.0243
41.0228
41.0216
41.0209
41.0209
41.0214
41.0222
