9.47142
7.29504
3.78003
2.56838
3.03866
3.88456
4.71192
5.42412
5.99203
6.39221
6.58379
6.50544
6.12319
5.54481
5.03681
4.80294
4.84079
5.04018
5.29406
5.52836
5.69616
 5.7702
5.74313
5.63317
5.48452
5.35192
5.27554
5.26632
5.31023
5.38166
5.45474
5.50955
5.53488
5.52905
5.49922
5.45847
5.42103
5.39743
5.39175
5.40178
5.42123
5.44259
5.45942
5.46788
5.46722
 5.4594
 5.4481
 5.4373
5.43003
5.42769
5.42994
5.43517
5.44128
5.44633
 5.4491
5.44924
5.44725
5.44412
  5.441
5.43877
5.43791
5.43838
5.43978
5.44151
  5.443
5.44389
5.44403
5.44353
5.44267
5.44177
 5.4411
 5.4408
5.44088
5.44125
5.44174
5.44218
5.44246
5.44253
5.44241
5.44217
5.44191
5.44171
5.44161
5.44162
5.44172
5.44185
5.44198
5.44207
5.44209
5.44207
  5.442
5.44193
5.44187
5.44184
5.44184
5.44186
 5.4419
5.44194
5.44196
5.44197
