  0.894284
  0.459009
 -0.243994
 -0.486324
 -0.392268
 -0.223089
-0.0576152
 0.0848241
  0.198406
  0.278442
  0.316757
  0.301087
  0.224638
  0.108963
0.00736202
-0.0394112
 -0.031843
0.00803677
 0.0588127
  0.105673
  0.139233
  0.154041
  0.148627
  0.126635
 0.0969043
  0.070384
 0.0551083
 0.0532641
 0.0620461
 0.0763318
 0.0909474
  0.101911
  0.106976
   0.10581
 0.0998442
 0.0916941
 0.0842058
 0.0794861
 0.0783504
 0.0803559
 0.0842467
 0.0885172
 0.0918835
 0.0935761
 0.0934435
 0.0918807
 0.0896207
 0.0874593
 0.0860061
 0.0855382
 0.0859875
 0.0870349
 0.0882566
  0.089267
 0.0898195
 0.0898479
 0.0894491
 0.0888242
 0.0881991
 0.0877545
 0.0875822
 0.0876762
 0.0879552
 0.0883012
  0.088601
 0.0887777
 0.0888055
 0.0887065
 0.0885349
 0.0883548
 0.0882199
   0.08816
 0.0881769
 0.0882504
 0.0883476
 0.0884358
 0.0884914
  0.088505
 0.0884813
 0.0884345
  0.088383
 0.0883424
 0.0883223
 0.0883242
 0.0883433
 0.0883704
 0.0883962
 0.0884134
  0.088419
 0.0884135
 0.0884009
 0.0883862
 0.0883741
 0.0883675
 0.0883673
 0.0883721
 0.0883796
 0.0883871
 0.0883924
 0.0883944
