 0.0492822
  0.189081
  0.187587
 0.0673033
 0.0211871
0.00800929
0.00407343
0.00362712
 0.0056924
 0.0109495
 0.0209989
 0.0369229
 0.0550864
 0.0647904
 0.0595866
 0.0466136
 0.0350019
 0.0277898
 0.0246156
 0.0246083
 0.0271123
 0.0314736
 0.0366306
 0.0409948
 0.0430514
 0.0423486
 0.0397493
 0.0366482
 0.0341272
 0.0327009
 0.0324476
 0.0331788
 0.0345349
 0.0360523
 0.0372673
 0.0378586
 0.0377561
 0.0371342
 0.0362967
 0.0355386
 0.0350569
 0.0349245
 0.0351053
 0.0354874
 0.0359246
 0.0362808
 0.0364673
 0.0364626
 0.0363068
  0.036077
 0.0358554
 0.0357038
 0.0356509
 0.0356916
 0.0357954
 0.0359199
 0.0360253
 0.0360848
 0.0360905
 0.0360516
 0.0359885
 0.0359243
 0.0358778
 0.0358587
 0.0358669
 0.0358945
 0.0359297
 0.0359608
 0.0359796
 0.0359833
 0.0359737
 0.0359565
  0.035938
 0.0359239
 0.0359174
 0.0359187
  0.035926
 0.0359358
 0.0359449
 0.0359508
 0.0359524
 0.0359502
 0.0359455
 0.0359402
  0.035936
 0.0359338
 0.0359339
 0.0359358
 0.0359385
 0.0359412
  0.035943
 0.0359436
 0.0359431
 0.0359419
 0.0359404
 0.0359391
 0.0359384
 0.0359384
 0.0359388
 0.0359396
