 9.7952
9.60202
 9.4464
9.33824
9.27193
9.23512
9.21611
9.20679
9.20238
9.20035
9.19942
  9.199
9.19881
9.19873
9.19869
9.19868
9.19867
9.19867
9.19866
9.19866
9.19866
9.19866
9.19866
9.19866
9.19866
9.19866
9.19866
9.19866
9.19866
9.19866
9.19866
9.19866
9.19866
9.19866
9.19866
9.19866
9.19866
9.19866
9.19866
9.19866
9.19866
9.19866
9.19866
9.19866
9.19866
9.19866
9.19866
9.19866
9.19866
9.19866
9.19866
9.19866
9.19866
9.19866
9.19866
9.19866
9.19866
9.19866
9.19866
9.19866
9.19866
9.19866
9.19866
9.19866
9.19866
9.19866
9.19866
9.19866
9.19866
9.19866
9.19866
9.19866
9.19866
9.19866
9.19866
9.19866
9.19866
9.19866
9.19866
9.19866
9.19866
9.19866
9.19866
9.19866
9.19866
9.19866
9.19866
9.19866
9.19866
9.19866
9.19866
9.19866
9.19866
9.19866
9.19866
9.19866
9.19866
9.19866
9.19866
9.19866
