29.2572
45.8911
58.0854
65.8149
70.1798
72.4463
73.5578
74.0828
 74.325
 74.435
74.4845
74.5066
74.5165
74.5209
74.5228
74.5237
74.5241
74.5243
74.5243
74.5244
74.5244
74.5244
74.5244
74.5244
74.5244
74.5244
74.5244
74.5244
74.5244
74.5244
74.5244
74.5244
74.5244
74.5244
74.5244
74.5244
74.5244
74.5244
74.5244
74.5244
74.5244
74.5244
74.5244
74.5244
74.5244
74.5244
74.5244
74.5244
74.5244
74.5244
74.5244
74.5244
74.5244
74.5244
74.5244
74.5244
74.5244
74.5244
74.5244
74.5244
74.5244
74.5244
74.5244
74.5244
74.5244
74.5244
74.5244
74.5244
74.5244
74.5244
74.5244
74.5244
74.5244
74.5244
74.5244
74.5244
74.5244
74.5244
74.5244
74.5244
74.5244
74.5244
74.5244
74.5244
74.5244
74.5244
74.5244
74.5244
74.5244
74.5244
74.5244
74.5244
74.5244
74.5244
74.5244
74.5244
74.5244
74.5244
74.5244
74.5244
