0.959039
0.920404
0.889281
0.867648
0.854387
0.847023
0.843222
0.841359
0.840477
0.840069
0.839884
  0.8398
0.839763
0.839746
0.839738
0.839735
0.839734
0.839733
0.839733
0.839733
0.839733
0.839733
0.839732
0.839732
0.839732
0.839732
0.839732
0.839732
0.839732
0.839732
0.839732
0.839732
0.839732
0.839732
0.839732
0.839732
0.839732
0.839732
0.839732
0.839732
0.839732
0.839732
0.839732
0.839732
0.839732
0.839732
0.839732
0.839732
0.839732
0.839732
0.839732
0.839732
0.839732
0.839732
0.839732
0.839732
0.839732
0.839732
0.839732
0.839732
0.839732
0.839732
0.839732
0.839732
0.839732
0.839732
0.839732
0.839732
0.839732
0.839732
0.839732
0.839732
0.839732
0.839732
0.839732
0.839732
0.839732
0.839732
0.839732
0.839732
0.839732
0.839732
0.839732
0.839732
0.839732
0.839732
0.839732
0.839732
0.839732
0.839732
0.839732
0.839732
0.839732
0.839732
0.839732
0.839732
0.839732
0.839732
0.839732
0.839732
