0.0196586
0.0366557
0.0491303
0.0570471
0.0615231
0.0638497
0.0649916
0.0655313
0.0657804
0.0658936
0.0659445
0.0659673
0.0659775
 0.065982
 0.065984
0.0659849
0.0659853
0.0659854
0.0659855
0.0659856
0.0659856
0.0659856
0.0659856
0.0659856
0.0659856
0.0659856
0.0659856
0.0659856
0.0659856
0.0659856
0.0659856
0.0659856
0.0659856
0.0659856
0.0659856
0.0659856
0.0659856
0.0659856
0.0659856
0.0659856
0.0659856
0.0659856
0.0659856
0.0659856
0.0659856
0.0659856
0.0659856
0.0659856
0.0659856
0.0659856
0.0659856
0.0659856
0.0659856
0.0659856
0.0659856
0.0659856
0.0659856
0.0659856
0.0659856
0.0659856
0.0659856
0.0659856
0.0659856
0.0659856
0.0659856
0.0659856
0.0659856
0.0659856
0.0659856
0.0659856
0.0659856
0.0659856
0.0659856
0.0659856
0.0659856
0.0659856
0.0659856
0.0659856
0.0659856
0.0659856
0.0659856
0.0659856
0.0659856
0.0659856
0.0659856
0.0659856
0.0659856
0.0659856
0.0659856
0.0659856
0.0659856
0.0659856
0.0659856
0.0659856
0.0659856
0.0659856
0.0659856
0.0659856
0.0659856
0.0659856
