48.5902
139.669
194.526
 141.67
 94.223
78.4177
81.1451
 92.769
104.534
109.374
107.029
102.345
99.2529
98.7192
99.8404
101.236
101.981
101.937
101.493
101.092
100.944
101.017
101.168
101.274
101.294
101.257
 101.21
101.185
101.186
  101.2
101.214
101.219
101.217
101.212
101.208
101.207
101.209
 101.21
101.211
101.211
 101.21
 101.21
 101.21
 101.21
 101.21
 101.21
 101.21
 101.21
 101.21
 101.21
 101.21
 101.21
 101.21
 101.21
 101.21
 101.21
 101.21
 101.21
 101.21
 101.21
 101.21
 101.21
 101.21
 101.21
 101.21
 101.21
 101.21
 101.21
 101.21
 101.21
 101.21
 101.21
 101.21
 101.21
 101.21
 101.21
 101.21
 101.21
 101.21
 101.21
 101.21
 101.21
 101.21
 101.21
 101.21
 101.21
 101.21
 101.21
 101.21
 101.21
 101.21
 101.21
 101.21
 101.21
 101.21
 101.21
 101.21
 101.21
 101.21
 101.21
