9.58106
8.30921
 6.2764
5.27681
5.57551
6.19351
6.61859
6.73435
6.60998
6.41138
6.28843
6.28037
6.33717
6.39519
6.42092
6.41454
 6.3943
6.37821
6.37366
6.37796
6.38453
6.38855
6.38888
6.38703
6.38506
6.38417
6.38437
6.38504
6.38558
6.38574
 6.3856
6.38538
6.38525
6.38523
 6.3853
6.38536
6.38539
6.38539
6.38536
6.38534
6.38534
6.38534
6.38535
6.38536
6.38536
6.38535
6.38535
6.38535
6.38535
6.38535
6.38535
6.38535
6.38535
6.38535
6.38535
6.38535
6.38535
6.38535
6.38535
6.38535
6.38535
6.38535
6.38535
6.38535
6.38535
6.38535
6.38535
6.38535
6.38535
6.38535
6.38535
6.38535
6.38535
6.38535
6.38535
6.38535
6.38535
6.38535
6.38535
6.38535
6.38535
6.38535
6.38535
6.38535
6.38535
6.38535
6.38535
6.38535
6.38535
6.38535
6.38535
6.38535
6.38535
6.38535
6.38535
6.38535
6.38535
6.38535
6.38535
6.38535
