 0.916213
 0.661842
  0.25528
0.0553621
 0.115101
 0.238702
 0.323718
  0.34687
 0.321996
 0.282276
 0.257685
 0.256074
 0.267433
 0.279039
 0.284185
 0.282908
  0.27886
 0.275642
 0.274733
 0.275592
 0.276906
 0.277709
 0.277775
 0.277405
 0.277013
 0.276834
 0.276874
 0.277009
 0.277117
 0.277148
 0.277121
 0.277077
 0.277049
 0.277047
 0.277059
 0.277072
 0.277078
 0.277077
 0.277073
 0.277069
 0.277068
 0.277069
  0.27707
 0.277071
 0.277071
 0.277071
  0.27707
  0.27707
  0.27707
  0.27707
 0.277071
 0.277071
 0.277071
  0.27707
  0.27707
  0.27707
  0.27707
  0.27707
  0.27707
  0.27707
  0.27707
  0.27707
  0.27707
  0.27707
  0.27707
  0.27707
  0.27707
  0.27707
  0.27707
  0.27707
  0.27707
  0.27707
  0.27707
  0.27707
  0.27707
  0.27707
  0.27707
  0.27707
  0.27707
  0.27707
  0.27707
  0.27707
  0.27707
  0.27707
  0.27707
  0.27707
  0.27707
  0.27707
  0.27707
  0.27707
  0.27707
  0.27707
  0.27707
  0.27707
  0.27707
  0.27707
  0.27707
  0.27707
  0.27707
  0.27707
