0.0394032
 0.132686
 0.190151
 0.137771
0.0895429
0.0729538
0.0752793
0.0869037
0.0989135
 0.104003
 0.101758
0.0970346
0.0938543
0.0932565
0.0943631
0.0957789
0.0965521
0.0965244
0.0960805
0.0956703
0.0955142
0.0955843
0.0957362
0.0958449
0.0958677
0.0958309
0.0957833
0.0957572
0.0957578
0.0957724
0.0957861
0.0957915
0.0957893
0.0957842
0.0957806
0.0957798
 0.095781
0.0957826
0.0957834
0.0957834
 0.095783
0.0957825
0.0957823
0.0957824
0.0957825
0.0957827
0.0957827
0.0957827
0.0957826
0.0957826
0.0957826
0.0957826
0.0957826
0.0957826
0.0957826
0.0957826
0.0957826
0.0957826
0.0957826
0.0957826
0.0957826
0.0957826
0.0957826
0.0957826
0.0957826
0.0957826
0.0957826
0.0957826
0.0957826
0.0957826
0.0957826
0.0957826
0.0957826
0.0957826
0.0957826
0.0957826
0.0957826
0.0957826
0.0957826
0.0957826
0.0957826
0.0957826
0.0957826
0.0957826
0.0957826
0.0957826
0.0957826
0.0957826
0.0957826
0.0957826
0.0957826
0.0957826
0.0957826
0.0957826
0.0957826
0.0957826
0.0957826
0.0957826
0.0957826
0.0957826
