24.8274
32.4956
36.1615
37.8415
38.5953
38.9302
39.0783
39.1436
39.1724
39.1851
39.1907
39.1932
39.1942
39.1947
39.1949
 39.195
39.1951
39.1951
39.1951
39.1951
39.1951
39.1951
39.1951
39.1951
39.1951
39.1951
39.1951
39.1951
39.1951
39.1951
39.1951
39.1951
39.1951
39.1951
39.1951
39.1951
39.1951
39.1951
39.1951
39.1951
39.1951
39.1951
39.1951
39.1951
39.1951
39.1951
39.1951
39.1951
39.1951
39.1951
39.1951
39.1951
39.1951
39.1951
39.1951
39.1951
39.1951
39.1951
39.1951
39.1951
39.1951
39.1951
39.1951
39.1951
39.1951
39.1951
39.1951
39.1951
39.1951
39.1951
39.1951
39.1951
39.1951
39.1951
39.1951
39.1951
39.1951
39.1951
39.1951
39.1951
39.1951
39.1951
39.1951
39.1951
39.1951
39.1951
39.1951
39.1951
39.1951
39.1951
39.1951
39.1951
39.1951
39.1951
39.1951
39.1951
39.1951
39.1951
39.1951
39.1951
