9.84324
9.75659
9.71324
9.69283
9.68354
9.67938
9.67753
9.67672
9.67636
 9.6762
9.67613
 9.6761
9.67608
9.67608
9.67608
9.67607
9.67607
9.67607
9.67607
9.67607
9.67607
9.67607
9.67607
9.67607
9.67607
9.67607
9.67607
9.67607
9.67607
9.67607
9.67607
9.67607
9.67607
9.67607
9.67607
9.67607
9.67607
9.67607
9.67607
9.67607
9.67607
9.67607
9.67607
9.67607
9.67607
9.67607
9.67607
9.67607
9.67607
9.67607
9.67607
9.67607
9.67607
9.67607
9.67607
9.67607
9.67607
9.67607
9.67607
9.67607
9.67607
9.67607
9.67607
9.67607
9.67607
9.67607
9.67607
9.67607
9.67607
9.67607
9.67607
9.67607
9.67607
9.67607
9.67607
9.67607
9.67607
9.67607
9.67607
9.67607
9.67607
9.67607
9.67607
9.67607
9.67607
9.67607
9.67607
9.67607
9.67607
9.67607
9.67607
9.67607
9.67607
9.67607
9.67607
9.67607
9.67607
9.67607
9.67607
9.67607
