0.968647
0.951317
0.942648
0.938566
0.936707
0.935876
0.935507
0.935343
0.935271
 0.93524
0.935226
 0.93522
0.935217
0.935216
0.935215
0.935215
0.935215
0.935215
0.935215
0.935215
0.935215
0.935215
0.935215
0.935215
0.935215
0.935215
0.935215
0.935215
0.935215
0.935215
0.935215
0.935215
0.935215
0.935215
0.935215
0.935215
0.935215
0.935215
0.935215
0.935215
0.935215
0.935215
0.935215
0.935215
0.935215
0.935215
0.935215
0.935215
0.935215
0.935215
0.935215
0.935215
0.935215
0.935215
0.935215
0.935215
0.935215
0.935215
0.935215
0.935215
0.935215
0.935215
0.935215
0.935215
0.935215
0.935215
0.935215
0.935215
0.935215
0.935215
0.935215
0.935215
0.935215
0.935215
0.935215
0.935215
0.935215
0.935215
0.935215
0.935215
0.935215
0.935215
0.935215
0.935215
0.935215
0.935215
0.935215
0.935215
0.935215
0.935215
0.935215
0.935215
0.935215
0.935215
0.935215
0.935215
0.935215
0.935215
0.935215
0.935215
