0.0151355
0.0229687
0.0267155
 0.028433
0.0292038
0.0295463
0.0296977
0.0297645
 0.029794
 0.029807
0.0298127
0.0298152
0.0298163
0.0298168
 0.029817
0.0298171
0.0298172
0.0298172
0.0298172
0.0298172
0.0298172
0.0298172
0.0298172
0.0298172
0.0298172
0.0298172
0.0298172
0.0298172
0.0298172
0.0298172
0.0298172
0.0298172
0.0298172
0.0298172
0.0298172
0.0298172
0.0298172
0.0298172
0.0298172
0.0298172
0.0298172
0.0298172
0.0298172
0.0298172
0.0298172
0.0298172
0.0298172
0.0298172
0.0298172
0.0298172
0.0298172
0.0298172
0.0298172
0.0298172
0.0298172
0.0298172
0.0298172
0.0298172
0.0298172
0.0298172
0.0298172
0.0298172
0.0298172
0.0298172
0.0298172
0.0298172
0.0298172
0.0298172
0.0298172
0.0298172
0.0298172
0.0298172
0.0298172
0.0298172
0.0298172
0.0298172
0.0298172
0.0298172
0.0298172
0.0298172
0.0298172
0.0298172
0.0298172
0.0298172
0.0298172
0.0298172
0.0298172
0.0298172
0.0298172
0.0298172
0.0298172
0.0298172
0.0298172
0.0298172
0.0298172
0.0298172
0.0298172
0.0298172
0.0298172
0.0298172
