6.89813
6.84909
6.82705
6.81755
6.81354
6.81187
6.81118
 6.8109
6.81078
6.81073
6.81071
 6.8107
 6.8107
 6.8107
 6.8107
 6.8107
 6.8107
 6.8107
 6.8107
 6.8107
 6.8107
 6.8107
 6.8107
 6.8107
 6.8107
 6.8107
 6.8107
 6.8107
 6.8107
 6.8107
 6.8107
 6.8107
 6.8107
 6.8107
 6.8107
 6.8107
 6.8107
 6.8107
 6.8107
 6.8107
 6.8107
 6.8107
 6.8107
 6.8107
 6.8107
 6.8107
 6.8107
 6.8107
 6.8107
 6.8107
 6.8107
 6.8107
 6.8107
 6.8107
 6.8107
 6.8107
 6.8107
 6.8107
 6.8107
 6.8107
 6.8107
 6.8107
 6.8107
 6.8107
 6.8107
 6.8107
 6.8107
 6.8107
 6.8107
 6.8107
 6.8107
 6.8107
 6.8107
 6.8107
 6.8107
 6.8107
 6.8107
 6.8107
 6.8107
 6.8107
 6.8107
 6.8107
 6.8107
 6.8107
 6.8107
 6.8107
 6.8107
 6.8107
 6.8107
 6.8107
 6.8107
 6.8107
 6.8107
 6.8107
 6.8107
 6.8107
 6.8107
 6.8107
 6.8107
 6.8107
