13.6916
16.7055
18.0009
 18.545
18.7712
18.8647
18.9032
18.9191
18.9257
18.9284
18.9295
  18.93
18.9302
18.9302
18.9303
18.9303
18.9303
18.9303
18.9303
18.9303
18.9303
18.9303
18.9303
18.9303
18.9303
18.9303
18.9303
18.9303
18.9303
18.9303
18.9303
18.9303
18.9303
18.9303
18.9303
18.9303
18.9303
18.9303
18.9303
18.9303
18.9303
18.9303
18.9303
18.9303
18.9303
18.9303
18.9303
18.9303
18.9303
18.9303
18.9303
18.9303
18.9303
18.9303
18.9303
18.9303
18.9303
18.9303
18.9303
18.9303
18.9303
18.9303
18.9303
18.9303
18.9303
18.9303
18.9303
18.9303
18.9303
18.9303
18.9303
18.9303
18.9303
18.9303
18.9303
18.9303
18.9303
18.9303
18.9303
18.9303
18.9303
18.9303
18.9303
18.9303
18.9303
18.9303
18.9303
18.9303
18.9303
18.9303
18.9303
18.9303
18.9303
18.9303
18.9303
18.9303
18.9303
18.9303
18.9303
18.9303
