0.970895
0.956884
0.950587
0.947871
0.946727
 0.94625
0.946052
0.945971
0.945937
0.945923
0.945917
0.945915
0.945914
0.945914
0.945914
0.945914
0.945913
0.945913
0.945913
0.945913
0.945913
0.945913
0.945913
0.945913
0.945913
0.945913
0.945913
0.945913
0.945913
0.945913
0.945913
0.945913
0.945913
0.945913
0.945913
0.945913
0.945913
0.945913
0.945913
0.945913
0.945913
0.945913
0.945913
0.945913
0.945913
0.945913
0.945913
0.945913
0.945913
0.945913
0.945913
0.945913
0.945913
0.945913
0.945913
0.945913
0.945913
0.945913
0.945913
0.945913
0.945913
0.945913
0.945913
0.945913
0.945913
0.945913
0.945913
0.945913
0.945913
0.945913
0.945913
0.945913
0.945913
0.945913
0.945913
0.945913
0.945913
0.945913
0.945913
0.945913
0.945913
0.945913
0.945913
0.945913
0.945913
0.945913
0.945913
0.945913
0.945913
0.945913
0.945913
0.945913
0.945913
0.945913
0.945913
0.945913
0.945913
0.945913
0.945913
0.945913
