0.0140652
0.0204067
0.0231343
0.0242805
 0.024757
 0.024954
0.0250353
0.0250688
0.0250826
0.0250883
0.0250907
0.0250916
 0.025092
0.0250922
0.0250923
0.0250923
0.0250923
0.0250923
0.0250923
0.0250923
0.0250923
0.0250923
0.0250923
0.0250923
0.0250923
0.0250923
0.0250923
0.0250923
0.0250923
0.0250923
0.0250923
0.0250923
0.0250923
0.0250923
0.0250923
0.0250923
0.0250923
0.0250923
0.0250923
0.0250923
0.0250923
0.0250923
0.0250923
0.0250923
0.0250923
0.0250923
0.0250923
0.0250923
0.0250923
0.0250923
0.0250923
0.0250923
0.0250923
0.0250923
0.0250923
0.0250923
0.0250923
0.0250923
0.0250923
0.0250923
0.0250923
0.0250923
0.0250923
0.0250923
0.0250923
0.0250923
0.0250923
0.0250923
0.0250923
0.0250923
0.0250923
0.0250923
0.0250923
0.0250923
0.0250923
0.0250923
0.0250923
0.0250923
0.0250923
0.0250923
0.0250923
0.0250923
0.0250923
0.0250923
0.0250923
0.0250923
0.0250923
0.0250923
0.0250923
0.0250923
0.0250923
0.0250923
0.0250923
0.0250923
0.0250923
0.0250923
0.0250923
0.0250923
0.0250923
0.0250923
