15.4322
14.2516
13.1095
12.7847
12.8509
12.9031
12.9065
12.9009
12.8993
12.8996
12.8999
12.8999
12.8998
12.8998
12.8998
12.8998
12.8998
12.8998
12.8998
12.8998
12.8998
12.8998
12.8998
12.8998
12.8998
12.8998
12.8998
12.8998
12.8998
12.8998
12.8998
12.8998
12.8998
12.8998
12.8998
12.8998
12.8998
12.8998
12.8998
12.8998
12.8998
12.8998
12.8998
12.8998
12.8998
12.8998
12.8998
12.8998
12.8998
12.8998
12.8998
12.8998
12.8998
12.8998
12.8998
12.8998
12.8998
12.8998
12.8998
12.8998
12.8998
12.8998
12.8998
12.8998
12.8998
12.8998
12.8998
12.8998
12.8998
12.8998
12.8998
12.8998
12.8998
12.8998
12.8998
12.8998
12.8998
12.8998
12.8998
12.8998
12.8998
12.8998
12.8998
12.8998
12.8998
12.8998
12.8998
12.8998
12.8998
12.8998
12.8998
12.8998
12.8998
12.8998
12.8998
12.8998
12.8998
12.8998
12.8998
12.8998
