100.528
243.268
326.161
322.516
310.678
308.669
309.633
310.094
 310.08
310.021
310.009
310.014
310.016
310.016
310.016
310.016
310.016
310.016
310.016
310.016
310.016
310.016
310.016
310.016
310.016
310.016
310.016
310.016
310.016
310.016
310.016
310.016
310.016
310.016
310.016
310.016
310.016
310.016
310.016
310.016
310.016
310.016
310.016
310.016
310.016
310.016
310.016
310.016
310.016
310.016
310.016
310.016
310.016
310.016
310.016
310.016
310.016
310.016
310.016
310.016
310.016
310.016
310.016
310.016
310.016
310.016
310.016
310.016
310.016
310.016
310.016
310.016
310.016
310.016
310.016
310.016
310.016
310.016
310.016
310.016
310.016
310.016
310.016
310.016
310.016
310.016
310.016
310.016
310.016
310.016
310.016
310.016
310.016
310.016
310.016
310.016
310.016
310.016
310.016
310.016
