0.929021
0.781446
0.638683
0.598083
0.606365
0.612894
0.613316
0.612617
0.612409
0.612448
0.612482
0.612484
0.612481
 0.61248
 0.61248
 0.61248
 0.61248
 0.61248
 0.61248
 0.61248
 0.61248
 0.61248
 0.61248
 0.61248
 0.61248
 0.61248
 0.61248
 0.61248
 0.61248
 0.61248
 0.61248
 0.61248
 0.61248
 0.61248
 0.61248
 0.61248
 0.61248
 0.61248
 0.61248
 0.61248
 0.61248
 0.61248
 0.61248
 0.61248
 0.61248
 0.61248
 0.61248
 0.61248
 0.61248
 0.61248
 0.61248
 0.61248
 0.61248
 0.61248
 0.61248
 0.61248
 0.61248
 0.61248
 0.61248
 0.61248
 0.61248
 0.61248
 0.61248
 0.61248
 0.61248
 0.61248
 0.61248
 0.61248
 0.61248
 0.61248
 0.61248
 0.61248
 0.61248
 0.61248
 0.61248
 0.61248
 0.61248
 0.61248
 0.61248
 0.61248
 0.61248
 0.61248
 0.61248
 0.61248
 0.61248
 0.61248
 0.61248
 0.61248
 0.61248
 0.61248
 0.61248
 0.61248
 0.61248
 0.61248
 0.61248
 0.61248
 0.61248
 0.61248
 0.61248
 0.61248
