0.0334496
0.0900223
 0.123055
  0.12175
  0.11707
  0.11626
 0.116638
 0.116821
 0.116816
 0.116793
 0.116788
  0.11679
 0.116791
 0.116791
 0.116791
 0.116791
 0.116791
 0.116791
 0.116791
 0.116791
 0.116791
 0.116791
 0.116791
 0.116791
 0.116791
 0.116791
 0.116791
 0.116791
 0.116791
 0.116791
 0.116791
 0.116791
 0.116791
 0.116791
 0.116791
 0.116791
 0.116791
 0.116791
 0.116791
 0.116791
 0.116791
 0.116791
 0.116791
 0.116791
 0.116791
 0.116791
 0.116791
 0.116791
 0.116791
 0.116791
 0.116791
 0.116791
 0.116791
 0.116791
 0.116791
 0.116791
 0.116791
 0.116791
 0.116791
 0.116791
 0.116791
 0.116791
 0.116791
 0.116791
 0.116791
 0.116791
 0.116791
 0.116791
 0.116791
 0.116791
 0.116791
 0.116791
 0.116791
 0.116791
 0.116791
 0.116791
 0.116791
 0.116791
 0.116791
 0.116791
 0.116791
 0.116791
 0.116791
 0.116791
 0.116791
 0.116791
 0.116791
 0.116791
 0.116791
 0.116791
 0.116791
 0.116791
 0.116791
 0.116791
 0.116791
 0.116791
 0.116791
 0.116791
 0.116791
 0.116791
