 0.30885
0.317693
0.326528
0.335355
0.344173
0.352982
0.361781
0.370569
0.379346
0.388112
0.396866
0.405607
0.414335
0.423049
0.431748
0.440433
0.449102
0.457756
0.466392
0.475012
0.483614
0.492198
0.500763
0.509308
0.517834
0.526339
0.534823
0.543286
0.551726
0.560144
0.568538
0.576909
0.585255
0.593576
0.601871
0.610141
0.618384
  0.6266
0.634788
0.642947
0.651078
0.659179
 0.66725
0.675291
0.683301
0.691279
0.699225
0.707137
0.715017
0.722863
0.730674
 0.73845
0.746191
0.753896
0.761564
0.769195
0.776788
0.784343
0.791859
0.799335
0.806772
0.814168
0.821523
0.828837
0.836108
0.843337
0.850523
0.857665
0.864763
0.871816
0.878823
0.885785
0.892701
0.899569
 0.90639
0.913164
0.919889
0.926564
0.933191
0.939767
0.946293
0.952767
 0.95919
0.965561
 0.97188
0.978145
0.984357
0.990514
0.996617
 1.00267
 1.00866
 1.01459
 1.02047
  1.0263
 1.03206
 1.03777
 1.04342
 1.04901
 1.05454
 1.06001
