    38.2183
    149.318
     413.65
    1032.36
    2479.86
    5866.38
    13789.3
    32325.4
    75691.7
     177149
     414515
     969843
2.26906e+06
5.30866e+06
1.24199e+07
2.90572e+07
6.79809e+07
1.59045e+08
3.72094e+08
8.70533e+08
2.03666e+09
4.76487e+09
1.11477e+10
2.60805e+10
6.10167e+10
1.42752e+11
3.33975e+11
7.81353e+11
1.82802e+12
4.27674e+12
1.00057e+13
2.34087e+13
 5.4766e+13
1.28128e+14
2.99762e+14
7.01309e+14
1.64075e+15
3.83862e+15
8.98064e+15
2.10107e+16
4.91556e+16
1.15002e+17
2.69053e+17
6.29465e+17
1.47267e+18
3.44538e+18
8.06064e+18
1.88583e+19
  4.412e+19
1.03221e+20
2.41491e+20
 5.6498e+20
 1.3218e+21
3.09242e+21
7.23488e+21
1.69264e+22
3.96002e+22
9.26467e+22
2.16752e+23
5.07102e+23
1.18639e+24
2.77563e+24
6.49372e+24
1.51924e+25
3.55434e+25
8.31557e+25
1.94547e+26
4.55153e+26
1.06485e+27
2.49128e+27
5.82848e+27
 1.3636e+28
3.19022e+28
 7.4637e+28
1.74617e+29
4.08526e+29
9.55767e+29
2.23607e+30
 5.2314e+30
1.22391e+31
2.86341e+31
6.69909e+31
1.56729e+32
3.66675e+32
8.57856e+32
  2.007e+33
4.69548e+33
1.09853e+34
2.57007e+34
6.01282e+34
1.40673e+35
3.29112e+35
7.69974e+35
 1.8014e+36
4.21446e+36
9.85994e+36
2.30679e+37
5.39685e+37
1.26262e+38
2.95397e+38
