9.81601
9.99661
9.99994
     10
     10
     10
     10
     10
     10
     10
     10
     10
     10
     10
     10
     10
     10
     10
     10
     10
     10
     10
     10
     10
     10
     10
     10
     10
     10
     10
     10
     10
     10
     10
     10
     10
     10
     10
     10
     10
     10
     10
     10
     10
     10
     10
     10
     10
     10
     10
     10
     10
     10
     10
     10
     10
     10
     10
     10
     10
     10
     10
     10
     10
     10
     10
     10
     10
     10
     10
     10
     10
     10
     10
     10
     10
     10
     10
     10
     10
     10
     10
     10
     10
     10
     10
     10
     10
     10
     10
     10
     10
     10
     10
     10
     10
     10
     10
     10
     10
