0.963202
0.999323
0.999988
       1
       1
       1
       1
       1
       1
       1
       1
       1
       1
       1
       1
       1
       1
       1
       1
       1
       1
       1
       1
       1
       1
       1
       1
       1
       1
       1
       1
       1
       1
       1
       1
       1
       1
       1
       1
       1
       1
       1
       1
       1
       1
       1
       1
       1
       1
       1
       1
       1
       1
       1
       1
       1
       1
       1
       1
       1
       1
       1
       1
       1
       1
       1
       1
       1
       1
       1
       1
       1
       1
       1
       1
       1
       1
       1
       1
       1
       1
       1
       1
       1
       1
       1
       1
       1
       1
       1
       1
       1
       1
       1
       1
       1
       1
       1
       1
       1
