  0.0286892
   0.140728
   0.407728
    1.03268
    2.49481
    5.91554
    13.9185
    32.6419
    76.4462
    178.929
    418.692
     979.63
    2291.97
    5362.27
    12545.4
    29350.7
    68667.5
     160651
     375852
     879326
2.05723e+06
  4.813e+06
1.12603e+07
 2.6344e+07
6.16331e+07
1.44194e+08
3.37349e+08
7.89245e+08
1.84648e+09
4.31994e+09
1.01067e+10
2.36452e+10
5.53192e+10
1.29422e+11
 3.0279e+11
7.08393e+11
1.65732e+12
3.87739e+12
9.07136e+12
2.12229e+13
4.96521e+13
1.16164e+14
2.71771e+14
6.35823e+14
1.48754e+15
3.48018e+15
8.14206e+15
1.90488e+16
4.45656e+16
1.04264e+17
 2.4393e+17
5.70687e+17
1.33515e+18
3.12366e+18
7.30796e+18
1.70974e+19
4.00002e+19
9.35825e+19
2.18941e+20
5.12224e+20
1.19838e+21
2.80366e+21
6.55931e+21
1.53459e+22
3.59024e+22
8.39956e+22
1.96512e+23
 4.5975e+23
1.07561e+24
2.51645e+24
5.88736e+24
1.37738e+25
3.22245e+25
7.53909e+25
1.76381e+26
4.12652e+26
9.65421e+26
2.25865e+27
5.28424e+27
1.23628e+28
2.89233e+28
6.76676e+28
1.58312e+29
3.70379e+29
8.66521e+29
2.02727e+30
4.74291e+30
1.10963e+31
2.59603e+31
6.07355e+31
1.42094e+32
3.32436e+32
7.77752e+32
1.81959e+33
4.25703e+33
9.95954e+33
2.33009e+34
5.45136e+34
1.27537e+35
 2.9838e+35
