9.83588
  9.736
9.68141
9.65359
9.64001
9.63352
9.63047
9.62904
9.62837
9.62806
9.62791
9.62784
9.62781
 9.6278
9.62779
9.62779
9.62778
9.62778
9.62778
9.62778
9.62778
9.62778
9.62778
9.62778
9.62778
9.62778
9.62778
9.62778
9.62778
9.62778
9.62778
9.62778
9.62778
9.62778
9.62778
9.62778
9.62778
9.62778
9.62778
9.62778
9.62778
9.62778
9.62778
9.62778
9.62778
9.62778
9.62778
9.62778
9.62778
9.62778
9.62778
9.62778
9.62778
9.62778
9.62778
9.62778
9.62778
9.62778
9.62778
9.62778
9.62778
9.62778
9.62778
9.62778
9.62778
9.62778
9.62778
9.62778
9.62778
9.62778
9.62778
9.62778
9.62778
9.62778
9.62778
9.62778
9.62778
9.62778
9.62778
9.62778
9.62778
9.62778
9.62778
9.62778
9.62778
9.62778
9.62778
9.62778
9.62778
9.62778
9.62778
9.62778
9.62778
9.62778
9.62778
9.62778
9.62778
9.62778
9.62778
9.62778
