25.5086
34.3128
38.8857
41.1395
42.2193
42.7291
42.9681
43.0797
43.1317
 43.156
43.1673
43.1725
 43.175
43.1761
43.1767
43.1769
 43.177
43.1771
43.1771
43.1771
43.1771
43.1771
43.1771
43.1771
43.1771
43.1771
43.1771
43.1771
43.1771
43.1771
43.1771
43.1771
43.1771
43.1771
43.1771
43.1771
43.1771
43.1771
43.1771
43.1771
43.1771
43.1771
43.1771
43.1771
43.1771
43.1771
43.1771
43.1771
43.1771
43.1771
43.1771
43.1771
43.1771
43.1771
43.1771
43.1771
43.1771
43.1771
43.1771
43.1771
43.1771
43.1771
43.1771
43.1771
43.1771
43.1771
43.1771
43.1771
43.1771
43.1771
43.1771
43.1771
43.1771
43.1771
43.1771
43.1771
43.1771
43.1771
43.1771
43.1771
43.1771
43.1771
43.1771
43.1771
43.1771
43.1771
43.1771
43.1771
43.1771
43.1771
43.1771
43.1771
43.1771
43.1771
43.1771
43.1771
43.1771
43.1771
43.1771
43.1771
