0.967175
  0.9472
0.936282
0.930719
0.928001
0.926705
0.926093
0.925807
0.925673
0.925611
0.925582
0.925568
0.925562
0.925559
0.925558
0.925557
0.925557
0.925557
0.925557
0.925557
0.925557
0.925557
0.925557
0.925557
0.925557
0.925557
0.925557
0.925557
0.925557
0.925557
0.925557
0.925557
0.925557
0.925557
0.925557
0.925557
0.925557
0.925557
0.925557
0.925557
0.925557
0.925557
0.925557
0.925557
0.925557
0.925557
0.925557
0.925557
0.925557
0.925557
0.925557
0.925557
0.925557
0.925557
0.925557
0.925557
0.925557
0.925557
0.925557
0.925557
0.925557
0.925557
0.925557
0.925557
0.925557
0.925557
0.925557
0.925557
0.925557
0.925557
0.925557
0.925557
0.925557
0.925557
0.925557
0.925557
0.925557
0.925557
0.925557
0.925557
0.925557
0.925557
0.925557
0.925557
0.925557
0.925557
0.925557
0.925557
0.925557
0.925557
0.925557
0.925557
0.925557
0.925557
0.925557
0.925557
0.925557
0.925557
0.925557
0.925557
