0.0158311
0.0248251
0.0294992
 0.031804
0.0329084
0.0334299
0.0336743
0.0337885
0.0338418
0.0338666
0.0338781
0.0338835
 0.033886
0.0338872
0.0338877
 0.033888
0.0338881
0.0338882
0.0338882
0.0338882
0.0338882
0.0338882
0.0338882
0.0338882
0.0338882
0.0338882
0.0338882
0.0338882
0.0338882
0.0338882
0.0338882
0.0338882
0.0338882
0.0338882
0.0338882
0.0338882
0.0338882
0.0338882
0.0338882
0.0338882
0.0338882
0.0338882
0.0338882
0.0338882
0.0338882
0.0338882
0.0338882
0.0338882
0.0338882
0.0338882
0.0338882
0.0338882
0.0338882
0.0338882
0.0338882
0.0338882
0.0338882
0.0338882
0.0338882
0.0338882
0.0338882
0.0338882
0.0338882
0.0338882
0.0338882
0.0338882
0.0338882
0.0338882
0.0338882
0.0338882
0.0338882
0.0338882
0.0338882
0.0338882
0.0338882
0.0338882
0.0338882
0.0338882
0.0338882
0.0338882
0.0338882
0.0338882
0.0338882
0.0338882
0.0338882
0.0338882
0.0338882
0.0338882
0.0338882
0.0338882
0.0338882
0.0338882
0.0338882
0.0338882
0.0338882
0.0338882
0.0338882
0.0338882
0.0338882
0.0338882
