9.78241
9.55263
 9.3493
9.19917
9.10548
 9.0549
9.03067
9.02018
9.01601
9.01449
9.01399
9.01384
 9.0138
 9.0138
 9.0138
 9.0138
9.01381
9.01381
9.01381
9.01381
9.01381
9.01381
9.01381
9.01381
9.01381
9.01381
9.01381
9.01381
9.01381
9.01381
9.01381
9.01381
9.01381
9.01381
9.01381
9.01381
9.01381
9.01381
9.01381
9.01381
9.01381
9.01381
9.01381
9.01381
9.01381
9.01381
9.01381
9.01381
9.01381
9.01381
9.01381
9.01381
9.01381
9.01381
9.01381
9.01381
9.01381
9.01381
9.01381
9.01381
9.01381
9.01381
9.01381
9.01381
9.01381
9.01381
9.01381
9.01381
9.01381
9.01381
9.01381
9.01381
9.01381
9.01381
9.01381
9.01381
9.01381
9.01381
9.01381
9.01381
9.01381
9.01381
9.01381
9.01381
9.01381
9.01381
9.01381
9.01381
9.01381
9.01381
9.01381
9.01381
9.01381
9.01381
9.01381
9.01381
9.01381
9.01381
9.01381
9.01381
