  30.43
50.0562
65.5742
75.7027
81.2857
83.9661
85.1177
85.5681
85.7293
85.7815
85.7962
85.7994
85.7996
85.7993
85.7991
85.7989
85.7989
85.7988
85.7988
85.7988
85.7988
85.7988
85.7988
85.7988
85.7988
85.7988
85.7988
85.7988
85.7988
85.7988
85.7988
85.7988
85.7988
85.7988
85.7988
85.7988
85.7988
85.7988
85.7988
85.7988
85.7988
85.7988
85.7988
85.7988
85.7988
85.7988
85.7988
85.7988
85.7988
85.7988
85.7988
85.7988
85.7988
85.7988
85.7988
85.7988
85.7988
85.7988
85.7988
85.7988
85.7988
85.7988
85.7988
85.7988
85.7988
85.7988
85.7988
85.7988
85.7988
85.7988
85.7988
85.7988
85.7988
85.7988
85.7988
85.7988
85.7988
85.7988
85.7988
85.7988
85.7988
85.7988
85.7988
85.7988
85.7988
85.7988
85.7988
85.7988
85.7988
85.7988
85.7988
85.7988
85.7988
85.7988
85.7988
85.7988
85.7988
85.7988
85.7988
85.7988
