0.956482
0.910525
0.869859
0.839834
0.821096
 0.81098
0.806135
0.804036
0.803203
0.802899
0.802798
0.802768
0.802761
 0.80276
 0.80276
0.802761
0.802761
0.802761
0.802761
0.802761
0.802761
0.802761
0.802761
0.802761
0.802761
0.802761
0.802761
0.802761
0.802761
0.802761
0.802761
0.802761
0.802761
0.802761
0.802761
0.802761
0.802761
0.802761
0.802761
0.802761
0.802761
0.802761
0.802761
0.802761
0.802761
0.802761
0.802761
0.802761
0.802761
0.802761
0.802761
0.802761
0.802761
0.802761
0.802761
0.802761
0.802761
0.802761
0.802761
0.802761
0.802761
0.802761
0.802761
0.802761
0.802761
0.802761
0.802761
0.802761
0.802761
0.802761
0.802761
0.802761
0.802761
0.802761
0.802761
0.802761
0.802761
0.802761
0.802761
0.802761
0.802761
0.802761
0.802761
0.802761
0.802761
0.802761
0.802761
0.802761
0.802761
0.802761
0.802761
0.802761
0.802761
0.802761
0.802761
0.802761
0.802761
0.802761
0.802761
0.802761
