0.0208561
0.0409127
0.0567929
0.0671753
0.0729093
0.0756678
0.0768556
0.0773211
0.0774881
0.0775424
0.0775578
0.0775612
0.0775614
0.0775611
0.0775609
0.0775607
0.0775607
0.0775606
0.0775606
0.0775606
0.0775606
0.0775606
0.0775606
0.0775606
0.0775606
0.0775606
0.0775606
0.0775606
0.0775606
0.0775606
0.0775606
0.0775606
0.0775606
0.0775606
0.0775606
0.0775606
0.0775606
0.0775606
0.0775606
0.0775606
0.0775606
0.0775606
0.0775606
0.0775606
0.0775606
0.0775606
0.0775606
0.0775606
0.0775606
0.0775606
0.0775606
0.0775606
0.0775606
0.0775606
0.0775606
0.0775606
0.0775606
0.0775606
0.0775606
0.0775606
0.0775606
0.0775606
0.0775606
0.0775606
0.0775606
0.0775606
0.0775606
0.0775606
0.0775606
0.0775606
0.0775606
0.0775606
0.0775606
0.0775606
0.0775606
0.0775606
0.0775606
0.0775606
0.0775606
0.0775606
0.0775606
0.0775606
0.0775606
0.0775606
0.0775606
0.0775606
0.0775606
0.0775606
0.0775606
0.0775606
0.0775606
0.0775606
0.0775606
0.0775606
0.0775606
0.0775606
0.0775606
0.0775606
0.0775606
0.0775606
