9.90665
9.89179
9.88955
9.88922
9.88917
9.88916
9.88916
9.88916
9.88916
9.88916
9.88916
9.88916
9.88916
9.88916
9.88916
9.88916
9.88916
9.88916
9.88916
9.88916
9.88916
9.88916
9.88916
9.88916
9.88916
9.88916
9.88916
9.88916
9.88916
9.88916
9.88916
9.88916
9.88916
9.88916
9.88916
9.88916
9.88916
9.88916
9.88916
9.88916
9.88916
9.88916
9.88916
9.88916
9.88916
9.88916
9.88916
9.88916
9.88916
9.88916
9.88916
9.88916
9.88916
9.88916
9.88916
9.88916
9.88916
9.88916
9.88916
9.88916
9.88916
9.88916
9.88916
9.88916
9.88916
9.88916
9.88916
9.88916
9.88916
9.88916
9.88916
9.88916
9.88916
9.88916
9.88916
9.88916
9.88916
9.88916
9.88916
9.88916
9.88916
9.88916
9.88916
9.88916
9.88916
9.88916
9.88916
9.88916
9.88916
9.88916
9.88916
9.88916
9.88916
9.88916
9.88916
9.88916
9.88916
9.88916
9.88916
9.88916
