18.9159
20.2697
20.4708
20.5006
 20.505
20.5056
20.5057
20.5057
20.5057
20.5057
20.5057
20.5057
20.5057
20.5057
20.5057
20.5057
20.5057
20.5057
20.5057
20.5057
20.5057
20.5057
20.5057
20.5057
20.5057
20.5057
20.5057
20.5057
20.5057
20.5057
20.5057
20.5057
20.5057
20.5057
20.5057
20.5057
20.5057
20.5057
20.5057
20.5057
20.5057
20.5057
20.5057
20.5057
20.5057
20.5057
20.5057
20.5057
20.5057
20.5057
20.5057
20.5057
20.5057
20.5057
20.5057
20.5057
20.5057
20.5057
20.5057
20.5057
20.5057
20.5057
20.5057
20.5057
20.5057
20.5057
20.5057
20.5057
20.5057
20.5057
20.5057
20.5057
20.5057
20.5057
20.5057
20.5057
20.5057
20.5057
20.5057
20.5057
20.5057
20.5057
20.5057
20.5057
20.5057
20.5057
20.5057
20.5057
20.5057
20.5057
20.5057
20.5057
20.5057
20.5057
20.5057
20.5057
20.5057
20.5057
20.5057
20.5057
