0.981329
0.978358
 0.97791
0.977843
0.977833
0.977832
0.977832
0.977832
0.977832
0.977832
0.977832
0.977832
0.977832
0.977832
0.977832
0.977832
0.977832
0.977832
0.977832
0.977832
0.977832
0.977832
0.977832
0.977832
0.977832
0.977832
0.977832
0.977832
0.977832
0.977832
0.977832
0.977832
0.977832
0.977832
0.977832
0.977832
0.977832
0.977832
0.977832
0.977832
0.977832
0.977832
0.977832
0.977832
0.977832
0.977832
0.977832
0.977832
0.977832
0.977832
0.977832
0.977832
0.977832
0.977832
0.977832
0.977832
0.977832
0.977832
0.977832
0.977832
0.977832
0.977832
0.977832
0.977832
0.977832
0.977832
0.977832
0.977832
0.977832
0.977832
0.977832
0.977832
0.977832
0.977832
0.977832
0.977832
0.977832
0.977832
0.977832
0.977832
0.977832
0.977832
0.977832
0.977832
0.977832
0.977832
0.977832
0.977832
0.977832
0.977832
0.977832
0.977832
0.977832
0.977832
0.977832
0.977832
0.977832
0.977832
0.977832
0.977832
