0.00910028
 0.0104827
 0.0106881
 0.0107185
  0.010723
 0.0107237
 0.0107238
 0.0107238
 0.0107238
 0.0107238
 0.0107238
 0.0107238
 0.0107238
 0.0107238
 0.0107238
 0.0107238
 0.0107238
 0.0107238
 0.0107238
 0.0107238
 0.0107238
 0.0107238
 0.0107238
 0.0107238
 0.0107238
 0.0107238
 0.0107238
 0.0107238
 0.0107238
 0.0107238
 0.0107238
 0.0107238
 0.0107238
 0.0107238
 0.0107238
 0.0107238
 0.0107238
 0.0107238
 0.0107238
 0.0107238
 0.0107238
 0.0107238
 0.0107238
 0.0107238
 0.0107238
 0.0107238
 0.0107238
 0.0107238
 0.0107238
 0.0107238
 0.0107238
 0.0107238
 0.0107238
 0.0107238
 0.0107238
 0.0107238
 0.0107238
 0.0107238
 0.0107238
 0.0107238
 0.0107238
 0.0107238
 0.0107238
 0.0107238
 0.0107238
 0.0107238
 0.0107238
 0.0107238
 0.0107238
 0.0107238
 0.0107238
 0.0107238
 0.0107238
 0.0107238
 0.0107238
 0.0107238
 0.0107238
 0.0107238
 0.0107238
 0.0107238
 0.0107238
 0.0107238
 0.0107238
 0.0107238
 0.0107238
 0.0107238
 0.0107238
 0.0107238
 0.0107238
 0.0107238
 0.0107238
 0.0107238
 0.0107238
 0.0107238
 0.0107238
 0.0107238
 0.0107238
 0.0107238
 0.0107238
 0.0107238
