37.8952
82.0816
124.946
141.948
137.652
129.872
125.886
125.252
125.938
126.619
126.906
126.912
126.833
126.774
126.756
 126.76
126.768
126.772
126.773
126.773
126.772
126.772
126.772
126.772
126.772
126.772
126.772
126.772
126.772
126.772
126.772
126.772
126.772
126.772
126.772
126.772
126.772
126.772
126.772
126.772
126.772
126.772
126.772
126.772
126.772
126.772
126.772
126.772
126.772
126.772
126.772
126.772
126.772
126.772
126.772
126.772
126.772
126.772
126.772
126.772
126.772
126.772
126.772
126.772
126.772
126.772
126.772
126.772
126.772
126.772
126.772
126.772
126.772
126.772
126.772
126.772
126.772
126.772
126.772
126.772
126.772
126.772
126.772
126.772
126.772
126.772
126.772
126.772
126.772
126.772
126.772
126.772
126.772
126.772
126.772
126.772
126.772
126.772
126.772
126.772
