9.70038
9.15067
8.42879
 7.8574
7.64073
7.66035
7.73432
7.77988
 7.7909
7.78551
7.77841
7.77491
7.77448
 7.7752
7.77583
7.77608
7.77607
7.77599
7.77593
7.77592
7.77592
7.77593
7.77594
7.77594
7.77594
7.77594
7.77594
7.77594
7.77594
7.77594
7.77594
7.77594
7.77594
7.77594
7.77594
7.77594
7.77594
7.77594
7.77594
7.77594
7.77594
7.77594
7.77594
7.77594
7.77594
7.77594
7.77594
7.77594
7.77594
7.77594
7.77594
7.77594
7.77594
7.77594
7.77594
7.77594
7.77594
7.77594
7.77594
7.77594
7.77594
7.77594
7.77594
7.77594
7.77594
7.77594
7.77594
7.77594
7.77594
7.77594
7.77594
7.77594
7.77594
7.77594
7.77594
7.77594
7.77594
7.77594
7.77594
7.77594
7.77594
7.77594
7.77594
7.77594
7.77594
7.77594
7.77594
7.77594
7.77594
7.77594
7.77594
7.77594
7.77594
7.77594
7.77594
7.77594
7.77594
7.77594
7.77594
7.77594
