0.940076
0.830135
0.685758
 0.57148
0.528146
 0.53207
0.546864
0.555977
 0.55818
0.557102
0.555683
0.554983
0.554897
 0.55504
0.555166
0.555215
0.555213
0.555198
0.555187
0.555184
0.555185
0.555186
0.555187
0.555187
0.555187
0.555187
0.555187
0.555187
0.555187
0.555187
0.555187
0.555187
0.555187
0.555187
0.555187
0.555187
0.555187
0.555187
0.555187
0.555187
0.555187
0.555187
0.555187
0.555187
0.555187
0.555187
0.555187
0.555187
0.555187
0.555187
0.555187
0.555187
0.555187
0.555187
0.555187
0.555187
0.555187
0.555187
0.555187
0.555187
0.555187
0.555187
0.555187
0.555187
0.555187
0.555187
0.555187
0.555187
0.555187
0.555187
0.555187
0.555187
0.555187
0.555187
0.555187
0.555187
0.555187
0.555187
0.555187
0.555187
0.555187
0.555187
0.555187
0.555187
0.555187
0.555187
0.555187
0.555187
0.555187
0.555187
0.555187
0.555187
0.555187
0.555187
0.555187
0.555187
0.555187
0.555187
0.555187
0.555187
