0.0284797
0.0736676
 0.117694
 0.135445
 0.131325
 0.123446
 0.119345
 0.118658
 0.119341
 0.120034
 0.120331
 0.120341
 0.120261
 0.120201
 0.120182
 0.120185
 0.120194
 0.120198
 0.120199
 0.120199
 0.120198
 0.120198
 0.120198
 0.120198
 0.120198
 0.120198
 0.120198
 0.120198
 0.120198
 0.120198
 0.120198
 0.120198
 0.120198
 0.120198
 0.120198
 0.120198
 0.120198
 0.120198
 0.120198
 0.120198
 0.120198
 0.120198
 0.120198
 0.120198
 0.120198
 0.120198
 0.120198
 0.120198
 0.120198
 0.120198
 0.120198
 0.120198
 0.120198
 0.120198
 0.120198
 0.120198
 0.120198
 0.120198
 0.120198
 0.120198
 0.120198
 0.120198
 0.120198
 0.120198
 0.120198
 0.120198
 0.120198
 0.120198
 0.120198
 0.120198
 0.120198
 0.120198
 0.120198
 0.120198
 0.120198
 0.120198
 0.120198
 0.120198
 0.120198
 0.120198
 0.120198
 0.120198
 0.120198
 0.120198
 0.120198
 0.120198
 0.120198
 0.120198
 0.120198
 0.120198
 0.120198
 0.120198
 0.120198
 0.120198
 0.120198
 0.120198
 0.120198
 0.120198
 0.120198
 0.120198
