27.8278
41.1614
49.9051
55.0868
57.9486
59.4592
60.2352
60.6276
60.8243
60.9225
60.9713
60.9956
61.0077
61.0137
61.0166
61.0181
61.0189
61.0192
61.0194
61.0195
61.0195
61.0196
61.0196
61.0196
61.0196
61.0196
61.0196
61.0196
61.0196
61.0196
61.0196
61.0196
61.0196
61.0196
61.0196
61.0196
61.0196
61.0196
61.0196
61.0196
61.0196
61.0196
61.0196
61.0196
61.0196
61.0196
61.0196
61.0196
61.0196
61.0196
61.0196
61.0196
61.0196
61.0196
61.0196
61.0196
61.0196
61.0196
61.0196
61.0196
61.0196
61.0196
61.0196
61.0196
61.0196
61.0196
61.0196
61.0196
61.0196
61.0196
61.0196
61.0196
61.0196
61.0196
61.0196
61.0196
61.0196
61.0196
61.0196
61.0196
61.0196
61.0196
61.0196
61.0196
61.0196
61.0196
61.0196
61.0196
61.0196
61.0196
61.0196
61.0196
61.0196
61.0196
61.0196
61.0196
61.0196
61.0196
61.0196
61.0196
