9.81074
9.65734
9.54888
9.48039
9.44068
9.41898
9.40759
9.40175
9.39879
9.39731
9.39658
9.39621
9.39603
9.39594
9.39589
9.39587
9.39586
9.39585
9.39585
9.39585
9.39585
9.39585
9.39585
9.39585
9.39585
9.39585
9.39585
9.39585
9.39585
9.39585
9.39585
9.39585
9.39585
9.39585
9.39585
9.39585
9.39585
9.39585
9.39585
9.39585
9.39585
9.39585
9.39585
9.39585
9.39585
9.39585
9.39585
9.39585
9.39585
9.39585
9.39585
9.39585
9.39585
9.39585
9.39585
9.39585
9.39585
9.39585
9.39585
9.39585
9.39585
9.39585
9.39585
9.39585
9.39585
9.39585
9.39585
9.39585
9.39585
9.39585
9.39585
9.39585
9.39585
9.39585
9.39585
9.39585
9.39585
9.39585
9.39585
9.39585
9.39585
9.39585
9.39585
9.39585
9.39585
9.39585
9.39585
9.39585
9.39585
9.39585
9.39585
9.39585
9.39585
9.39585
9.39585
9.39585
9.39585
9.39585
9.39585
9.39585
