0.962149
0.931468
0.909777
0.896078
0.888135
0.883797
0.881518
0.880349
0.879759
0.879463
0.879315
0.879242
0.879205
0.879187
0.879178
0.879174
0.879171
 0.87917
 0.87917
0.879169
0.879169
0.879169
0.879169
0.879169
0.879169
0.879169
0.879169
0.879169
0.879169
0.879169
0.879169
0.879169
0.879169
0.879169
0.879169
0.879169
0.879169
0.879169
0.879169
0.879169
0.879169
0.879169
0.879169
0.879169
0.879169
0.879169
0.879169
0.879169
0.879169
0.879169
0.879169
0.879169
0.879169
0.879169
0.879169
0.879169
0.879169
0.879169
0.879169
0.879169
0.879169
0.879169
0.879169
0.879169
0.879169
0.879169
0.879169
0.879169
0.879169
0.879169
0.879169
0.879169
0.879169
0.879169
0.879169
0.879169
0.879169
0.879169
0.879169
0.879169
0.879169
0.879169
0.879169
0.879169
0.879169
0.879169
0.879169
0.879169
0.879169
0.879169
0.879169
0.879169
0.879169
0.879169
0.879169
0.879169
0.879169
0.879169
0.879169
0.879169
