 0.018199
0.0318222
0.0407639
0.0460671
0.0489979
0.0505457
 0.051341
0.0517433
 0.051945
0.0520456
0.0520957
0.0521206
 0.052133
0.0521391
0.0521422
0.0521437
0.0521444
0.0521448
 0.052145
0.0521451
0.0521451
0.0521452
0.0521452
0.0521452
0.0521452
0.0521452
0.0521452
0.0521452
0.0521452
0.0521452
0.0521452
0.0521452
0.0521452
0.0521452
0.0521452
0.0521452
0.0521452
0.0521452
0.0521452
0.0521452
0.0521452
0.0521452
0.0521452
0.0521452
0.0521452
0.0521452
0.0521452
0.0521452
0.0521452
0.0521452
0.0521452
0.0521452
0.0521452
0.0521452
0.0521452
0.0521452
0.0521452
0.0521452
0.0521452
0.0521452
0.0521452
0.0521452
0.0521452
0.0521452
0.0521452
0.0521452
0.0521452
0.0521452
0.0521452
0.0521452
0.0521452
0.0521452
0.0521452
0.0521452
0.0521452
0.0521452
0.0521452
0.0521452
0.0521452
0.0521452
0.0521452
0.0521452
0.0521452
0.0521452
0.0521452
0.0521452
0.0521452
0.0521452
0.0521452
0.0521452
0.0521452
0.0521452
0.0521452
0.0521452
0.0521452
0.0521452
0.0521452
0.0521452
0.0521452
0.0521452
