9.54412
7.99135
5.47638
4.43609
4.91266
5.71849
6.33417
6.61169
6.54356
6.24726
5.94584
5.81176
5.85195
5.97232
6.08032
6.12816
6.11436
6.06799
6.02469
 6.0057
6.01155
6.02974
6.04633
6.05356
6.05126
6.04418
6.03771
6.03492
6.03584
6.03861
6.04111
6.04219
6.04182
6.04074
6.03977
6.03935
 6.0395
6.03992
 6.0403
6.04046
 6.0404
6.04024
6.04009
6.04003
6.04005
6.04012
6.04017
 6.0402
6.04019
6.04016
6.04014
6.04013
6.04013
6.04014
6.04015
6.04016
6.04015
6.04015
6.04015
6.04015
6.04015
6.04015
6.04015
6.04015
6.04015
6.04015
6.04015
6.04015
6.04015
6.04015
6.04015
6.04015
6.04015
6.04015
6.04015
6.04015
6.04015
6.04015
6.04015
6.04015
6.04015
6.04015
6.04015
6.04015
6.04015
6.04015
6.04015
6.04015
6.04015
6.04015
6.04015
6.04015
6.04015
6.04015
6.04015
6.04015
6.04015
6.04015
6.04015
6.04015
