51.8651
158.451
200.596
119.252
67.7817
52.2522
54.1419
 66.319
83.2605
95.7309
96.7916
89.7322
82.1948
78.2645
 78.229
 80.608
83.4139
85.0757
85.1256
84.1389
83.0289
82.4084
82.4007
 82.778
83.2065
83.4494
83.4518
83.3029
 83.136
83.0427
83.0426
83.1006
83.1654
83.2015
83.2013
83.1786
83.1534
83.1395
83.1396
83.1485
83.1583
83.1637
83.1636
83.1601
83.1563
83.1542
83.1543
83.1556
83.1571
83.1579
83.1579
83.1574
83.1568
83.1565
83.1565
83.1567
83.1569
 83.157
 83.157
 83.157
83.1569
83.1568
83.1568
83.1569
83.1569
83.1569
83.1569
83.1569
83.1569
83.1569
83.1569
83.1569
83.1569
83.1569
83.1569
83.1569
83.1569
83.1569
83.1569
83.1569
83.1569
83.1569
83.1569
83.1569
83.1569
83.1569
83.1569
83.1569
83.1569
83.1569
83.1569
83.1569
83.1569
83.1569
83.1569
83.1569
83.1569
83.1569
83.1569
83.1569
