  0.908823
   0.59827
 0.0952765
 -0.112781
-0.0174676
  0.143698
  0.266833
  0.322338
  0.308713
  0.249452
  0.189168
  0.162352
   0.17039
  0.194464
  0.216064
  0.225631
  0.222872
  0.213599
  0.204937
  0.201139
   0.20231
  0.205948
  0.209267
  0.210711
  0.210253
  0.208836
  0.207542
  0.206984
  0.207169
  0.207722
  0.208223
  0.208437
  0.208364
  0.208148
  0.207953
  0.207871
    0.2079
  0.207984
   0.20806
  0.208092
   0.20808
  0.208047
  0.208018
  0.208006
   0.20801
  0.208023
  0.208034
  0.208039
  0.208037
  0.208032
  0.208028
  0.208026
  0.208027
  0.208029
   0.20803
  0.208031
  0.208031
   0.20803
  0.208029
  0.208029
  0.208029
   0.20803
   0.20803
   0.20803
   0.20803
   0.20803
   0.20803
   0.20803
   0.20803
   0.20803
   0.20803
   0.20803
   0.20803
   0.20803
   0.20803
   0.20803
   0.20803
   0.20803
   0.20803
   0.20803
   0.20803
   0.20803
   0.20803
   0.20803
   0.20803
   0.20803
   0.20803
   0.20803
   0.20803
   0.20803
   0.20803
   0.20803
   0.20803
   0.20803
   0.20803
   0.20803
   0.20803
   0.20803
   0.20803
   0.20803
