0.0427485
  0.15198
 0.197091
 0.115976
0.0635041
0.0470038
0.0482906
0.0603104
0.0774918
0.0903875
0.0917634
0.0847681
 0.077114
0.0730224
0.0728775
0.0752321
0.0780803
0.0798058
0.0798999
0.0789224
0.0777953
0.0771502
0.0771256
0.0774994
0.0779346
0.0781871
 0.078196
0.0780485
0.0778789
0.0777819
0.0777792
0.0778368
0.0779026
0.0779402
 0.077941
0.0779184
0.0778928
0.0778783
0.0778781
0.0778869
0.0778969
0.0779025
0.0779025
0.0778991
0.0778952
 0.077893
 0.077893
0.0778944
0.0778959
0.0778967
0.0778967
0.0778962
0.0778956
0.0778953
0.0778953
0.0778955
0.0778957
0.0778959
0.0778958
0.0778958
0.0778957
0.0778956
0.0778956
0.0778957
0.0778957
0.0778957
0.0778957
0.0778957
0.0778957
0.0778957
0.0778957
0.0778957
0.0778957
0.0778957
0.0778957
0.0778957
0.0778957
0.0778957
0.0778957
0.0778957
0.0778957
0.0778957
0.0778957
0.0778957
0.0778957
0.0778957
0.0778957
0.0778957
0.0778957
0.0778957
0.0778957
0.0778957
0.0778957
0.0778957
0.0778957
0.0778957
0.0778957
0.0778957
0.0778957
0.0778957
