9.87492
9.83312
9.82014
9.81622
9.81506
9.81471
9.81461
9.81458
9.81457
9.81457
9.81457
9.81457
9.81457
9.81457
9.81457
9.81457
9.81457
9.81457
9.81457
9.81457
9.81457
9.81457
9.81457
9.81457
9.81457
9.81457
9.81457
9.81457
9.81457
9.81457
9.81457
9.81457
9.81457
9.81457
9.81457
9.81457
9.81457
9.81457
9.81457
9.81457
9.81457
9.81457
9.81457
9.81457
9.81457
9.81457
9.81457
9.81457
9.81457
9.81457
9.81457
9.81457
9.81457
9.81457
9.81457
9.81457
9.81457
9.81457
9.81457
9.81457
9.81457
9.81457
9.81457
9.81457
9.81457
9.81457
9.81457
9.81457
9.81457
9.81457
9.81457
9.81457
9.81457
9.81457
9.81457
9.81457
9.81457
9.81457
9.81457
9.81457
9.81457
9.81457
9.81457
9.81457
9.81457
9.81457
9.81457
9.81457
9.81457
9.81457
9.81457
9.81457
9.81457
9.81457
9.81457
9.81457
9.81457
9.81457
9.81457
9.81457
