21.8839
25.6404
 26.777
27.1158
27.2164
27.2462
 27.255
27.2576
27.2584
27.2586
27.2587
27.2587
27.2587
27.2587
27.2587
27.2587
27.2587
27.2587
27.2587
27.2587
27.2587
27.2587
27.2587
27.2587
27.2587
27.2587
27.2587
27.2587
27.2587
27.2587
27.2587
27.2587
27.2587
27.2587
27.2587
27.2587
27.2587
27.2587
27.2587
27.2587
27.2587
27.2587
27.2587
27.2587
27.2587
27.2587
27.2587
27.2587
27.2587
27.2587
27.2587
27.2587
27.2587
27.2587
27.2587
27.2587
27.2587
27.2587
27.2587
27.2587
27.2587
27.2587
27.2587
27.2587
27.2587
27.2587
27.2587
27.2587
27.2587
27.2587
27.2587
27.2587
27.2587
27.2587
27.2587
27.2587
27.2587
27.2587
27.2587
27.2587
27.2587
27.2587
27.2587
27.2587
27.2587
27.2587
27.2587
27.2587
27.2587
27.2587
27.2587
27.2587
27.2587
27.2587
27.2587
27.2587
27.2587
27.2587
27.2587
27.2587
