0.974983
0.966625
0.964027
0.963245
0.963012
0.962942
0.962922
0.962916
0.962914
0.962914
0.962913
0.962913
0.962913
0.962913
0.962913
0.962913
0.962913
0.962913
0.962913
0.962913
0.962913
0.962913
0.962913
0.962913
0.962913
0.962913
0.962913
0.962913
0.962913
0.962913
0.962913
0.962913
0.962913
0.962913
0.962913
0.962913
0.962913
0.962913
0.962913
0.962913
0.962913
0.962913
0.962913
0.962913
0.962913
0.962913
0.962913
0.962913
0.962913
0.962913
0.962913
0.962913
0.962913
0.962913
0.962913
0.962913
0.962913
0.962913
0.962913
0.962913
0.962913
0.962913
0.962913
0.962913
0.962913
0.962913
0.962913
0.962913
0.962913
0.962913
0.962913
0.962913
0.962913
0.962913
0.962913
0.962913
0.962913
0.962913
0.962913
0.962913
0.962913
0.962913
0.962913
0.962913
0.962913
0.962913
0.962913
0.962913
0.962913
0.962913
0.962913
0.962913
0.962913
0.962913
0.962913
0.962913
0.962913
0.962913
0.962913
0.962913
