0.0121303
 0.015967
0.0171281
0.0174743
0.0175771
0.0176075
0.0176165
0.0176192
  0.01762
0.0176202
0.0176203
0.0176203
0.0176203
0.0176203
0.0176203
0.0176203
0.0176203
0.0176203
0.0176203
0.0176203
0.0176203
0.0176203
0.0176203
0.0176203
0.0176203
0.0176203
0.0176203
0.0176203
0.0176203
0.0176203
0.0176203
0.0176203
0.0176203
0.0176203
0.0176203
0.0176203
0.0176203
0.0176203
0.0176203
0.0176203
0.0176203
0.0176203
0.0176203
0.0176203
0.0176203
0.0176203
0.0176203
0.0176203
0.0176203
0.0176203
0.0176203
0.0176203
0.0176203
0.0176203
0.0176203
0.0176203
0.0176203
0.0176203
0.0176203
0.0176203
0.0176203
0.0176203
0.0176203
0.0176203
0.0176203
0.0176203
0.0176203
0.0176203
0.0176203
0.0176203
0.0176203
0.0176203
0.0176203
0.0176203
0.0176203
0.0176203
0.0176203
0.0176203
0.0176203
0.0176203
0.0176203
0.0176203
0.0176203
0.0176203
0.0176203
0.0176203
0.0176203
0.0176203
0.0176203
0.0176203
0.0176203
0.0176203
0.0176203
0.0176203
0.0176203
0.0176203
0.0176203
0.0176203
0.0176203
0.0176203
