19.3924
19.6104
19.6116
19.6117
19.6117
19.6117
19.6117
19.6117
19.6117
19.6117
19.6117
19.6117
19.6117
19.6117
19.6117
19.6117
19.6117
19.6117
19.6117
19.6117
19.6117
19.6117
19.6117
19.6117
19.6117
19.6117
19.6117
19.6117
19.6117
19.6117
19.6117
19.6117
19.6117
19.6117
19.6117
19.6117
19.6117
19.6117
19.6117
19.6117
19.6117
19.6117
19.6117
19.6117
19.6117
19.6117
19.6117
19.6117
19.6117
19.6117
19.6117
19.6117
19.6117
19.6117
19.6117
19.6117
19.6117
19.6117
19.6117
19.6117
19.6117
19.6117
19.6117
19.6117
19.6117
19.6117
19.6117
19.6117
19.6117
19.6117
19.6117
19.6117
19.6117
19.6117
19.6117
19.6117
19.6117
19.6117
19.6117
19.6117
19.6117
19.6117
19.6117
19.6117
19.6117
19.6117
19.6117
19.6117
19.6117
19.6117
19.6117
19.6117
19.6117
19.6117
19.6117
19.6117
19.6117
19.6117
19.6117
19.6117
