9.80889
9.65101
9.53752
9.46492
9.42247
9.39916
 9.3869
9.38062
9.37746
9.37587
9.37509
 9.3747
 9.3745
9.37441
9.37436
9.37434
9.37433
9.37432
9.37432
9.37432
9.37432
9.37432
9.37432
9.37432
9.37432
9.37432
9.37432
9.37432
9.37432
9.37432
9.37432
9.37432
9.37432
9.37432
9.37432
9.37432
9.37432
9.37432
9.37432
9.37432
9.37432
9.37432
9.37432
9.37432
9.37432
9.37432
9.37432
9.37432
9.37432
9.37432
9.37432
9.37432
9.37432
9.37432
9.37432
9.37432
9.37432
9.37432
9.37432
9.37432
9.37432
9.37432
9.37432
9.37432
9.37432
9.37432
9.37432
9.37432
9.37432
9.37432
9.37432
9.37432
9.37432
9.37432
9.37432
9.37432
9.37432
9.37432
9.37432
9.37432
9.37432
9.37432
9.37432
9.37432
9.37432
9.37432
9.37432
9.37432
9.37432
9.37432
9.37432
9.37432
9.37432
9.37432
9.37432
9.37432
9.37432
9.37432
9.37432
9.37432
