0.999902
       1
       1
       1
       1
       1
       1
       1
       1
       1
       1
       1
       1
       1
       1
       1
       1
       1
       1
       1
       1
       1
       1
       1
       1
       1
       1
       1
       1
       1
       1
       1
       1
       1
       1
       1
       1
       1
       1
       1
       1
       1
       1
       1
       1
       1
       1
       1
       1
       1
       1
       1
       1
       1
       1
       1
       1
       1
       1
       1
       1
       1
       1
       1
       1
       1
       1
       1
       1
       1
       1
       1
       1
       1
       1
       1
       1
       1
       1
       1
       1
       1
       1
       1
       1
       1
       1
       1
       1
       1
       1
       1
       1
       1
       1
       1
       1
       1
       1
       1
