0.00948778
0.00970743
0.00970873
0.00970874
0.00970874
0.00970874
0.00970874
0.00970874
0.00970874
0.00970874
0.00970874
0.00970874
0.00970874
0.00970874
0.00970874
0.00970874
0.00970874
0.00970874
0.00970874
0.00970874
0.00970874
0.00970874
0.00970874
0.00970874
0.00970874
0.00970874
0.00970874
0.00970874
0.00970874
0.00970874
0.00970874
0.00970874
0.00970874
0.00970874
0.00970874
0.00970874
0.00970874
0.00970874
0.00970874
0.00970874
0.00970874
0.00970874
0.00970874
0.00970874
0.00970874
0.00970874
0.00970874
0.00970874
0.00970874
0.00970874
0.00970874
0.00970874
0.00970874
0.00970874
0.00970874
0.00970874
0.00970874
0.00970874
0.00970874
0.00970874
0.00970874
0.00970874
0.00970874
0.00970874
0.00970874
0.00970874
0.00970874
0.00970874
0.00970874
0.00970874
0.00970874
0.00970874
0.00970874
0.00970874
0.00970874
0.00970874
0.00970874
0.00970874
0.00970874
0.00970874
0.00970874
0.00970874
0.00970874
0.00970874
0.00970874
0.00970874
0.00970874
0.00970874
0.00970874
0.00970874
0.00970874
0.00970874
0.00970874
0.00970874
0.00970874
0.00970874
0.00970874
0.00970874
0.00970874
0.00970874
