9.84743
9.76784
9.73011
9.71318
9.70582
9.70265
 9.7013
9.70073
9.70049
9.70038
9.70034
9.70032
9.70031
9.70031
9.70031
9.70031
9.70031
9.70031
9.70031
9.70031
9.70031
9.70031
9.70031
9.70031
9.70031
9.70031
9.70031
9.70031
9.70031
9.70031
9.70031
9.70031
9.70031
9.70031
9.70031
9.70031
9.70031
9.70031
9.70031
9.70031
9.70031
9.70031
9.70031
9.70031
9.70031
9.70031
9.70031
9.70031
9.70031
9.70031
9.70031
9.70031
9.70031
9.70031
9.70031
9.70031
9.70031
9.70031
9.70031
9.70031
9.70031
9.70031
9.70031
9.70031
9.70031
9.70031
9.70031
9.70031
9.70031
9.70031
9.70031
9.70031
9.70031
9.70031
9.70031
9.70031
9.70031
9.70031
9.70031
9.70031
9.70031
9.70031
9.70031
9.70031
9.70031
9.70031
9.70031
9.70031
9.70031
9.70031
9.70031
9.70031
9.70031
9.70031
9.70031
9.70031
9.70031
9.70031
9.70031
9.70031
