24.4384
31.4974
34.7052
36.1095
36.7136
36.9714
 37.081
37.1276
37.1473
37.1557
37.1592
37.1607
37.1614
37.1616
37.1618
37.1618
37.1618
37.1618
37.1618
37.1618
37.1618
37.1618
37.1618
37.1618
37.1618
37.1618
37.1618
37.1618
37.1618
37.1618
37.1618
37.1618
37.1618
37.1618
37.1618
37.1618
37.1618
37.1618
37.1618
37.1618
37.1618
37.1618
37.1618
37.1618
37.1618
37.1618
37.1618
37.1618
37.1618
37.1618
37.1618
37.1618
37.1618
37.1618
37.1618
37.1618
37.1618
37.1618
37.1618
37.1618
37.1618
37.1618
37.1618
37.1618
37.1618
37.1618
37.1618
37.1618
37.1618
37.1618
37.1618
37.1618
37.1618
37.1618
37.1618
37.1618
37.1618
37.1618
37.1618
37.1618
37.1618
37.1618
37.1618
37.1618
37.1618
37.1618
37.1618
37.1618
37.1618
37.1618
37.1618
37.1618
37.1618
37.1618
37.1618
37.1618
37.1618
37.1618
37.1618
37.1618
