0.969487
0.953568
0.946021
0.942637
0.941163
0.940531
0.940261
0.940146
0.940097
0.940077
0.940068
0.940064
0.940063
0.940062
0.940062
0.940062
0.940062
0.940062
0.940062
0.940062
0.940062
0.940062
0.940062
0.940062
0.940062
0.940062
0.940062
0.940062
0.940062
0.940062
0.940062
0.940062
0.940062
0.940062
0.940062
0.940062
0.940062
0.940062
0.940062
0.940062
0.940062
0.940062
0.940062
0.940062
0.940062
0.940062
0.940062
0.940062
0.940062
0.940062
0.940062
0.940062
0.940062
0.940062
0.940062
0.940062
0.940062
0.940062
0.940062
0.940062
0.940062
0.940062
0.940062
0.940062
0.940062
0.940062
0.940062
0.940062
0.940062
0.940062
0.940062
0.940062
0.940062
0.940062
0.940062
0.940062
0.940062
0.940062
0.940062
0.940062
0.940062
0.940062
0.940062
0.940062
0.940062
0.940062
0.940062
0.940062
0.940062
0.940062
0.940062
0.940062
0.940062
0.940062
0.940062
0.940062
0.940062
0.940062
0.940062
0.940062
