0.0147384
 0.021949
0.0252273
 0.026663
0.0272806
0.0275442
0.0276563
0.0277039
0.0277241
0.0277326
0.0277363
0.0277378
0.0277384
0.0277387
0.0277388
0.0277389
0.0277389
0.0277389
0.0277389
0.0277389
0.0277389
0.0277389
0.0277389
0.0277389
0.0277389
0.0277389
0.0277389
0.0277389
0.0277389
0.0277389
0.0277389
0.0277389
0.0277389
0.0277389
0.0277389
0.0277389
0.0277389
0.0277389
0.0277389
0.0277389
0.0277389
0.0277389
0.0277389
0.0277389
0.0277389
0.0277389
0.0277389
0.0277389
0.0277389
0.0277389
0.0277389
0.0277389
0.0277389
0.0277389
0.0277389
0.0277389
0.0277389
0.0277389
0.0277389
0.0277389
0.0277389
0.0277389
0.0277389
0.0277389
0.0277389
0.0277389
0.0277389
0.0277389
0.0277389
0.0277389
0.0277389
0.0277389
0.0277389
0.0277389
0.0277389
0.0277389
0.0277389
0.0277389
0.0277389
0.0277389
0.0277389
0.0277389
0.0277389
0.0277389
0.0277389
0.0277389
0.0277389
0.0277389
0.0277389
0.0277389
0.0277389
0.0277389
0.0277389
0.0277389
0.0277389
0.0277389
0.0277389
0.0277389
0.0277389
0.0277389
