49.9556
 147.49
 198.09
133.002
83.2387
67.5602
70.3782
82.9331
97.1459
104.414
102.478
96.5149
   91.9
90.4891
 91.592
93.5742
94.9978
95.2978
 94.779
94.0833
93.6717
93.6477
 93.859
94.0897
94.2042
94.1887
94.1071
94.0327
94.0034
94.0162
 94.046
94.0692
94.0758
94.0692
94.0587
94.0517
94.0506
94.0535
94.0571
94.0591
94.0591
94.0579
94.0568
94.0562
94.0564
94.0568
94.0572
94.0573
94.0572
94.0571
94.0569
94.0569
 94.057
 94.057
 94.057
 94.057
 94.057
 94.057
 94.057
 94.057
 94.057
 94.057
 94.057
 94.057
 94.057
 94.057
 94.057
 94.057
 94.057
 94.057
 94.057
 94.057
 94.057
 94.057
 94.057
 94.057
 94.057
 94.057
 94.057
 94.057
 94.057
 94.057
 94.057
 94.057
 94.057
 94.057
 94.057
 94.057
 94.057
 94.057
 94.057
 94.057
 94.057
 94.057
 94.057
 94.057
 94.057
 94.057
 94.057
 94.057
