9.56568
8.17999
5.94908
4.93125
 5.3116
6.01243
6.51143
 6.6773
6.55413
6.30612
6.12311
6.08557
6.14993
6.23458
6.28484
6.28823
6.26246
6.23394
6.21967
 6.2215
 6.2315
6.24066
 6.2443
6.24277
 6.2391
6.23624
6.23541
6.23621
 6.2375
6.23836
 6.2385
6.23815
6.23771
6.23746
6.23746
 6.2376
6.23775
6.23782
 6.2378
6.23775
 6.2377
6.23768
6.23769
6.23771
6.23773
6.23773
6.23773
6.23772
6.23772
6.23772
6.23772
6.23772
6.23772
6.23772
6.23772
6.23772
6.23772
6.23772
6.23772
6.23772
6.23772
6.23772
6.23772
6.23772
6.23772
6.23772
6.23772
6.23772
6.23772
6.23772
6.23772
6.23772
6.23772
6.23772
6.23772
6.23772
6.23772
6.23772
6.23772
6.23772
6.23772
6.23772
6.23772
6.23772
6.23772
6.23772
6.23772
6.23772
6.23772
6.23772
6.23772
6.23772
6.23772
6.23772
6.23772
6.23772
6.23772
6.23772
6.23772
6.23772
