  0.913137
  0.635997
  0.189817
-0.0137501
 0.0623205
  0.202486
  0.302287
  0.335459
  0.310825
  0.261224
  0.224621
  0.217114
  0.229986
  0.246916
  0.256968
  0.257647
  0.252493
  0.246787
  0.243934
    0.2443
    0.2463
  0.248132
   0.24886
  0.248553
   0.24782
  0.247247
  0.247082
  0.247242
    0.2475
  0.247673
  0.247701
   0.24763
  0.247542
  0.247493
  0.247492
  0.247521
   0.24755
  0.247563
   0.24756
   0.24755
   0.24754
  0.247537
  0.247539
  0.247543
  0.247546
  0.247546
  0.247545
  0.247544
  0.247543
  0.247543
  0.247543
  0.247544
  0.247544
  0.247544
  0.247544
  0.247544
  0.247544
  0.247544
  0.247544
  0.247544
  0.247544
  0.247544
  0.247544
  0.247544
  0.247544
  0.247544
  0.247544
  0.247544
  0.247544
  0.247544
  0.247544
  0.247544
  0.247544
  0.247544
  0.247544
  0.247544
  0.247544
  0.247544
  0.247544
  0.247544
  0.247544
  0.247544
  0.247544
  0.247544
  0.247544
  0.247544
  0.247544
  0.247544
  0.247544
  0.247544
  0.247544
  0.247544
  0.247544
  0.247544
  0.247544
  0.247544
  0.247544
  0.247544
  0.247544
  0.247544
