0.0407979
 0.140717
 0.194082
 0.129364
0.0787142
0.0621695
0.0645119
0.0770261
0.0915068
0.0990986
0.0973284
0.0913428
0.0866163
0.0851056
0.0861689
0.0881676
0.0896317
0.0899635
0.0894539
0.0887493
0.0883234
  0.08829
0.0884997
0.0887342
0.0888537
0.0888409
0.0887593
0.0886833
0.0886524
0.0886644
0.0886944
0.0887182
0.0887253
0.0887189
0.0887083
0.0887011
0.0886999
0.0887027
0.0887064
0.0887084
0.0887085
0.0887073
0.0887061
0.0887056
0.0887057
0.0887061
0.0887065
0.0887066
0.0887066
0.0887064
0.0887063
0.0887063
0.0887063
0.0887063
0.0887064
0.0887064
0.0887064
0.0887064
0.0887063
0.0887063
0.0887064
0.0887064
0.0887064
0.0887064
0.0887064
0.0887064
0.0887064
0.0887064
0.0887064
0.0887064
0.0887064
0.0887064
0.0887064
0.0887064
0.0887064
0.0887064
0.0887064
0.0887064
0.0887064
0.0887064
0.0887064
0.0887064
0.0887064
0.0887064
0.0887064
0.0887064
0.0887064
0.0887064
0.0887064
0.0887064
0.0887064
0.0887064
0.0887064
0.0887064
0.0887064
0.0887064
0.0887064
0.0887064
0.0887064
0.0887064
