28.5242
43.4177
53.7582
60.1179
63.6921
65.5813
66.5415
67.0182
67.2515
67.3648
67.4196
67.4461
67.4588
 67.465
67.4679
67.4693
  67.47
67.4703
67.4705
67.4706
67.4706
67.4706
67.4706
67.4706
67.4706
67.4706
67.4706
67.4706
67.4706
67.4706
67.4706
67.4706
67.4706
67.4706
67.4706
67.4706
67.4706
67.4706
67.4706
67.4706
67.4706
67.4706
67.4706
67.4706
67.4706
67.4706
67.4706
67.4706
67.4706
67.4706
67.4706
67.4706
67.4706
67.4706
67.4706
67.4706
67.4706
67.4706
67.4706
67.4706
67.4706
67.4706
67.4706
67.4706
67.4706
67.4706
67.4706
67.4706
67.4706
67.4706
67.4706
67.4706
67.4706
67.4706
67.4706
67.4706
67.4706
67.4706
67.4706
67.4706
67.4706
67.4706
67.4706
67.4706
67.4706
67.4706
67.4706
67.4706
67.4706
67.4706
67.4706
67.4706
67.4706
67.4706
67.4706
67.4706
67.4706
67.4706
67.4706
67.4706
