9.80317
9.63105
9.50106
9.41477
9.36312
 9.3345
9.31945
9.31182
9.30803
9.30617
9.30527
9.30483
9.30462
9.30452
9.30447
9.30445
9.30444
9.30443
9.30443
9.30443
9.30443
9.30443
9.30443
9.30443
9.30443
9.30443
9.30443
9.30443
9.30443
9.30443
9.30443
9.30443
9.30443
9.30443
9.30443
9.30443
9.30443
9.30443
9.30443
9.30443
9.30443
9.30443
9.30443
9.30443
9.30443
9.30443
9.30443
9.30443
9.30443
9.30443
9.30443
9.30443
9.30443
9.30443
9.30443
9.30443
9.30443
9.30443
9.30443
9.30443
9.30443
9.30443
9.30443
9.30443
9.30443
9.30443
9.30443
9.30443
9.30443
9.30443
9.30443
9.30443
9.30443
9.30443
9.30443
9.30443
9.30443
9.30443
9.30443
9.30443
9.30443
9.30443
9.30443
9.30443
9.30443
9.30443
9.30443
9.30443
9.30443
9.30443
9.30443
9.30443
9.30443
9.30443
9.30443
9.30443
9.30443
9.30443
9.30443
9.30443
