0.960635
 0.92621
0.900213
0.882955
0.872625
0.866899
 0.86389
0.862363
0.861605
0.861234
0.861054
0.860967
0.860924
0.860904
0.860894
 0.86089
0.860887
0.860886
0.860886
0.860885
0.860885
0.860885
0.860885
0.860885
0.860885
0.860885
0.860885
0.860885
0.860885
0.860885
0.860885
0.860885
0.860885
0.860885
0.860885
0.860885
0.860885
0.860885
0.860885
0.860885
0.860885
0.860885
0.860885
0.860885
0.860885
0.860885
0.860885
0.860885
0.860885
0.860885
0.860885
0.860885
0.860885
0.860885
0.860885
0.860885
0.860885
0.860885
0.860885
0.860885
0.860885
0.860885
0.860885
0.860885
0.860885
0.860885
0.860885
0.860885
0.860885
0.860885
0.860885
0.860885
0.860885
0.860885
0.860885
0.860885
0.860885
0.860885
0.860885
0.860885
0.860885
0.860885
0.860885
0.860885
0.860885
0.860885
0.860885
0.860885
0.860885
0.860885
0.860885
0.860885
0.860885
0.860885
0.860885
0.860885
0.860885
0.860885
0.860885
0.860885
