0.0189102
0.0341279
0.0447042
0.0512153
0.0548778
 0.056815
0.0578001
0.0582892
0.0585287
0.0586451
0.0587014
0.0587285
0.0587416
0.0587479
0.0587509
0.0587524
0.0587531
0.0587534
0.0587536
0.0587537
0.0587537
0.0587537
0.0587538
0.0587538
0.0587538
0.0587538
0.0587538
0.0587538
0.0587538
0.0587538
0.0587538
0.0587538
0.0587538
0.0587538
0.0587538
0.0587538
0.0587538
0.0587538
0.0587538
0.0587538
0.0587538
0.0587538
0.0587538
0.0587538
0.0587538
0.0587538
0.0587538
0.0587538
0.0587538
0.0587538
0.0587538
0.0587538
0.0587538
0.0587538
0.0587538
0.0587538
0.0587538
0.0587538
0.0587538
0.0587538
0.0587538
0.0587538
0.0587538
0.0587538
0.0587538
0.0587538
0.0587538
0.0587538
0.0587538
0.0587538
0.0587538
0.0587538
0.0587538
0.0587538
0.0587538
0.0587538
0.0587538
0.0587538
0.0587538
0.0587538
0.0587538
0.0587538
0.0587538
0.0587538
0.0587538
0.0587538
0.0587538
0.0587538
0.0587538
0.0587538
0.0587538
0.0587538
0.0587538
0.0587538
0.0587538
0.0587538
0.0587538
0.0587538
0.0587538
0.0587538
