14.5228
13.6503
12.7563
12.3571
 12.324
12.3614
12.3771
12.3776
12.3759
12.3753
12.3753
12.3753
12.3754
12.3754
12.3754
12.3754
12.3754
12.3754
12.3754
12.3754
12.3754
12.3754
12.3754
12.3754
12.3754
12.3754
12.3754
12.3754
12.3754
12.3754
12.3754
12.3754
12.3754
12.3754
12.3754
12.3754
12.3754
12.3754
12.3754
12.3754
12.3754
12.3754
12.3754
12.3754
12.3754
12.3754
12.3754
12.3754
12.3754
12.3754
12.3754
12.3754
12.3754
12.3754
12.3754
12.3754
12.3754
12.3754
12.3754
12.3754
12.3754
12.3754
12.3754
12.3754
12.3754
12.3754
12.3754
12.3754
12.3754
12.3754
12.3754
12.3754
12.3754
12.3754
12.3754
12.3754
12.3754
12.3754
12.3754
12.3754
12.3754
12.3754
12.3754
12.3754
12.3754
12.3754
12.3754
12.3754
12.3754
12.3754
12.3754
12.3754
12.3754
12.3754
12.3754
12.3754
12.3754
12.3754
12.3754
12.3754
