81.8452
184.776
258.477
272.025
265.915
262.422
262.038
262.331
262.472
262.483
262.469
262.463
262.463
262.464
262.464
262.464
262.464
262.464
262.464
262.464
262.464
262.464
262.464
262.464
262.464
262.464
262.464
262.464
262.464
262.464
262.464
262.464
262.464
262.464
262.464
262.464
262.464
262.464
262.464
262.464
262.464
262.464
262.464
262.464
262.464
262.464
262.464
262.464
262.464
262.464
262.464
262.464
262.464
262.464
262.464
262.464
262.464
262.464
262.464
262.464
262.464
262.464
262.464
262.464
262.464
262.464
262.464
262.464
262.464
262.464
262.464
262.464
262.464
262.464
262.464
262.464
262.464
262.464
262.464
262.464
262.464
262.464
262.464
262.464
262.464
262.464
262.464
262.464
262.464
262.464
262.464
262.464
262.464
262.464
262.464
262.464
262.464
262.464
262.464
262.464
