0.936371
0.820037
0.700835
0.647607
0.643196
0.648186
0.650274
0.650345
0.650117
0.650035
0.650036
0.650046
0.650049
0.650049
0.650048
0.650048
0.650048
0.650048
0.650048
0.650048
0.650048
0.650048
0.650048
0.650048
0.650048
0.650048
0.650048
0.650048
0.650048
0.650048
0.650048
0.650048
0.650048
0.650048
0.650048
0.650048
0.650048
0.650048
0.650048
0.650048
0.650048
0.650048
0.650048
0.650048
0.650048
0.650048
0.650048
0.650048
0.650048
0.650048
0.650048
0.650048
0.650048
0.650048
0.650048
0.650048
0.650048
0.650048
0.650048
0.650048
0.650048
0.650048
0.650048
0.650048
0.650048
0.650048
0.650048
0.650048
0.650048
0.650048
0.650048
0.650048
0.650048
0.650048
0.650048
0.650048
0.650048
0.650048
0.650048
0.650048
0.650048
0.650048
0.650048
0.650048
0.650048
0.650048
0.650048
0.650048
0.650048
0.650048
0.650048
0.650048
0.650048
0.650048
0.650048
0.650048
0.650048
0.650048
0.650048
0.650048
