0.0301219
0.0765665
 0.109942
 0.116183
 0.113464
 0.111884
 0.111705
 0.111836
   0.1119
 0.111905
 0.111899
 0.111896
 0.111896
 0.111896
 0.111896
 0.111896
 0.111896
 0.111896
 0.111896
 0.111896
 0.111896
 0.111896
 0.111896
 0.111896
 0.111896
 0.111896
 0.111896
 0.111896
 0.111896
 0.111896
 0.111896
 0.111896
 0.111896
 0.111896
 0.111896
 0.111896
 0.111896
 0.111896
 0.111896
 0.111896
 0.111896
 0.111896
 0.111896
 0.111896
 0.111896
 0.111896
 0.111896
 0.111896
 0.111896
 0.111896
 0.111896
 0.111896
 0.111896
 0.111896
 0.111896
 0.111896
 0.111896
 0.111896
 0.111896
 0.111896
 0.111896
 0.111896
 0.111896
 0.111896
 0.111896
 0.111896
 0.111896
 0.111896
 0.111896
 0.111896
 0.111896
 0.111896
 0.111896
 0.111896
 0.111896
 0.111896
 0.111896
 0.111896
 0.111896
 0.111896
 0.111896
 0.111896
 0.111896
 0.111896
 0.111896
 0.111896
 0.111896
 0.111896
 0.111896
 0.111896
 0.111896
 0.111896
 0.111896
 0.111896
 0.111896
 0.111896
 0.111896
 0.111896
 0.111896
 0.111896
