19.1069
20.5725
20.8031
20.8392
20.8448
20.8457
20.8459
20.8459
20.8459
20.8459
20.8459
20.8459
20.8459
20.8459
20.8459
20.8459
20.8459
20.8459
20.8459
20.8459
20.8459
20.8459
20.8459
20.8459
20.8459
20.8459
20.8459
20.8459
20.8459
20.8459
20.8459
20.8459
20.8459
20.8459
20.8459
20.8459
20.8459
20.8459
20.8459
20.8459
20.8459
20.8459
20.8459
20.8459
20.8459
20.8459
20.8459
20.8459
20.8459
20.8459
20.8459
20.8459
20.8459
20.8459
20.8459
20.8459
20.8459
20.8459
20.8459
20.8459
20.8459
20.8459
20.8459
20.8459
20.8459
20.8459
20.8459
20.8459
20.8459
20.8459
20.8459
20.8459
20.8459
20.8459
20.8459
20.8459
20.8459
20.8459
20.8459
20.8459
20.8459
20.8459
20.8459
20.8459
20.8459
20.8459
20.8459
20.8459
20.8459
20.8459
20.8459
20.8459
20.8459
20.8459
20.8459
20.8459
20.8459
20.8459
20.8459
20.8459
