9.90461
9.88851
9.88594
9.88554
9.88547
9.88546
9.88546
9.88546
9.88546
9.88546
9.88546
9.88546
9.88546
9.88546
9.88546
9.88546
9.88546
9.88546
9.88546
9.88546
9.88546
9.88546
9.88546
9.88546
9.88546
9.88546
9.88546
9.88546
9.88546
9.88546
9.88546
9.88546
9.88546
9.88546
9.88546
9.88546
9.88546
9.88546
9.88546
9.88546
9.88546
9.88546
9.88546
9.88546
9.88546
9.88546
9.88546
9.88546
9.88546
9.88546
9.88546
9.88546
9.88546
9.88546
9.88546
9.88546
9.88546
9.88546
9.88546
9.88546
9.88546
9.88546
9.88546
9.88546
9.88546
9.88546
9.88546
9.88546
9.88546
9.88546
9.88546
9.88546
9.88546
9.88546
9.88546
9.88546
9.88546
9.88546
9.88546
9.88546
9.88546
9.88546
9.88546
9.88546
9.88546
9.88546
9.88546
9.88546
9.88546
9.88546
9.88546
9.88546
9.88546
9.88546
9.88546
9.88546
9.88546
9.88546
9.88546
9.88546
