0.980922
0.977703
0.977188
0.977107
0.977095
0.977093
0.977092
0.977092
0.977092
0.977092
0.977092
0.977092
0.977092
0.977092
0.977092
0.977092
0.977092
0.977092
0.977092
0.977092
0.977092
0.977092
0.977092
0.977092
0.977092
0.977092
0.977092
0.977092
0.977092
0.977092
0.977092
0.977092
0.977092
0.977092
0.977092
0.977092
0.977092
0.977092
0.977092
0.977092
0.977092
0.977092
0.977092
0.977092
0.977092
0.977092
0.977092
0.977092
0.977092
0.977092
0.977092
0.977092
0.977092
0.977092
0.977092
0.977092
0.977092
0.977092
0.977092
0.977092
0.977092
0.977092
0.977092
0.977092
0.977092
0.977092
0.977092
0.977092
0.977092
0.977092
0.977092
0.977092
0.977092
0.977092
0.977092
0.977092
0.977092
0.977092
0.977092
0.977092
0.977092
0.977092
0.977092
0.977092
0.977092
0.977092
0.977092
0.977092
0.977092
0.977092
0.977092
0.977092
0.977092
0.977092
0.977092
0.977092
0.977092
0.977092
0.977092
0.977092
