0.00929521
 0.0107919
 0.0110274
 0.0110643
 0.0110701
  0.011071
 0.0110711
 0.0110711
 0.0110711
 0.0110711
 0.0110711
 0.0110711
 0.0110711
 0.0110711
 0.0110711
 0.0110711
 0.0110711
 0.0110711
 0.0110711
 0.0110711
 0.0110711
 0.0110711
 0.0110711
 0.0110711
 0.0110711
 0.0110711
 0.0110711
 0.0110711
 0.0110711
 0.0110711
 0.0110711
 0.0110711
 0.0110711
 0.0110711
 0.0110711
 0.0110711
 0.0110711
 0.0110711
 0.0110711
 0.0110711
 0.0110711
 0.0110711
 0.0110711
 0.0110711
 0.0110711
 0.0110711
 0.0110711
 0.0110711
 0.0110711
 0.0110711
 0.0110711
 0.0110711
 0.0110711
 0.0110711
 0.0110711
 0.0110711
 0.0110711
 0.0110711
 0.0110711
 0.0110711
 0.0110711
 0.0110711
 0.0110711
 0.0110711
 0.0110711
 0.0110711
 0.0110711
 0.0110711
 0.0110711
 0.0110711
 0.0110711
 0.0110711
 0.0110711
 0.0110711
 0.0110711
 0.0110711
 0.0110711
 0.0110711
 0.0110711
 0.0110711
 0.0110711
 0.0110711
 0.0110711
 0.0110711
 0.0110711
 0.0110711
 0.0110711
 0.0110711
 0.0110711
 0.0110711
 0.0110711
 0.0110711
 0.0110711
 0.0110711
 0.0110711
 0.0110711
 0.0110711
 0.0110711
 0.0110711
 0.0110711
