43.6526
111.957
169.995
159.455
128.112
112.599
111.475
116.693
121.705
123.539
122.836
121.515
120.761
120.707
 120.98
121.221
121.301
121.263
121.199
121.164
121.163
121.176
121.188
121.191
121.189
121.186
121.184
121.184
121.185
121.186
121.186
121.186
121.186
121.185
121.185
121.186
121.186
121.186
121.186
121.186
121.186
121.186
121.186
121.186
121.186
121.186
121.186
121.186
121.186
121.186
121.186
121.186
121.186
121.186
121.186
121.186
121.186
121.186
121.186
121.186
121.186
121.186
121.186
121.186
121.186
121.186
121.186
121.186
121.186
121.186
121.186
121.186
121.186
121.186
121.186
121.186
121.186
121.186
121.186
121.186
121.186
121.186
121.186
121.186
121.186
121.186
121.186
121.186
121.186
121.186
121.186
121.186
121.186
121.186
121.186
121.186
121.186
121.186
121.186
121.186
