9.63641
8.73598
7.37242
6.49786
 6.4858
6.79865
 7.0318
7.09379
7.04575
6.97899
6.94557
6.94704
6.96211
6.97353
6.97637
6.97385
6.97064
6.96912
6.96925
6.96999
6.97053
6.97065
6.97052
6.97037
 6.9703
6.97031
6.97035
6.97037
6.97038
6.97037
6.97036
6.97036
6.97036
6.97036
6.97036
6.97036
6.97036
6.97036
6.97036
6.97036
6.97036
6.97036
6.97036
6.97036
6.97036
6.97036
6.97036
6.97036
6.97036
6.97036
6.97036
6.97036
6.97036
6.97036
6.97036
6.97036
6.97036
6.97036
6.97036
6.97036
6.97036
6.97036
6.97036
6.97036
6.97036
6.97036
6.97036
6.97036
6.97036
6.97036
6.97036
6.97036
6.97036
6.97036
6.97036
6.97036
6.97036
6.97036
6.97036
6.97036
6.97036
6.97036
6.97036
6.97036
6.97036
6.97036
6.97036
6.97036
6.97036
6.97036
6.97036
6.97036
6.97036
6.97036
6.97036
6.97036
6.97036
6.97036
6.97036
6.97036
