0.927282
0.747196
0.474483
0.299572
0.297159
 0.35973
0.406361
0.418757
 0.40915
0.395798
0.389115
0.389407
0.392423
0.394706
0.395273
 0.39477
0.394127
0.393824
 0.39385
0.393999
0.394107
0.394131
0.394105
0.394074
 0.39406
0.394062
0.394069
0.394074
0.394075
0.394074
0.394072
0.394072
0.394072
0.394072
0.394072
0.394072
0.394072
0.394072
0.394072
0.394072
0.394072
0.394072
0.394072
0.394072
0.394072
0.394072
0.394072
0.394072
0.394072
0.394072
0.394072
0.394072
0.394072
0.394072
0.394072
0.394072
0.394072
0.394072
0.394072
0.394072
0.394072
0.394072
0.394072
0.394072
0.394072
0.394072
0.394072
0.394072
0.394072
0.394072
0.394072
0.394072
0.394072
0.394072
0.394072
0.394072
0.394072
0.394072
0.394072
0.394072
0.394072
0.394072
0.394072
0.394072
0.394072
0.394072
0.394072
0.394072
0.394072
0.394072
0.394072
0.394072
0.394072
0.394072
0.394072
0.394072
0.394072
0.394072
0.394072
0.394072
