0.0343598
 0.104264
 0.164265
 0.154502
 0.122855
 0.106869
 0.105499
 0.110706
 0.115817
 0.117737
 0.117061
 0.115726
 0.114949
 0.114883
 0.115155
 0.115402
 0.115485
 0.115448
 0.115384
 0.115347
 0.115346
 0.115359
 0.115371
 0.115375
 0.115373
 0.115369
 0.115368
 0.115368
 0.115368
 0.115369
 0.115369
 0.115369
 0.115369
 0.115369
 0.115369
 0.115369
 0.115369
 0.115369
 0.115369
 0.115369
 0.115369
 0.115369
 0.115369
 0.115369
 0.115369
 0.115369
 0.115369
 0.115369
 0.115369
 0.115369
 0.115369
 0.115369
 0.115369
 0.115369
 0.115369
 0.115369
 0.115369
 0.115369
 0.115369
 0.115369
 0.115369
 0.115369
 0.115369
 0.115369
 0.115369
 0.115369
 0.115369
 0.115369
 0.115369
 0.115369
 0.115369
 0.115369
 0.115369
 0.115369
 0.115369
 0.115369
 0.115369
 0.115369
 0.115369
 0.115369
 0.115369
 0.115369
 0.115369
 0.115369
 0.115369
 0.115369
 0.115369
 0.115369
 0.115369
 0.115369
 0.115369
 0.115369
 0.115369
 0.115369
 0.115369
 0.115369
 0.115369
 0.115369
 0.115369
 0.115369
