9.87388
9.83091
 9.8173
9.81313
9.81186
9.81148
9.81137
9.81133
9.81132
9.81132
9.81132
9.81132
9.81132
9.81132
9.81132
9.81132
9.81132
9.81132
9.81132
9.81132
9.81132
9.81132
9.81132
9.81132
9.81132
9.81132
9.81132
9.81132
9.81132
9.81132
9.81132
9.81132
9.81132
9.81132
9.81132
9.81132
9.81132
9.81132
9.81132
9.81132
9.81132
9.81132
9.81132
9.81132
9.81132
9.81132
9.81132
9.81132
9.81132
9.81132
9.81132
9.81132
9.81132
9.81132
9.81132
9.81132
9.81132
9.81132
9.81132
9.81132
9.81132
9.81132
9.81132
9.81132
9.81132
9.81132
9.81132
9.81132
9.81132
9.81132
9.81132
9.81132
9.81132
9.81132
9.81132
9.81132
9.81132
9.81132
9.81132
9.81132
9.81132
9.81132
9.81132
9.81132
9.81132
9.81132
9.81132
9.81132
9.81132
9.81132
9.81132
9.81132
9.81132
9.81132
9.81132
9.81132
9.81132
9.81132
9.81132
9.81132
