 21.981
25.8412
27.0306
27.3915
27.5005
27.5334
27.5433
27.5463
27.5472
27.5474
27.5475
27.5475
27.5475
27.5475
27.5475
27.5475
27.5475
27.5475
27.5475
27.5475
27.5475
27.5475
27.5475
27.5475
27.5475
27.5475
27.5475
27.5475
27.5475
27.5475
27.5475
27.5475
27.5475
27.5475
27.5475
27.5475
27.5475
27.5475
27.5475
27.5475
27.5475
27.5475
27.5475
27.5475
27.5475
27.5475
27.5475
27.5475
27.5475
27.5475
27.5475
27.5475
27.5475
27.5475
27.5475
27.5475
27.5475
27.5475
27.5475
27.5475
27.5475
27.5475
27.5475
27.5475
27.5475
27.5475
27.5475
27.5475
27.5475
27.5475
27.5475
27.5475
27.5475
27.5475
27.5475
27.5475
27.5475
27.5475
27.5475
27.5475
27.5475
27.5475
27.5475
27.5475
27.5475
27.5475
27.5475
27.5475
27.5475
27.5475
27.5475
27.5475
27.5475
27.5475
27.5475
27.5475
27.5475
27.5475
27.5475
27.5475
