0.974775
0.966181
0.963461
0.962626
0.962373
0.962297
0.962274
0.962267
0.962265
0.962264
0.962264
0.962264
0.962264
0.962264
0.962264
0.962264
0.962264
0.962264
0.962264
0.962264
0.962264
0.962264
0.962264
0.962264
0.962264
0.962264
0.962264
0.962264
0.962264
0.962264
0.962264
0.962264
0.962264
0.962264
0.962264
0.962264
0.962264
0.962264
0.962264
0.962264
0.962264
0.962264
0.962264
0.962264
0.962264
0.962264
0.962264
0.962264
0.962264
0.962264
0.962264
0.962264
0.962264
0.962264
0.962264
0.962264
0.962264
0.962264
0.962264
0.962264
0.962264
0.962264
0.962264
0.962264
0.962264
0.962264
0.962264
0.962264
0.962264
0.962264
0.962264
0.962264
0.962264
0.962264
0.962264
0.962264
0.962264
0.962264
0.962264
0.962264
0.962264
0.962264
0.962264
0.962264
0.962264
0.962264
0.962264
0.962264
0.962264
0.962264
0.962264
0.962264
0.962264
0.962264
0.962264
0.962264
0.962264
0.962264
0.962264
0.962264
