0.0122294
0.0161721
0.0173872
 0.017756
0.0178673
0.0179009
 0.017911
0.0179141
 0.017915
0.0179153
0.0179153
0.0179154
0.0179154
0.0179154
0.0179154
0.0179154
0.0179154
0.0179154
0.0179154
0.0179154
0.0179154
0.0179154
0.0179154
0.0179154
0.0179154
0.0179154
0.0179154
0.0179154
0.0179154
0.0179154
0.0179154
0.0179154
0.0179154
0.0179154
0.0179154
0.0179154
0.0179154
0.0179154
0.0179154
0.0179154
0.0179154
0.0179154
0.0179154
0.0179154
0.0179154
0.0179154
0.0179154
0.0179154
0.0179154
0.0179154
0.0179154
0.0179154
0.0179154
0.0179154
0.0179154
0.0179154
0.0179154
0.0179154
0.0179154
0.0179154
0.0179154
0.0179154
0.0179154
0.0179154
0.0179154
0.0179154
0.0179154
0.0179154
0.0179154
0.0179154
0.0179154
0.0179154
0.0179154
0.0179154
0.0179154
0.0179154
0.0179154
0.0179154
0.0179154
0.0179154
0.0179154
0.0179154
0.0179154
0.0179154
0.0179154
0.0179154
0.0179154
0.0179154
0.0179154
0.0179154
0.0179154
0.0179154
0.0179154
0.0179154
0.0179154
0.0179154
0.0179154
0.0179154
0.0179154
0.0179154
