42.5385
105.918
162.285
159.563
  133.3
118.444
 116.27
120.026
124.003
125.637
125.298
124.395
123.833
123.752
123.909
124.064
124.122
124.106
 124.07
124.049
124.047
124.053
124.059
124.061
124.061
124.059
124.058
124.058
124.059
124.059
124.059
124.059
124.059
124.059
124.059
124.059
124.059
124.059
124.059
124.059
124.059
124.059
124.059
124.059
124.059
124.059
124.059
124.059
124.059
124.059
124.059
124.059
124.059
124.059
124.059
124.059
124.059
124.059
124.059
124.059
124.059
124.059
124.059
124.059
124.059
124.059
124.059
124.059
124.059
124.059
124.059
124.059
124.059
124.059
124.059
124.059
124.059
124.059
124.059
124.059
124.059
124.059
124.059
124.059
124.059
124.059
124.059
124.059
124.059
124.059
124.059
124.059
124.059
124.059
124.059
124.059
124.059
124.059
124.059
124.059
