9.64883
8.82328
7.59755
6.76905
6.69701
6.94477
7.14522
7.20623
7.17524
7.12586
7.09959
7.09879
7.10846
7.11626
 7.1185
7.11717
7.11525
7.11429
7.11429
7.11468
7.11498
7.11505
  7.115
7.11492
7.11489
7.11489
 7.1149
7.11492
7.11492
7.11492
7.11491
7.11491
7.11491
7.11491
7.11491
7.11491
7.11491
7.11491
7.11491
7.11491
7.11491
7.11491
7.11491
7.11491
7.11491
7.11491
7.11491
7.11491
7.11491
7.11491
7.11491
7.11491
7.11491
7.11491
7.11491
7.11491
7.11491
7.11491
7.11491
7.11491
7.11491
7.11491
7.11491
7.11491
7.11491
7.11491
7.11491
7.11491
7.11491
7.11491
7.11491
7.11491
7.11491
7.11491
7.11491
7.11491
7.11491
7.11491
7.11491
7.11491
7.11491
7.11491
7.11491
7.11491
7.11491
7.11491
7.11491
7.11491
7.11491
7.11491
7.11491
7.11491
7.11491
7.11491
7.11491
7.11491
7.11491
7.11491
7.11491
7.11491
