0.929767
0.764657
 0.51951
0.353811
0.339402
0.388954
0.429043
0.441245
0.435049
0.425172
0.419919
0.419757
0.421692
0.423251
0.423699
0.423433
 0.42305
0.422857
0.422859
0.422936
0.422995
0.423011
0.422999
0.422985
0.422977
0.422978
0.422981
0.422983
0.422984
0.422983
0.422983
0.422982
0.422982
0.422982
0.422983
0.422983
0.422983
0.422983
0.422983
0.422983
0.422983
0.422983
0.422983
0.422983
0.422983
0.422983
0.422983
0.422983
0.422983
0.422983
0.422983
0.422983
0.422983
0.422983
0.422983
0.422983
0.422983
0.422983
0.422983
0.422983
0.422983
0.422983
0.422983
0.422983
0.422983
0.422983
0.422983
0.422983
0.422983
0.422983
0.422983
0.422983
0.422983
0.422983
0.422983
0.422983
0.422983
0.422983
0.422983
0.422983
0.422983
0.422983
0.422983
0.422983
0.422983
0.422983
0.422983
0.422983
0.422983
0.422983
0.422983
0.422983
0.422983
0.422983
0.422983
0.422983
0.422983
0.422983
0.422983
0.422983
