0.0332219
0.0980755
  0.15625
 0.154337
 0.127882
 0.112626
 0.110228
  0.11396
 0.118008
 0.119708
 0.119393
 0.118481
 0.117904
 0.117813
  0.11797
 0.118128
 0.118188
 0.118173
 0.118137
 0.118116
 0.118113
 0.118119
 0.118125
 0.118128
 0.118127
 0.118126
 0.118125
 0.118125
 0.118125
 0.118125
 0.118125
 0.118125
 0.118125
 0.118125
 0.118125
 0.118125
 0.118125
 0.118125
 0.118125
 0.118125
 0.118125
 0.118125
 0.118125
 0.118125
 0.118125
 0.118125
 0.118125
 0.118125
 0.118125
 0.118125
 0.118125
 0.118125
 0.118125
 0.118125
 0.118125
 0.118125
 0.118125
 0.118125
 0.118125
 0.118125
 0.118125
 0.118125
 0.118125
 0.118125
 0.118125
 0.118125
 0.118125
 0.118125
 0.118125
 0.118125
 0.118125
 0.118125
 0.118125
 0.118125
 0.118125
 0.118125
 0.118125
 0.118125
 0.118125
 0.118125
 0.118125
 0.118125
 0.118125
 0.118125
 0.118125
 0.118125
 0.118125
 0.118125
 0.118125
 0.118125
 0.118125
 0.118125
 0.118125
 0.118125
 0.118125
 0.118125
 0.118125
 0.118125
 0.118125
 0.118125
