9.74007
9.36357
8.93924
8.59404
8.40252
8.33743
 8.3332
8.34432
8.35307
8.35685
8.35764
8.35738
8.35702
8.35682
8.35676
8.35676
8.35677
8.35678
8.35678
8.35678
8.35678
8.35678
8.35678
8.35678
8.35678
8.35678
8.35678
8.35678
8.35678
8.35678
8.35678
8.35678
8.35678
8.35678
8.35678
8.35678
8.35678
8.35678
8.35678
8.35678
8.35678
8.35678
8.35678
8.35678
8.35678
8.35678
8.35678
8.35678
8.35678
8.35678
8.35678
8.35678
8.35678
8.35678
8.35678
8.35678
8.35678
8.35678
8.35678
8.35678
8.35678
8.35678
8.35678
8.35678
8.35678
8.35678
8.35678
8.35678
8.35678
8.35678
8.35678
8.35678
8.35678
8.35678
8.35678
8.35678
8.35678
8.35678
8.35678
8.35678
8.35678
8.35678
8.35678
8.35678
8.35678
8.35678
8.35678
8.35678
8.35678
8.35678
8.35678
8.35678
8.35678
8.35678
8.35678
8.35678
8.35678
8.35678
8.35678
8.35678
