34.2959
  65.52
94.5317
111.986
117.711
117.603
116.258
 115.34
114.981
114.926
114.964
115.003
115.023
115.028
115.028
115.026
115.025
115.025
115.025
115.025
115.025
115.025
115.025
115.025
115.025
115.025
115.025
115.025
115.025
115.025
115.025
115.025
115.025
115.025
115.025
115.025
115.025
115.025
115.025
115.025
115.025
115.025
115.025
115.025
115.025
115.025
115.025
115.025
115.025
115.025
115.025
115.025
115.025
115.025
115.025
115.025
115.025
115.025
115.025
115.025
115.025
115.025
115.025
115.025
115.025
115.025
115.025
115.025
115.025
115.025
115.025
115.025
115.025
115.025
115.025
115.025
115.025
115.025
115.025
115.025
115.025
115.025
115.025
115.025
115.025
115.025
115.025
115.025
115.025
115.025
115.025
115.025
115.025
115.025
115.025
115.025
115.025
115.025
115.025
115.025
