0.948013
0.872713
0.787847
0.718807
0.680504
0.667486
 0.66664
0.668864
0.670613
0.671371
0.671528
0.671476
0.671404
0.671364
0.671352
0.671352
0.671354
0.671356
0.671357
0.671357
0.671357
0.671357
0.671357
0.671357
0.671357
0.671357
0.671357
0.671357
0.671357
0.671357
0.671357
0.671357
0.671357
0.671357
0.671357
0.671357
0.671357
0.671357
0.671357
0.671357
0.671357
0.671357
0.671357
0.671357
0.671357
0.671357
0.671357
0.671357
0.671357
0.671357
0.671357
0.671357
0.671357
0.671357
0.671357
0.671357
0.671357
0.671357
0.671357
0.671357
0.671357
0.671357
0.671357
0.671357
0.671357
0.671357
0.671357
0.671357
0.671357
0.671357
0.671357
0.671357
0.671357
0.671357
0.671357
0.671357
0.671357
0.671357
0.671357
0.671357
0.671357
0.671357
0.671357
0.671357
0.671357
0.671357
0.671357
0.671357
0.671357
0.671357
0.671357
0.671357
0.671357
0.671357
0.671357
0.671357
0.671357
0.671357
0.671357
0.671357
