0.0248038
0.0567237
0.0864571
 0.104436
 0.110412
 0.110369
 0.109015
 0.108076
 0.107705
 0.107645
 0.107683
 0.107723
 0.107743
 0.107749
 0.107749
 0.107747
 0.107746
 0.107746
 0.107746
 0.107746
 0.107746
 0.107746
 0.107746
 0.107746
 0.107746
 0.107746
 0.107746
 0.107746
 0.107746
 0.107746
 0.107746
 0.107746
 0.107746
 0.107746
 0.107746
 0.107746
 0.107746
 0.107746
 0.107746
 0.107746
 0.107746
 0.107746
 0.107746
 0.107746
 0.107746
 0.107746
 0.107746
 0.107746
 0.107746
 0.107746
 0.107746
 0.107746
 0.107746
 0.107746
 0.107746
 0.107746
 0.107746
 0.107746
 0.107746
 0.107746
 0.107746
 0.107746
 0.107746
 0.107746
 0.107746
 0.107746
 0.107746
 0.107746
 0.107746
 0.107746
 0.107746
 0.107746
 0.107746
 0.107746
 0.107746
 0.107746
 0.107746
 0.107746
 0.107746
 0.107746
 0.107746
 0.107746
 0.107746
 0.107746
 0.107746
 0.107746
 0.107746
 0.107746
 0.107746
 0.107746
 0.107746
 0.107746
 0.107746
 0.107746
 0.107746
 0.107746
 0.107746
 0.107746
 0.107746
 0.107746
