9.86508
9.81138
9.79166
9.78469
9.78227
9.78143
9.78114
9.78104
9.78101
9.78099
9.78099
9.78099
9.78099
9.78099
9.78099
9.78099
9.78099
9.78099
9.78099
9.78099
9.78099
9.78099
9.78099
9.78099
9.78099
9.78099
9.78099
9.78099
9.78099
9.78099
9.78099
9.78099
9.78099
9.78099
9.78099
9.78099
9.78099
9.78099
9.78099
9.78099
9.78099
9.78099
9.78099
9.78099
9.78099
9.78099
9.78099
9.78099
9.78099
9.78099
9.78099
9.78099
9.78099
9.78099
9.78099
9.78099
9.78099
9.78099
9.78099
9.78099
9.78099
9.78099
9.78099
9.78099
9.78099
9.78099
9.78099
9.78099
9.78099
9.78099
9.78099
9.78099
9.78099
9.78099
9.78099
9.78099
9.78099
9.78099
9.78099
9.78099
9.78099
9.78099
9.78099
9.78099
9.78099
9.78099
9.78099
9.78099
9.78099
9.78099
9.78099
9.78099
9.78099
9.78099
9.78099
9.78099
9.78099
9.78099
9.78099
9.78099
