22.8002
27.6039
29.3135
29.9093
30.1153
30.1863
30.2108
30.2192
30.2221
30.2231
30.2235
30.2236
30.2237
30.2237
30.2237
30.2237
30.2237
30.2237
30.2237
30.2237
30.2237
30.2237
30.2237
30.2237
30.2237
30.2237
30.2237
30.2237
30.2237
30.2237
30.2237
30.2237
30.2237
30.2237
30.2237
30.2237
30.2237
30.2237
30.2237
30.2237
30.2237
30.2237
30.2237
30.2237
30.2237
30.2237
30.2237
30.2237
30.2237
30.2237
30.2237
30.2237
30.2237
30.2237
30.2237
30.2237
30.2237
30.2237
30.2237
30.2237
30.2237
30.2237
30.2237
30.2237
30.2237
30.2237
30.2237
30.2237
30.2237
30.2237
30.2237
30.2237
30.2237
30.2237
30.2237
30.2237
30.2237
30.2237
30.2237
30.2237
30.2237
30.2237
30.2237
30.2237
30.2237
30.2237
30.2237
30.2237
30.2237
30.2237
30.2237
30.2237
30.2237
30.2237
30.2237
30.2237
30.2237
30.2237
30.2237
30.2237
