0.973015
0.962277
0.958333
0.956938
0.956453
0.956286
0.956228
0.956208
0.956201
0.956199
0.956198
0.956198
0.956198
0.956198
0.956198
0.956198
0.956198
0.956198
0.956198
0.956198
0.956198
0.956198
0.956198
0.956198
0.956198
0.956198
0.956198
0.956198
0.956198
0.956198
0.956198
0.956198
0.956198
0.956198
0.956198
0.956198
0.956198
0.956198
0.956198
0.956198
0.956198
0.956198
0.956198
0.956198
0.956198
0.956198
0.956198
0.956198
0.956198
0.956198
0.956198
0.956198
0.956198
0.956198
0.956198
0.956198
0.956198
0.956198
0.956198
0.956198
0.956198
0.956198
0.956198
0.956198
0.956198
0.956198
0.956198
0.956198
0.956198
0.956198
0.956198
0.956198
0.956198
0.956198
0.956198
0.956198
0.956198
0.956198
0.956198
0.956198
0.956198
0.956198
0.956198
0.956198
0.956198
0.956198
0.956198
0.956198
0.956198
0.956198
0.956198
0.956198
0.956198
0.956198
0.956198
0.956198
0.956198
0.956198
0.956198
0.956198
