0.0130658
0.0179723
 0.019719
0.0203279
0.0205384
 0.020611
 0.020636
0.0206447
0.0206476
0.0206486
 0.020649
0.0206491
0.0206492
0.0206492
0.0206492
0.0206492
0.0206492
0.0206492
0.0206492
0.0206492
0.0206492
0.0206492
0.0206492
0.0206492
0.0206492
0.0206492
0.0206492
0.0206492
0.0206492
0.0206492
0.0206492
0.0206492
0.0206492
0.0206492
0.0206492
0.0206492
0.0206492
0.0206492
0.0206492
0.0206492
0.0206492
0.0206492
0.0206492
0.0206492
0.0206492
0.0206492
0.0206492
0.0206492
0.0206492
0.0206492
0.0206492
0.0206492
0.0206492
0.0206492
0.0206492
0.0206492
0.0206492
0.0206492
0.0206492
0.0206492
0.0206492
0.0206492
0.0206492
0.0206492
0.0206492
0.0206492
0.0206492
0.0206492
0.0206492
0.0206492
0.0206492
0.0206492
0.0206492
0.0206492
0.0206492
0.0206492
0.0206492
0.0206492
0.0206492
0.0206492
0.0206492
0.0206492
0.0206492
0.0206492
0.0206492
0.0206492
0.0206492
0.0206492
0.0206492
0.0206492
0.0206492
0.0206492
0.0206492
0.0206492
0.0206492
0.0206492
0.0206492
0.0206492
0.0206492
0.0206492
