 9.7612
9.46286
9.16129
8.92319
8.77825
8.71044
8.68696
8.68223
8.68306
8.68451
 8.6854
8.68578
8.68589
 8.6859
8.68589
8.68588
8.68588
8.68588
8.68588
8.68588
8.68588
8.68588
8.68588
8.68588
8.68588
8.68588
8.68588
8.68588
8.68588
8.68588
8.68588
8.68588
8.68588
8.68588
8.68588
8.68588
8.68588
8.68588
8.68588
8.68588
8.68588
8.68588
8.68588
8.68588
8.68588
8.68588
8.68588
8.68588
8.68588
8.68588
8.68588
8.68588
8.68588
8.68588
8.68588
8.68588
8.68588
8.68588
8.68588
8.68588
8.68588
8.68588
8.68588
8.68588
8.68588
8.68588
8.68588
8.68588
8.68588
8.68588
8.68588
8.68588
8.68588
8.68588
8.68588
8.68588
8.68588
8.68588
8.68588
8.68588
8.68588
8.68588
8.68588
8.68588
8.68588
8.68588
8.68588
8.68588
8.68588
8.68588
8.68588
8.68588
8.68588
8.68588
8.68588
8.68588
8.68588
8.68588
8.68588
8.68588
