32.3694
57.4909
79.3746
93.5917
100.355
102.603
102.965
102.817
102.645
102.548
102.509
102.499
102.498
  102.5
102.501
102.501
102.502
102.502
102.502
102.502
102.502
102.502
102.502
102.502
102.502
102.502
102.502
102.502
102.502
102.502
102.502
102.502
102.502
102.502
102.502
102.502
102.502
102.502
102.502
102.502
102.502
102.502
102.502
102.502
102.502
102.502
102.502
102.502
102.502
102.502
102.502
102.502
102.502
102.502
102.502
102.502
102.502
102.502
102.502
102.502
102.502
102.502
102.502
102.502
102.502
102.502
102.502
102.502
102.502
102.502
102.502
102.502
102.502
102.502
102.502
102.502
102.502
102.502
102.502
102.502
102.502
102.502
102.502
102.502
102.502
102.502
102.502
102.502
102.502
102.502
102.502
102.502
102.502
102.502
102.502
102.502
102.502
102.502
102.502
102.502
