0.952241
0.892572
0.832257
0.784637
 0.75565
0.742089
0.737391
0.736446
0.736612
0.736901
0.737079
0.737156
0.737178
0.737181
0.737179
0.737177
0.737176
0.737175
0.737175
0.737175
0.737175
0.737175
0.737175
0.737175
0.737175
0.737175
0.737175
0.737175
0.737175
0.737175
0.737175
0.737175
0.737175
0.737175
0.737175
0.737175
0.737175
0.737175
0.737175
0.737175
0.737175
0.737175
0.737175
0.737175
0.737175
0.737175
0.737175
0.737175
0.737175
0.737175
0.737175
0.737175
0.737175
0.737175
0.737175
0.737175
0.737175
0.737175
0.737175
0.737175
0.737175
0.737175
0.737175
0.737175
0.737175
0.737175
0.737175
0.737175
0.737175
0.737175
0.737175
0.737175
0.737175
0.737175
0.737175
0.737175
0.737175
0.737175
0.737175
0.737175
0.737175
0.737175
0.737175
0.737175
0.737175
0.737175
0.737175
0.737175
0.737175
0.737175
0.737175
0.737175
0.737175
0.737175
0.737175
0.737175
0.737175
0.737175
0.737175
0.737175
