0.0228366
0.0485132
0.0709225
0.0855237
0.0925022
0.0948408
0.0952307
0.0950854
0.0949109
0.0948116
0.0947716
0.0947607
  0.09476
0.0947615
0.0947626
0.0947632
0.0947634
0.0947635
0.0947635
0.0947635
0.0947635
0.0947635
0.0947635
0.0947635
0.0947635
0.0947635
0.0947635
0.0947635
0.0947635
0.0947635
0.0947635
0.0947635
0.0947635
0.0947635
0.0947635
0.0947635
0.0947635
0.0947635
0.0947635
0.0947635
0.0947635
0.0947635
0.0947635
0.0947635
0.0947635
0.0947635
0.0947635
0.0947635
0.0947635
0.0947635
0.0947635
0.0947635
0.0947635
0.0947635
0.0947635
0.0947635
0.0947635
0.0947635
0.0947635
0.0947635
0.0947635
0.0947635
0.0947635
0.0947635
0.0947635
0.0947635
0.0947635
0.0947635
0.0947635
0.0947635
0.0947635
0.0947635
0.0947635
0.0947635
0.0947635
0.0947635
0.0947635
0.0947635
0.0947635
0.0947635
0.0947635
0.0947635
0.0947635
0.0947635
0.0947635
0.0947635
0.0947635
0.0947635
0.0947635
0.0947635
0.0947635
0.0947635
0.0947635
0.0947635
0.0947635
0.0947635
0.0947635
0.0947635
0.0947635
0.0947635
