9.88091
 9.8455
9.83567
9.83301
 9.8323
9.83211
9.83206
9.83205
9.83205
9.83204
9.83204
9.83204
9.83204
9.83204
9.83204
9.83204
9.83204
9.83204
9.83204
9.83204
9.83204
9.83204
9.83204
9.83204
9.83204
9.83204
9.83204
9.83204
9.83204
9.83204
9.83204
9.83204
9.83204
9.83204
9.83204
9.83204
9.83204
9.83204
9.83204
9.83204
9.83204
9.83204
9.83204
9.83204
9.83204
9.83204
9.83204
9.83204
9.83204
9.83204
9.83204
9.83204
9.83204
9.83204
9.83204
9.83204
9.83204
9.83204
9.83204
9.83204
9.83204
9.83204
9.83204
9.83204
9.83204
9.83204
9.83204
9.83204
9.83204
9.83204
9.83204
9.83204
9.83204
9.83204
9.83204
9.83204
9.83204
9.83204
9.83204
9.83204
9.83204
9.83204
9.83204
9.83204
9.83204
9.83204
9.83204
9.83204
9.83204
9.83204
9.83204
9.83204
9.83204
9.83204
9.83204
9.83204
9.83204
9.83204
9.83204
9.83204
