21.3251
24.5161
25.3811
25.6128
25.6747
25.6912
25.6956
25.6968
25.6971
25.6972
25.6972
25.6972
25.6972
25.6972
25.6972
25.6972
25.6972
25.6972
25.6972
25.6972
25.6972
25.6972
25.6972
25.6972
25.6972
25.6972
25.6972
25.6972
25.6972
25.6972
25.6972
25.6972
25.6972
25.6972
25.6972
25.6972
25.6972
25.6972
25.6972
25.6972
25.6972
25.6972
25.6972
25.6972
25.6972
25.6972
25.6972
25.6972
25.6972
25.6972
25.6972
25.6972
25.6972
25.6972
25.6972
25.6972
25.6972
25.6972
25.6972
25.6972
25.6972
25.6972
25.6972
25.6972
25.6972
25.6972
25.6972
25.6972
25.6972
25.6972
25.6972
25.6972
25.6972
25.6972
25.6972
25.6972
25.6972
25.6972
25.6972
25.6972
25.6972
25.6972
25.6972
25.6972
25.6972
25.6972
25.6972
25.6972
25.6972
25.6972
25.6972
25.6972
25.6972
25.6972
25.6972
25.6972
25.6972
25.6972
25.6972
25.6972
