0.976182
  0.9691
0.967134
0.966603
0.966461
0.966423
0.966413
 0.96641
0.966409
0.966409
0.966409
0.966409
0.966409
0.966409
0.966409
0.966409
0.966409
0.966409
0.966409
0.966409
0.966409
0.966409
0.966409
0.966409
0.966409
0.966409
0.966409
0.966409
0.966409
0.966409
0.966409
0.966409
0.966409
0.966409
0.966409
0.966409
0.966409
0.966409
0.966409
0.966409
0.966409
0.966409
0.966409
0.966409
0.966409
0.966409
0.966409
0.966409
0.966409
0.966409
0.966409
0.966409
0.966409
0.966409
0.966409
0.966409
0.966409
0.966409
0.966409
0.966409
0.966409
0.966409
0.966409
0.966409
0.966409
0.966409
0.966409
0.966409
0.966409
0.966409
0.966409
0.966409
0.966409
0.966409
0.966409
0.966409
0.966409
0.966409
0.966409
0.966409
0.966409
0.966409
0.966409
0.966409
0.966409
0.966409
0.966409
0.966409
0.966409
0.966409
0.966409
0.966409
0.966409
0.966409
0.966409
0.966409
0.966409
0.966409
0.966409
0.966409
