0.0115598
0.0148188
0.0157024
0.0159392
0.0160024
0.0160193
0.0160238
 0.016025
0.0160253
0.0160254
0.0160254
0.0160254
0.0160254
0.0160254
0.0160254
0.0160254
0.0160254
0.0160254
0.0160254
0.0160254
0.0160254
0.0160254
0.0160254
0.0160254
0.0160254
0.0160254
0.0160254
0.0160254
0.0160254
0.0160254
0.0160254
0.0160254
0.0160254
0.0160254
0.0160254
0.0160254
0.0160254
0.0160254
0.0160254
0.0160254
0.0160254
0.0160254
0.0160254
0.0160254
0.0160254
0.0160254
0.0160254
0.0160254
0.0160254
0.0160254
0.0160254
0.0160254
0.0160254
0.0160254
0.0160254
0.0160254
0.0160254
0.0160254
0.0160254
0.0160254
0.0160254
0.0160254
0.0160254
0.0160254
0.0160254
0.0160254
0.0160254
0.0160254
0.0160254
0.0160254
0.0160254
0.0160254
0.0160254
0.0160254
0.0160254
0.0160254
0.0160254
0.0160254
0.0160254
0.0160254
0.0160254
0.0160254
0.0160254
0.0160254
0.0160254
0.0160254
0.0160254
0.0160254
0.0160254
0.0160254
0.0160254
0.0160254
0.0160254
0.0160254
0.0160254
0.0160254
0.0160254
0.0160254
0.0160254
0.0160254
