9.89808
9.87757
9.87368
9.87295
9.87282
9.87279
9.87279
9.87279
9.87279
9.87279
9.87279
9.87279
9.87279
9.87279
9.87279
9.87279
9.87279
9.87279
9.87279
9.87279
9.87279
9.87279
9.87279
9.87279
9.87279
9.87279
9.87279
9.87279
9.87279
9.87279
9.87279
9.87279
9.87279
9.87279
9.87279
9.87279
9.87279
9.87279
9.87279
9.87279
9.87279
9.87279
9.87279
9.87279
9.87279
9.87279
9.87279
9.87279
9.87279
9.87279
9.87279
9.87279
9.87279
9.87279
9.87279
9.87279
9.87279
9.87279
9.87279
9.87279
9.87279
9.87279
9.87279
9.87279
9.87279
9.87279
9.87279
9.87279
9.87279
9.87279
9.87279
9.87279
9.87279
9.87279
9.87279
9.87279
9.87279
9.87279
9.87279
9.87279
9.87279
9.87279
9.87279
9.87279
9.87279
9.87279
9.87279
9.87279
9.87279
9.87279
9.87279
9.87279
9.87279
9.87279
9.87279
9.87279
9.87279
9.87279
9.87279
9.87279
