19.7192
21.5815
21.9289
21.9934
22.0053
22.0075
 22.008
 22.008
 22.008
 22.008
 22.008
 22.008
 22.008
 22.008
 22.008
 22.008
 22.008
 22.008
 22.008
 22.008
 22.008
 22.008
 22.008
 22.008
 22.008
 22.008
 22.008
 22.008
 22.008
 22.008
 22.008
 22.008
 22.008
 22.008
 22.008
 22.008
 22.008
 22.008
 22.008
 22.008
 22.008
 22.008
 22.008
 22.008
 22.008
 22.008
 22.008
 22.008
 22.008
 22.008
 22.008
 22.008
 22.008
 22.008
 22.008
 22.008
 22.008
 22.008
 22.008
 22.008
 22.008
 22.008
 22.008
 22.008
 22.008
 22.008
 22.008
 22.008
 22.008
 22.008
 22.008
 22.008
 22.008
 22.008
 22.008
 22.008
 22.008
 22.008
 22.008
 22.008
 22.008
 22.008
 22.008
 22.008
 22.008
 22.008
 22.008
 22.008
 22.008
 22.008
 22.008
 22.008
 22.008
 22.008
 22.008
 22.008
 22.008
 22.008
 22.008
 22.008
