0.979616
0.975515
0.974736
 0.97459
0.974563
0.974558
0.974557
0.974557
0.974557
0.974557
0.974557
0.974557
0.974557
0.974557
0.974557
0.974557
0.974557
0.974557
0.974557
0.974557
0.974557
0.974557
0.974557
0.974557
0.974557
0.974557
0.974557
0.974557
0.974557
0.974557
0.974557
0.974557
0.974557
0.974557
0.974557
0.974557
0.974557
0.974557
0.974557
0.974557
0.974557
0.974557
0.974557
0.974557
0.974557
0.974557
0.974557
0.974557
0.974557
0.974557
0.974557
0.974557
0.974557
0.974557
0.974557
0.974557
0.974557
0.974557
0.974557
0.974557
0.974557
0.974557
0.974557
0.974557
0.974557
0.974557
0.974557
0.974557
0.974557
0.974557
0.974557
0.974557
0.974557
0.974557
0.974557
0.974557
0.974557
0.974557
0.974557
0.974557
0.974557
0.974557
0.974557
0.974557
0.974557
0.974557
0.974557
0.974557
0.974557
0.974557
0.974557
0.974557
0.974557
0.974557
0.974557
0.974557
0.974557
0.974557
0.974557
0.974557
