0.00992031
 0.0118221
  0.012177
 0.0122429
 0.0122551
 0.0122573
 0.0122577
 0.0122578
 0.0122578
 0.0122578
 0.0122578
 0.0122578
 0.0122578
 0.0122578
 0.0122578
 0.0122578
 0.0122578
 0.0122578
 0.0122578
 0.0122578
 0.0122578
 0.0122578
 0.0122578
 0.0122578
 0.0122578
 0.0122578
 0.0122578
 0.0122578
 0.0122578
 0.0122578
 0.0122578
 0.0122578
 0.0122578
 0.0122578
 0.0122578
 0.0122578
 0.0122578
 0.0122578
 0.0122578
 0.0122578
 0.0122578
 0.0122578
 0.0122578
 0.0122578
 0.0122578
 0.0122578
 0.0122578
 0.0122578
 0.0122578
 0.0122578
 0.0122578
 0.0122578
 0.0122578
 0.0122578
 0.0122578
 0.0122578
 0.0122578
 0.0122578
 0.0122578
 0.0122578
 0.0122578
 0.0122578
 0.0122578
 0.0122578
 0.0122578
 0.0122578
 0.0122578
 0.0122578
 0.0122578
 0.0122578
 0.0122578
 0.0122578
 0.0122578
 0.0122578
 0.0122578
 0.0122578
 0.0122578
 0.0122578
 0.0122578
 0.0122578
 0.0122578
 0.0122578
 0.0122578
 0.0122578
 0.0122578
 0.0122578
 0.0122578
 0.0122578
 0.0122578
 0.0122578
 0.0122578
 0.0122578
 0.0122578
 0.0122578
 0.0122578
 0.0122578
 0.0122578
 0.0122578
 0.0122578
 0.0122578
