29.0704
45.2513
56.9564
64.3254
68.4874
70.6628
71.7423
72.2605
72.5042
72.6174
72.6695
72.6935
72.7044
72.7094
72.7117
72.7128
72.7132
72.7135
72.7136
72.7136
72.7136
72.7136
72.7136
72.7136
72.7136
72.7136
72.7136
72.7136
72.7136
72.7136
72.7136
72.7136
72.7136
72.7136
72.7136
72.7136
72.7136
72.7136
72.7136
72.7136
72.7136
72.7136
72.7136
72.7136
72.7136
72.7136
72.7136
72.7136
72.7136
72.7136
72.7136
72.7136
72.7136
72.7136
72.7136
72.7136
72.7136
72.7136
72.7136
72.7136
72.7136
72.7136
72.7136
72.7136
72.7136
72.7136
72.7136
72.7136
72.7136
72.7136
72.7136
72.7136
72.7136
72.7136
72.7136
72.7136
72.7136
72.7136
72.7136
72.7136
72.7136
72.7136
72.7136
72.7136
72.7136
72.7136
72.7136
72.7136
72.7136
72.7136
72.7136
72.7136
72.7136
72.7136
72.7136
72.7136
72.7136
72.7136
72.7136
72.7136
