9.79723
9.60955
9.46076
9.35849
9.29611
9.26145
9.24344
9.23451
9.23021
9.22819
9.22725
9.22682
9.22662
9.22653
9.22649
9.22647
9.22646
9.22645
9.22645
9.22645
9.22645
9.22645
9.22645
9.22645
9.22645
9.22645
9.22645
9.22645
9.22645
9.22645
9.22645
9.22645
9.22645
9.22645
9.22645
9.22645
9.22645
9.22645
9.22645
9.22645
9.22645
9.22645
9.22645
9.22645
9.22645
9.22645
9.22645
9.22645
9.22645
9.22645
9.22645
9.22645
9.22645
9.22645
9.22645
9.22645
9.22645
9.22645
9.22645
9.22645
9.22645
9.22645
9.22645
9.22645
9.22645
9.22645
9.22645
9.22645
9.22645
9.22645
9.22645
9.22645
9.22645
9.22645
9.22645
9.22645
9.22645
9.22645
9.22645
9.22645
9.22645
9.22645
9.22645
9.22645
9.22645
9.22645
9.22645
9.22645
9.22645
9.22645
9.22645
9.22645
9.22645
9.22645
9.22645
9.22645
9.22645
9.22645
9.22645
9.22645
