0.959446
 0.92191
0.892153
0.871697
0.859223
0.852289
0.848687
0.846901
0.846043
0.845638
 0.84545
0.845364
0.845324
0.845305
0.845297
0.845293
0.845292
0.845291
 0.84529
 0.84529
 0.84529
 0.84529
 0.84529
 0.84529
 0.84529
 0.84529
 0.84529
 0.84529
 0.84529
 0.84529
 0.84529
 0.84529
 0.84529
 0.84529
 0.84529
 0.84529
 0.84529
 0.84529
 0.84529
 0.84529
 0.84529
 0.84529
 0.84529
 0.84529
 0.84529
 0.84529
 0.84529
 0.84529
 0.84529
 0.84529
 0.84529
 0.84529
 0.84529
 0.84529
 0.84529
 0.84529
 0.84529
 0.84529
 0.84529
 0.84529
 0.84529
 0.84529
 0.84529
 0.84529
 0.84529
 0.84529
 0.84529
 0.84529
 0.84529
 0.84529
 0.84529
 0.84529
 0.84529
 0.84529
 0.84529
 0.84529
 0.84529
 0.84529
 0.84529
 0.84529
 0.84529
 0.84529
 0.84529
 0.84529
 0.84529
 0.84529
 0.84529
 0.84529
 0.84529
 0.84529
 0.84529
 0.84529
 0.84529
 0.84529
 0.84529
 0.84529
 0.84529
 0.84529
 0.84529
 0.84529
