0.0194679
0.0360017
0.0479754
0.0555222
0.0597892
0.0620216
0.0631301
0.0636626
0.0639131
0.0640295
0.0640831
0.0641077
 0.064119
0.0641241
0.0641265
0.0641276
0.0641281
0.0641283
0.0641284
0.0641284
0.0641285
0.0641285
0.0641285
0.0641285
0.0641285
0.0641285
0.0641285
0.0641285
0.0641285
0.0641285
0.0641285
0.0641285
0.0641285
0.0641285
0.0641285
0.0641285
0.0641285
0.0641285
0.0641285
0.0641285
0.0641285
0.0641285
0.0641285
0.0641285
0.0641285
0.0641285
0.0641285
0.0641285
0.0641285
0.0641285
0.0641285
0.0641285
0.0641285
0.0641285
0.0641285
0.0641285
0.0641285
0.0641285
0.0641285
0.0641285
0.0641285
0.0641285
0.0641285
0.0641285
0.0641285
0.0641285
0.0641285
0.0641285
0.0641285
0.0641285
0.0641285
0.0641285
0.0641285
0.0641285
0.0641285
0.0641285
0.0641285
0.0641285
0.0641285
0.0641285
0.0641285
0.0641285
0.0641285
0.0641285
0.0641285
0.0641285
0.0641285
0.0641285
0.0641285
0.0641285
0.0641285
0.0641285
0.0641285
0.0641285
0.0641285
0.0641285
0.0641285
0.0641285
0.0641285
0.0641285
