21.2357
24.3414
25.1678
25.3853
25.4423
25.4572
25.4612
25.4622
25.4625
25.4625
25.4625
25.4625
25.4625
25.4626
25.4626
25.4626
25.4626
25.4626
25.4626
25.4626
25.4626
25.4626
25.4626
25.4626
25.4626
25.4626
25.4626
25.4626
25.4626
25.4626
25.4626
25.4626
25.4626
25.4626
25.4626
25.4626
25.4626
25.4626
25.4626
25.4626
25.4626
25.4626
25.4626
25.4626
25.4626
25.4626
25.4626
25.4626
25.4626
25.4626
25.4626
25.4626
25.4626
25.4626
25.4626
25.4626
25.4626
25.4626
25.4626
25.4626
25.4626
25.4626
25.4626
25.4626
25.4626
25.4626
25.4626
25.4626
25.4626
25.4626
25.4626
25.4626
25.4626
25.4626
25.4626
25.4626
25.4626
25.4626
25.4626
25.4626
25.4626
25.4626
25.4626
25.4626
25.4626
25.4626
25.4626
25.4626
25.4626
25.4626
25.4626
25.4626
25.4626
25.4626
25.4626
25.4626
25.4626
25.4626
25.4626
25.4626
