9.88187
9.84742
9.83804
9.83555
9.83489
9.83472
9.83467
9.83466
9.83466
9.83466
9.83466
9.83466
9.83466
9.83466
9.83466
9.83466
9.83466
9.83466
9.83466
9.83466
9.83466
9.83466
9.83466
9.83466
9.83466
9.83466
9.83466
9.83466
9.83466
9.83466
9.83466
9.83466
9.83466
9.83466
9.83466
9.83466
9.83466
9.83466
9.83466
9.83466
9.83466
9.83466
9.83466
9.83466
9.83466
9.83466
9.83466
9.83466
9.83466
9.83466
9.83466
9.83466
9.83466
9.83466
9.83466
9.83466
9.83466
9.83466
9.83466
9.83466
9.83466
9.83466
9.83466
9.83466
9.83466
9.83466
9.83466
9.83466
9.83466
9.83466
9.83466
9.83466
9.83466
9.83466
9.83466
9.83466
9.83466
9.83466
9.83466
9.83466
9.83466
9.83466
9.83466
9.83466
9.83466
9.83466
9.83466
9.83466
9.83466
9.83466
9.83466
9.83466
9.83466
9.83466
9.83466
9.83466
9.83466
9.83466
9.83466
9.83466
