0.976373
0.969484
0.967607
0.967109
0.966978
0.966944
0.966935
0.966933
0.966932
0.966932
0.966932
0.966932
0.966932
0.966932
0.966932
0.966932
0.966932
0.966932
0.966932
0.966932
0.966932
0.966932
0.966932
0.966932
0.966932
0.966932
0.966932
0.966932
0.966932
0.966932
0.966932
0.966932
0.966932
0.966932
0.966932
0.966932
0.966932
0.966932
0.966932
0.966932
0.966932
0.966932
0.966932
0.966932
0.966932
0.966932
0.966932
0.966932
0.966932
0.966932
0.966932
0.966932
0.966932
0.966932
0.966932
0.966932
0.966932
0.966932
0.966932
0.966932
0.966932
0.966932
0.966932
0.966932
0.966932
0.966932
0.966932
0.966932
0.966932
0.966932
0.966932
0.966932
0.966932
0.966932
0.966932
0.966932
0.966932
0.966932
0.966932
0.966932
0.966932
0.966932
0.966932
0.966932
0.966932
0.966932
0.966932
0.966932
0.966932
0.966932
0.966932
0.966932
0.966932
0.966932
0.966932
0.966932
0.966932
0.966932
0.966932
0.966932
