0.0114685
0.0146403
0.0154846
0.0157068
0.0157651
0.0157803
0.0157843
0.0157854
0.0157857
0.0157857
0.0157857
0.0157857
0.0157857
0.0157857
0.0157857
0.0157857
0.0157857
0.0157857
0.0157857
0.0157857
0.0157857
0.0157857
0.0157857
0.0157857
0.0157857
0.0157857
0.0157857
0.0157857
0.0157857
0.0157857
0.0157857
0.0157857
0.0157857
0.0157857
0.0157857
0.0157857
0.0157857
0.0157857
0.0157857
0.0157857
0.0157857
0.0157857
0.0157857
0.0157857
0.0157857
0.0157857
0.0157857
0.0157857
0.0157857
0.0157857
0.0157857
0.0157857
0.0157857
0.0157857
0.0157857
0.0157857
0.0157857
0.0157857
0.0157857
0.0157857
0.0157857
0.0157857
0.0157857
0.0157857
0.0157857
0.0157857
0.0157857
0.0157857
0.0157857
0.0157857
0.0157857
0.0157857
0.0157857
0.0157857
0.0157857
0.0157857
0.0157857
0.0157857
0.0157857
0.0157857
0.0157857
0.0157857
0.0157857
0.0157857
0.0157857
0.0157857
0.0157857
0.0157857
0.0157857
0.0157857
0.0157857
0.0157857
0.0157857
0.0157857
0.0157857
0.0157857
0.0157857
0.0157857
0.0157857
0.0157857
