36.7208
76.4697
114.899
  133.3
133.379
 128.24
 124.79
123.719
123.865
124.254
124.492
124.557
 124.54
 124.51
124.493
 124.49
124.492
124.494
124.495
124.495
124.495
124.495
124.495
124.495
124.495
124.495
124.495
124.495
124.495
124.495
124.495
124.495
124.495
124.495
124.495
124.495
124.495
124.495
124.495
124.495
124.495
124.495
124.495
124.495
124.495
124.495
124.495
124.495
124.495
124.495
124.495
124.495
124.495
124.495
124.495
124.495
124.495
124.495
124.495
124.495
124.495
124.495
124.495
124.495
124.495
124.495
124.495
124.495
124.495
124.495
124.495
124.495
124.495
124.495
124.495
124.495
124.495
124.495
124.495
124.495
124.495
124.495
124.495
124.495
124.495
124.495
124.495
124.495
124.495
124.495
124.495
124.495
124.495
124.495
124.495
124.495
124.495
124.495
124.495
124.495
