9.71336
9.22407
8.60887
8.11225
7.89155
7.87208
7.91658
7.95228
 7.9656
7.96554
7.96194
 7.9594
7.95855
7.95864
7.95892
 7.9591
7.95915
7.95914
7.95912
 7.9591
 7.9591
 7.9591
 7.9591
 7.9591
 7.9591
 7.9591
 7.9591
 7.9591
 7.9591
 7.9591
 7.9591
 7.9591
 7.9591
 7.9591
 7.9591
 7.9591
 7.9591
 7.9591
 7.9591
 7.9591
 7.9591
 7.9591
 7.9591
 7.9591
 7.9591
 7.9591
 7.9591
 7.9591
 7.9591
 7.9591
 7.9591
 7.9591
 7.9591
 7.9591
 7.9591
 7.9591
 7.9591
 7.9591
 7.9591
 7.9591
 7.9591
 7.9591
 7.9591
 7.9591
 7.9591
 7.9591
 7.9591
 7.9591
 7.9591
 7.9591
 7.9591
 7.9591
 7.9591
 7.9591
 7.9591
 7.9591
 7.9591
 7.9591
 7.9591
 7.9591
 7.9591
 7.9591
 7.9591
 7.9591
 7.9591
 7.9591
 7.9591
 7.9591
 7.9591
 7.9591
 7.9591
 7.9591
 7.9591
 7.9591
 7.9591
 7.9591
 7.9591
 7.9591
 7.9591
 7.9591
