0.942671
0.844814
0.721775
 0.62245
 0.57831
0.574417
0.583316
0.590455
 0.59312
0.593109
0.592388
0.591879
0.591711
0.591727
0.591784
0.591819
 0.59183
0.591827
0.591823
0.591821
 0.59182
 0.59182
0.591821
0.591821
0.591821
0.591821
0.591821
0.591821
0.591821
0.591821
0.591821
0.591821
0.591821
0.591821
0.591821
0.591821
0.591821
0.591821
0.591821
0.591821
0.591821
0.591821
0.591821
0.591821
0.591821
0.591821
0.591821
0.591821
0.591821
0.591821
0.591821
0.591821
0.591821
0.591821
0.591821
0.591821
0.591821
0.591821
0.591821
0.591821
0.591821
0.591821
0.591821
0.591821
0.591821
0.591821
0.591821
0.591821
0.591821
0.591821
0.591821
0.591821
0.591821
0.591821
0.591821
0.591821
0.591821
0.591821
0.591821
0.591821
0.591821
0.591821
0.591821
0.591821
0.591821
0.591821
0.591821
0.591821
0.591821
0.591821
0.591821
0.591821
0.591821
0.591821
0.591821
0.591821
0.591821
0.591821
0.591821
0.591821
