0.0272802
0.0679249
 0.107364
 0.126453
 0.126755
 0.121584
 0.118054
 0.116936
  0.11707
 0.117463
 0.117708
 0.117776
 0.117759
 0.117729
 0.117712
 0.117708
 0.117709
 0.117712
 0.117713
 0.117713
 0.117713
 0.117713
 0.117713
 0.117713
 0.117713
 0.117713
 0.117713
 0.117713
 0.117713
 0.117713
 0.117713
 0.117713
 0.117713
 0.117713
 0.117713
 0.117713
 0.117713
 0.117713
 0.117713
 0.117713
 0.117713
 0.117713
 0.117713
 0.117713
 0.117713
 0.117713
 0.117713
 0.117713
 0.117713
 0.117713
 0.117713
 0.117713
 0.117713
 0.117713
 0.117713
 0.117713
 0.117713
 0.117713
 0.117713
 0.117713
 0.117713
 0.117713
 0.117713
 0.117713
 0.117713
 0.117713
 0.117713
 0.117713
 0.117713
 0.117713
 0.117713
 0.117713
 0.117713
 0.117713
 0.117713
 0.117713
 0.117713
 0.117713
 0.117713
 0.117713
 0.117713
 0.117713
 0.117713
 0.117713
 0.117713
 0.117713
 0.117713
 0.117713
 0.117713
 0.117713
 0.117713
 0.117713
 0.117713
 0.117713
 0.117713
 0.117713
 0.117713
 0.117713
 0.117713
 0.117713
