9.90392
9.88738
9.88469
9.88426
9.88419
9.88418
9.88418
9.88418
9.88418
9.88418
9.88418
9.88418
9.88418
9.88418
9.88418
9.88418
9.88418
9.88418
9.88418
9.88418
9.88418
9.88418
9.88418
9.88418
9.88418
9.88418
9.88418
9.88418
9.88418
9.88418
9.88418
9.88418
9.88418
9.88418
9.88418
9.88418
9.88418
9.88418
9.88418
9.88418
9.88418
9.88418
9.88418
9.88418
9.88418
9.88418
9.88418
9.88418
9.88418
9.88418
9.88418
9.88418
9.88418
9.88418
9.88418
9.88418
9.88418
9.88418
9.88418
9.88418
9.88418
9.88418
9.88418
9.88418
9.88418
9.88418
9.88418
9.88418
9.88418
9.88418
9.88418
9.88418
9.88418
9.88418
9.88418
9.88418
9.88418
9.88418
9.88418
9.88418
9.88418
9.88418
9.88418
9.88418
9.88418
9.88418
9.88418
9.88418
9.88418
9.88418
9.88418
9.88418
9.88418
9.88418
9.88418
9.88418
9.88418
9.88418
9.88418
9.88418
