19.1719
 20.677
20.9183
20.9568
20.9629
20.9639
20.9641
20.9641
20.9641
20.9641
20.9641
20.9641
20.9641
20.9641
20.9641
20.9641
20.9641
20.9641
20.9641
20.9641
20.9641
20.9641
20.9641
20.9641
20.9641
20.9641
20.9641
20.9641
20.9641
20.9641
20.9641
20.9641
20.9641
20.9641
20.9641
20.9641
20.9641
20.9641
20.9641
20.9641
20.9641
20.9641
20.9641
20.9641
20.9641
20.9641
20.9641
20.9641
20.9641
20.9641
20.9641
20.9641
20.9641
20.9641
20.9641
20.9641
20.9641
20.9641
20.9641
20.9641
20.9641
20.9641
20.9641
20.9641
20.9641
20.9641
20.9641
20.9641
20.9641
20.9641
20.9641
20.9641
20.9641
20.9641
20.9641
20.9641
20.9641
20.9641
20.9641
20.9641
20.9641
20.9641
20.9641
20.9641
20.9641
20.9641
20.9641
20.9641
20.9641
20.9641
20.9641
20.9641
20.9641
20.9641
20.9641
20.9641
20.9641
20.9641
20.9641
20.9641
