0.980784
0.977477
0.976938
0.976852
0.976838
0.976836
0.976835
0.976835
0.976835
0.976835
0.976835
0.976835
0.976835
0.976835
0.976835
0.976835
0.976835
0.976835
0.976835
0.976835
0.976835
0.976835
0.976835
0.976835
0.976835
0.976835
0.976835
0.976835
0.976835
0.976835
0.976835
0.976835
0.976835
0.976835
0.976835
0.976835
0.976835
0.976835
0.976835
0.976835
0.976835
0.976835
0.976835
0.976835
0.976835
0.976835
0.976835
0.976835
0.976835
0.976835
0.976835
0.976835
0.976835
0.976835
0.976835
0.976835
0.976835
0.976835
0.976835
0.976835
0.976835
0.976835
0.976835
0.976835
0.976835
0.976835
0.976835
0.976835
0.976835
0.976835
0.976835
0.976835
0.976835
0.976835
0.976835
0.976835
0.976835
0.976835
0.976835
0.976835
0.976835
0.976835
0.976835
0.976835
0.976835
0.976835
0.976835
0.976835
0.976835
0.976835
0.976835
0.976835
0.976835
0.976835
0.976835
0.976835
0.976835
0.976835
0.976835
0.976835
