0.00936162
 0.0108986
  0.011145
 0.0111844
 0.0111906
 0.0111916
 0.0111918
 0.0111918
 0.0111918
 0.0111918
 0.0111918
 0.0111918
 0.0111918
 0.0111918
 0.0111918
 0.0111918
 0.0111918
 0.0111918
 0.0111918
 0.0111918
 0.0111918
 0.0111918
 0.0111918
 0.0111918
 0.0111918
 0.0111918
 0.0111918
 0.0111918
 0.0111918
 0.0111918
 0.0111918
 0.0111918
 0.0111918
 0.0111918
 0.0111918
 0.0111918
 0.0111918
 0.0111918
 0.0111918
 0.0111918
 0.0111918
 0.0111918
 0.0111918
 0.0111918
 0.0111918
 0.0111918
 0.0111918
 0.0111918
 0.0111918
 0.0111918
 0.0111918
 0.0111918
 0.0111918
 0.0111918
 0.0111918
 0.0111918
 0.0111918
 0.0111918
 0.0111918
 0.0111918
 0.0111918
 0.0111918
 0.0111918
 0.0111918
 0.0111918
 0.0111918
 0.0111918
 0.0111918
 0.0111918
 0.0111918
 0.0111918
 0.0111918
 0.0111918
 0.0111918
 0.0111918
 0.0111918
 0.0111918
 0.0111918
 0.0111918
 0.0111918
 0.0111918
 0.0111918
 0.0111918
 0.0111918
 0.0111918
 0.0111918
 0.0111918
 0.0111918
 0.0111918
 0.0111918
 0.0111918
 0.0111918
 0.0111918
 0.0111918
 0.0111918
 0.0111918
 0.0111918
 0.0111918
 0.0111918
 0.0111918
