48.1473
 137.14
193.055
144.209
97.7149
81.8656
84.4365
 95.614
106.608
110.875
108.563
104.286
101.581
101.214
102.276
103.494
104.088
    104
103.604
103.276
103.176
103.254
103.381
103.459
103.467
103.432
103.396
103.379
103.383
103.396
103.405
103.408
103.405
103.401
103.399
103.399
  103.4
103.401
103.401
103.401
103.401
103.401
103.401
103.401
103.401
103.401
103.401
103.401
103.401
103.401
103.401
103.401
103.401
103.401
103.401
103.401
103.401
103.401
103.401
103.401
103.401
103.401
103.401
103.401
103.401
103.401
103.401
103.401
103.401
103.401
103.401
103.401
103.401
103.401
103.401
103.401
103.401
103.401
103.401
103.401
103.401
103.401
103.401
103.401
103.401
103.401
103.401
103.401
103.401
103.401
103.401
103.401
103.401
103.401
103.401
103.401
103.401
103.401
103.401
103.401
