9.58605
 8.3501
6.38052
5.38784
5.65864
6.24913
6.65238
6.75649
6.63584
6.45294
6.34501
6.34208
6.39484
6.44552
6.46594
6.45855
6.44061
6.42753
6.42467
6.42887
6.43434
6.43729
 6.4372
6.43555
6.43404
6.43348
6.43375
 6.4343
6.43468
6.43475
6.43461
6.43445
6.43436
6.43437
6.43442
6.43447
6.43448
6.43447
6.43446
6.43445
6.43445
6.43445
6.43445
6.43446
6.43446
6.43445
6.43445
6.43445
6.43445
6.43445
6.43445
6.43445
6.43445
6.43445
6.43445
6.43445
6.43445
6.43445
6.43445
6.43445
6.43445
6.43445
6.43445
6.43445
6.43445
6.43445
6.43445
6.43445
6.43445
6.43445
6.43445
6.43445
6.43445
6.43445
6.43445
6.43445
6.43445
6.43445
6.43445
6.43445
6.43445
6.43445
6.43445
6.43445
6.43445
6.43445
6.43445
6.43445
6.43445
6.43445
6.43445
6.43445
6.43445
6.43445
6.43445
6.43445
6.43445
6.43445
6.43445
6.43445
