 0.917209
  0.67002
 0.276105
0.0775673
 0.131728
 0.249827
 0.330476
 0.351298
 0.327168
 0.290587
 0.269001
 0.268417
 0.278968
 0.289104
 0.293189
 0.291709
 0.288122
 0.285506
 0.284935
 0.285774
 0.286868
 0.287459
  0.28744
 0.287111
 0.286808
 0.286697
 0.286751
 0.286861
 0.286937
  0.28695
 0.286922
  0.28689
 0.286873
 0.286875
 0.286885
 0.286894
 0.286897
 0.286895
 0.286892
 0.286889
 0.286889
  0.28689
 0.286891
 0.286891
 0.286891
 0.286891
 0.286891
 0.286891
 0.286891
 0.286891
 0.286891
 0.286891
 0.286891
 0.286891
 0.286891
 0.286891
 0.286891
 0.286891
 0.286891
 0.286891
 0.286891
 0.286891
 0.286891
 0.286891
 0.286891
 0.286891
 0.286891
 0.286891
 0.286891
 0.286891
 0.286891
 0.286891
 0.286891
 0.286891
 0.286891
 0.286891
 0.286891
 0.286891
 0.286891
 0.286891
 0.286891
 0.286891
 0.286891
 0.286891
 0.286891
 0.286891
 0.286891
 0.286891
 0.286891
 0.286891
 0.286891
 0.286891
 0.286891
 0.286891
 0.286891
 0.286891
 0.286891
 0.286891
 0.286891
 0.286891
