0.0389508
 0.130091
  0.18856
 0.140224
0.0929862
0.0763802
0.0785698
0.0897551
 0.100982
 0.105477
  0.10325
0.0989337
0.0961478
0.0957262
0.0967773
0.0980156
0.0986342
0.0985585
0.0981604
0.0978258
0.0977192
0.0977947
0.0979226
0.0980038
0.0980129
0.0979786
0.0979414
0.0979244
0.0979278
0.0979402
  0.09795
0.0979527
0.0979502
0.0979463
 0.097944
0.0979438
0.0979449
 0.097946
0.0979465
0.0979464
 0.097946
0.0979457
0.0979456
0.0979457
0.0979458
0.0979459
0.0979459
0.0979459
0.0979458
0.0979458
0.0979458
0.0979458
0.0979458
0.0979458
0.0979458
0.0979458
0.0979458
0.0979458
0.0979458
0.0979458
0.0979458
0.0979458
0.0979458
0.0979458
0.0979458
0.0979458
0.0979458
0.0979458
0.0979458
0.0979458
0.0979458
0.0979458
0.0979458
0.0979458
0.0979458
0.0979458
0.0979458
0.0979458
0.0979458
0.0979458
0.0979458
0.0979458
0.0979458
0.0979458
0.0979458
0.0979458
0.0979458
0.0979458
0.0979458
0.0979458
0.0979458
0.0979458
0.0979458
0.0979458
0.0979458
0.0979458
0.0979458
0.0979458
0.0979458
0.0979458
