24.2476
23.8005
23.4654
23.5078
23.4836
 23.491
23.4882
23.4892
23.4888
 23.489
23.4889
23.4889
23.4889
23.4889
23.4889
23.4889
23.4889
23.4889
23.4889
23.4889
23.4889
23.4889
23.4889
23.4889
23.4889
23.4889
23.4889
23.4889
23.4889
23.4889
23.4889
23.4889
23.4889
23.4889
23.4889
23.4889
23.4889
23.4889
23.4889
23.4889
23.4889
23.4889
23.4889
23.4889
23.4889
23.4889
23.4889
23.4889
23.4889
23.4889
23.4889
23.4889
23.4889
23.4889
23.4889
23.4889
23.4889
23.4889
23.4889
23.4889
23.4889
23.4889
23.4889
23.4889
23.4889
23.4889
23.4889
23.4889
23.4889
23.4889
23.4889
23.4889
23.4889
23.4889
23.4889
23.4889
23.4889
23.4889
23.4889
23.4889
23.4889
23.4889
23.4889
23.4889
23.4889
23.4889
23.4889
23.4889
23.4889
23.4889
23.4889
23.4889
23.4889
23.4889
23.4889
23.4889
23.4889
23.4889
23.4889
23.4889
