2691.96
999.723
1490.97
1303.56
1368.17
 1345.1
1353.24
1350.35
1351.37
1351.01
1351.14
1351.09
1351.11
 1351.1
1351.11
1351.11
1351.11
1351.11
1351.11
1351.11
1351.11
1351.11
1351.11
1351.11
1351.11
1351.11
1351.11
1351.11
1351.11
1351.11
1351.11
1351.11
1351.11
1351.11
1351.11
1351.11
1351.11
1351.11
1351.11
1351.11
1351.11
1351.11
1351.11
1351.11
1351.11
1351.11
1351.11
1351.11
1351.11
1351.11
1351.11
1351.11
1351.11
1351.11
1351.11
1351.11
1351.11
1351.11
1351.11
1351.11
1351.11
1351.11
1351.11
1351.11
1351.11
1351.11
1351.11
1351.11
1351.11
1351.11
1351.11
1351.11
1351.11
1351.11
1351.11
1351.11
1351.11
1351.11
1351.11
1351.11
1351.11
1351.11
1351.11
1351.11
1351.11
1351.11
1351.11
1351.11
1351.11
1351.11
1351.11
1351.11
1351.11
1351.11
1351.11
1351.11
1351.11
1351.11
1351.11
1351.11
