0.310682
0.286513
0.268399
0.270689
0.269383
0.269784
0.269634
0.269686
0.269667
0.269674
0.269672
0.269673
0.269672
0.269672
0.269672
0.269672
0.269672
0.269672
0.269672
0.269672
0.269672
0.269672
0.269672
0.269672
0.269672
0.269672
0.269672
0.269672
0.269672
0.269672
0.269672
0.269672
0.269672
0.269672
0.269672
0.269672
0.269672
0.269672
0.269672
0.269672
0.269672
0.269672
0.269672
0.269672
0.269672
0.269672
0.269672
0.269672
0.269672
0.269672
0.269672
0.269672
0.269672
0.269672
0.269672
0.269672
0.269672
0.269672
0.269672
0.269672
0.269672
0.269672
0.269672
0.269672
0.269672
0.269672
0.269672
0.269672
0.269672
0.269672
0.269672
0.269672
0.269672
0.269672
0.269672
0.269672
0.269672
0.269672
0.269672
0.269672
0.269672
0.269672
0.269672
0.269672
0.269672
0.269672
0.269672
0.269672
0.269672
0.269672
0.269672
0.269672
0.269672
0.269672
0.269672
0.269672
0.269672
0.269672
0.269672
0.269672
