 0.195394
0.0714805
 0.107486
 0.093756
0.0984903
0.0967998
 0.097396
0.0971848
0.0972595
0.0972331
0.0972424
0.0972391
0.0972403
0.0972399
  0.09724
0.0972399
  0.09724
  0.09724
  0.09724
  0.09724
  0.09724
  0.09724
  0.09724
  0.09724
  0.09724
  0.09724
  0.09724
  0.09724
  0.09724
  0.09724
  0.09724
  0.09724
  0.09724
  0.09724
  0.09724
  0.09724
  0.09724
  0.09724
  0.09724
  0.09724
  0.09724
  0.09724
  0.09724
  0.09724
  0.09724
  0.09724
  0.09724
  0.09724
  0.09724
  0.09724
  0.09724
  0.09724
  0.09724
  0.09724
  0.09724
  0.09724
  0.09724
  0.09724
  0.09724
  0.09724
  0.09724
  0.09724
  0.09724
  0.09724
  0.09724
  0.09724
  0.09724
  0.09724
  0.09724
  0.09724
  0.09724
  0.09724
  0.09724
  0.09724
  0.09724
  0.09724
  0.09724
  0.09724
  0.09724
  0.09724
  0.09724
  0.09724
  0.09724
  0.09724
  0.09724
  0.09724
  0.09724
  0.09724
  0.09724
  0.09724
  0.09724
  0.09724
  0.09724
  0.09724
  0.09724
  0.09724
  0.09724
  0.09724
  0.09724
  0.09724
