9.73441
9.33534
8.87392
8.49765
8.29642
8.23686
8.24102
8.25737
8.26791
8.27165
 8.2719
8.27123
 8.2707
8.27047
8.27043
8.27045
8.27048
8.27049
 8.2705
 8.2705
8.27049
8.27049
8.27049
8.27049
8.27049
8.27049
8.27049
8.27049
8.27049
8.27049
8.27049
8.27049
8.27049
8.27049
8.27049
8.27049
8.27049
8.27049
8.27049
8.27049
8.27049
8.27049
8.27049
8.27049
8.27049
8.27049
8.27049
8.27049
8.27049
8.27049
8.27049
8.27049
8.27049
8.27049
8.27049
8.27049
8.27049
8.27049
8.27049
8.27049
8.27049
8.27049
8.27049
8.27049
8.27049
8.27049
8.27049
8.27049
8.27049
8.27049
8.27049
8.27049
8.27049
8.27049
8.27049
8.27049
8.27049
8.27049
8.27049
8.27049
8.27049
8.27049
8.27049
8.27049
8.27049
8.27049
8.27049
8.27049
8.27049
8.27049
8.27049
8.27049
8.27049
8.27049
8.27049
8.27049
8.27049
8.27049
8.27049
8.27049
