  34.81
 67.766
98.7625
116.778
121.723
120.685
118.832
117.776
117.449
117.456
117.535
 117.59
117.611
117.613
 117.61
117.608
117.606
117.606
117.606
117.606
117.606
117.606
117.606
117.606
117.606
117.606
117.606
117.606
117.606
117.606
117.606
117.606
117.606
117.606
117.606
117.606
117.606
117.606
117.606
117.606
117.606
117.606
117.606
117.606
117.606
117.606
117.606
117.606
117.606
117.606
117.606
117.606
117.606
117.606
117.606
117.606
117.606
117.606
117.606
117.606
117.606
117.606
117.606
117.606
117.606
117.606
117.606
117.606
117.606
117.606
117.606
117.606
117.606
117.606
117.606
117.606
117.606
117.606
117.606
117.606
117.606
117.606
117.606
117.606
117.606
117.606
117.606
117.606
117.606
117.606
117.606
117.606
117.606
117.606
117.606
117.606
117.606
117.606
117.606
117.606
