0.946882
0.867069
0.774783
0.699531
0.659284
0.647373
0.648205
0.651474
0.653582
 0.65433
0.654381
0.654246
0.654139
0.654094
0.654086
0.654091
0.654096
0.654099
0.654099
0.654099
0.654099
0.654099
0.654099
0.654099
0.654099
0.654099
0.654099
0.654099
0.654099
0.654099
0.654099
0.654099
0.654099
0.654099
0.654099
0.654099
0.654099
0.654099
0.654099
0.654099
0.654099
0.654099
0.654099
0.654099
0.654099
0.654099
0.654099
0.654099
0.654099
0.654099
0.654099
0.654099
0.654099
0.654099
0.654099
0.654099
0.654099
0.654099
0.654099
0.654099
0.654099
0.654099
0.654099
0.654099
0.654099
0.654099
0.654099
0.654099
0.654099
0.654099
0.654099
0.654099
0.654099
0.654099
0.654099
0.654099
0.654099
0.654099
0.654099
0.654099
0.654099
0.654099
0.654099
0.654099
0.654099
0.654099
0.654099
0.654099
0.654099
0.654099
0.654099
0.654099
0.654099
0.654099
0.654099
0.654099
0.654099
0.654099
0.654099
0.654099
