0.0253289
0.0590209
0.0907965
 0.109374
 0.114572
 0.113584
 0.111709
 0.110625
 0.110284
 0.110287
 0.110367
 0.110423
 0.110445
 0.110447
 0.110444
 0.110442
  0.11044
  0.11044
  0.11044
  0.11044
  0.11044
  0.11044
  0.11044
  0.11044
  0.11044
  0.11044
  0.11044
  0.11044
  0.11044
  0.11044
  0.11044
  0.11044
  0.11044
  0.11044
  0.11044
  0.11044
  0.11044
  0.11044
  0.11044
  0.11044
  0.11044
  0.11044
  0.11044
  0.11044
  0.11044
  0.11044
  0.11044
  0.11044
  0.11044
  0.11044
  0.11044
  0.11044
  0.11044
  0.11044
  0.11044
  0.11044
  0.11044
  0.11044
  0.11044
  0.11044
  0.11044
  0.11044
  0.11044
  0.11044
  0.11044
  0.11044
  0.11044
  0.11044
  0.11044
  0.11044
  0.11044
  0.11044
  0.11044
  0.11044
  0.11044
  0.11044
  0.11044
  0.11044
  0.11044
  0.11044
  0.11044
  0.11044
  0.11044
  0.11044
  0.11044
  0.11044
  0.11044
  0.11044
  0.11044
  0.11044
  0.11044
  0.11044
  0.11044
  0.11044
  0.11044
  0.11044
  0.11044
  0.11044
  0.11044
  0.11044
