 9.5958
8.42875
 6.5815
5.60427
5.81929
6.35551
6.71902
6.80572
6.69596
6.54198
6.45809
6.46106
6.50526
6.54368
6.55657
6.54888
6.53524
6.52669
6.52581
6.52933
6.53299
6.53454
6.53411
6.53292
6.53206
6.53188
6.53214
6.53248
6.53265
6.53264
6.53254
6.53246
6.53243
6.53245
6.53248
 6.5325
 6.5325
6.53249
6.53248
6.53248
6.53248
6.53248
6.53249
6.53249
6.53249
6.53248
6.53248
6.53248
6.53248
6.53248
6.53248
6.53248
6.53248
6.53248
6.53248
6.53248
6.53248
6.53248
6.53248
6.53248
6.53248
6.53248
6.53248
6.53248
6.53248
6.53248
6.53248
6.53248
6.53248
6.53248
6.53248
6.53248
6.53248
6.53248
6.53248
6.53248
6.53248
6.53248
6.53248
6.53248
6.53248
6.53248
6.53248
6.53248
6.53248
6.53248
6.53248
6.53248
6.53248
6.53248
6.53248
6.53248
6.53248
6.53248
6.53248
6.53248
6.53248
6.53248
6.53248
6.53248
