47.2794
132.202
189.732
148.732
104.394
88.4657
90.5749
 100.74
110.306
  113.7
111.588
108.061
105.979
105.822
106.725
107.641
108.019
107.898
107.595
107.382
 107.34
107.409
107.494
107.537
107.532
107.507
107.486
107.479
107.484
107.492
107.496
107.497
107.495
107.493
107.492
107.492
107.493
107.493
107.493
107.493
107.493
107.493
107.493
107.493
107.493
107.493
107.493
107.493
107.493
107.493
107.493
107.493
107.493
107.493
107.493
107.493
107.493
107.493
107.493
107.493
107.493
107.493
107.493
107.493
107.493
107.493
107.493
107.493
107.493
107.493
107.493
107.493
107.493
107.493
107.493
107.493
107.493
107.493
107.493
107.493
107.493
107.493
107.493
107.493
107.493
107.493
107.493
107.493
107.493
107.493
107.493
107.493
107.493
107.493
107.493
107.493
107.493
107.493
107.493
107.493
