 0.91916
0.685751
0.316299
0.120855
0.163859
0.271101
0.343805
0.361144
0.339192
0.308397
0.291618
0.292212
0.301051
0.308736
0.311314
0.309776
0.307048
0.305337
0.305161
0.305866
0.306598
0.306909
0.306822
0.306585
0.306412
0.306375
0.306429
0.306496
0.306531
0.306528
0.306508
0.306491
0.306486
 0.30649
0.306496
  0.3065
  0.3065
0.306498
0.306497
0.306496
0.306496
0.306497
0.306497
0.306497
0.306497
0.306497
0.306497
0.306497
0.306497
0.306497
0.306497
0.306497
0.306497
0.306497
0.306497
0.306497
0.306497
0.306497
0.306497
0.306497
0.306497
0.306497
0.306497
0.306497
0.306497
0.306497
0.306497
0.306497
0.306497
0.306497
0.306497
0.306497
0.306497
0.306497
0.306497
0.306497
0.306497
0.306497
0.306497
0.306497
0.306497
0.306497
0.306497
0.306497
0.306497
0.306497
0.306497
0.306497
0.306497
0.306497
0.306497
0.306497
0.306497
0.306497
0.306497
0.306497
0.306497
0.306497
0.306497
0.306497
