0.0380643
 0.125024
 0.185001
 0.144573
0.0995701
0.0829396
0.0847029
0.0948833
 0.104656
  0.10824
 0.106192
 0.102626
 0.100479
 0.100282
  0.10118
 0.102113
 0.102509
 0.102395
  0.10209
 0.101871
 0.101825
 0.101894
  0.10198
 0.102024
  0.10202
 0.101995
 0.101973
 0.101967
 0.101971
 0.101979
 0.101984
 0.101984
 0.101982
  0.10198
 0.101979
 0.101979
  0.10198
 0.101981
 0.101981
  0.10198
  0.10198
  0.10198
  0.10198
  0.10198
  0.10198
  0.10198
  0.10198
  0.10198
  0.10198
  0.10198
  0.10198
  0.10198
  0.10198
  0.10198
  0.10198
  0.10198
  0.10198
  0.10198
  0.10198
  0.10198
  0.10198
  0.10198
  0.10198
  0.10198
  0.10198
  0.10198
  0.10198
  0.10198
  0.10198
  0.10198
  0.10198
  0.10198
  0.10198
  0.10198
  0.10198
  0.10198
  0.10198
  0.10198
  0.10198
  0.10198
  0.10198
  0.10198
  0.10198
  0.10198
  0.10198
  0.10198
  0.10198
  0.10198
  0.10198
  0.10198
  0.10198
  0.10198
  0.10198
  0.10198
  0.10198
  0.10198
  0.10198
  0.10198
  0.10198
  0.10198
