1.95685
1.90772
1.85344
1.79536
1.73525
1.67523
1.61754
1.56427
1.51714
1.47731
1.44532
1.42114
1.40424
1.39378
 1.3887
1.38792
1.39036
1.39505
1.40117
1.40801
1.41503
1.42184
1.42814
1.43375
1.43855
1.44251
1.44565
1.44801
1.44966
1.45071
1.45124
1.45135
1.45114
 1.4507
1.45011
1.44943
1.44871
1.44801
1.44735
1.44675
1.44623
 1.4458
1.44545
1.44518
1.44499
1.44487
 1.4448
1.44478
1.44479
1.44483
1.44489
1.44496
1.44504
1.44511
1.44518
1.44524
 1.4453
1.44535
1.44538
1.44541
1.44543
1.44545
1.44546
1.44546
1.44546
1.44546
1.44545
1.44544
1.44543
1.44543
1.44542
1.44541
1.44541
 1.4454
 1.4454
1.44539
1.44539
1.44539
1.44539
1.44539
1.44539
1.44539
1.44539
1.44539
1.44539
1.44539
1.44539
1.44539
1.44539
 1.4454
 1.4454
 1.4454
 1.4454
 1.4454
 1.4454
 1.4454
 1.4454
 1.4454
 1.4454
 1.4454
