 2.7436
3.51691
 4.2876
5.01783
5.66919
6.20877
6.61471
6.87945
7.00989
7.02447
6.94857
6.80968
6.63348
 6.4415
6.25014
6.07079
5.91053
5.77303
5.65946
5.56929
5.50088
5.45193
5.41982
5.40182
5.39527
5.39765
5.40665
5.42023
5.43665
5.45442
5.47238
5.48959
5.50541
 5.5194
5.53131
5.54106
5.54869
5.55433
5.55819
5.56051
5.56154
5.56156
 5.5608
5.55949
5.55784
  5.556
5.55412
 5.5523
5.55061
5.54911
5.54782
5.54676
5.54592
 5.5453
5.54486
5.54459
5.54445
5.54443
5.54449
5.54462
5.54478
5.54497
5.54516
5.54535
5.54553
5.54569
5.54583
5.54594
5.54603
 5.5461
5.54615
5.54619
 5.5462
5.54621
 5.5462
5.54619
5.54617
5.54616
5.54614
5.54612
 5.5461
5.54608
5.54607
5.54605
5.54604
5.54604
5.54603
5.54603
5.54602
5.54602
5.54602
5.54602
5.54603
5.54603
5.54603
5.54603
5.54603
5.54604
5.54604
5.54604
