0.956847
0.907716
0.853444
0.795358
0.735248
0.675231
0.617542
0.564274
0.517141
0.477307
0.445318
0.421135
0.404239
0.393776
0.388705
0.387922
0.390362
0.395055
0.401166
0.408006
0.415034
0.421843
0.428142
0.433746
0.438548
0.442512
0.445649
0.448008
0.449664
0.450708
0.451237
0.451351
0.451144
0.450704
 0.45011
0.449428
0.448713
0.448008
0.447345
0.446748
0.446229
0.445796
0.445448
0.445183
0.444993
0.444869
0.444802
 0.44478
0.444794
0.444835
0.444893
0.444962
0.445036
 0.44511
0.445179
0.445243
0.445299
0.445345
0.445383
0.445413
0.445434
0.445448
0.445456
 0.44546
0.445459
0.445455
0.445449
0.445442
0.445435
0.445427
 0.44542
0.445413
0.445407
0.445402
0.445398
0.445395
0.445393
0.445391
 0.44539
0.445389
0.445389
 0.44539
 0.44539
0.445391
0.445392
0.445393
0.445393
0.445394
0.445395
0.445395
0.445396
0.445396
0.445396
0.445396
0.445397
0.445397
0.445397
0.445397
0.445397
0.445397
