 0.020704
0.0423471
0.0640567
0.0848019
 0.103525
 0.119304
 0.131504
 0.139873
 0.144546
 0.145978
 0.144822
 0.141804
 0.137612
 0.132835
 0.127932
 0.123233
 0.118952
  0.11521
  0.11206
 0.109508
 0.107522
 0.106055
 0.105044
 0.104423
 0.104124
 0.104082
 0.104237
 0.104532
 0.104921
 0.105361
 0.105819
  0.10627
 0.106691
 0.107071
   0.1074
 0.107675
 0.107894
 0.108061
  0.10818
 0.108257
 0.108298
  0.10831
 0.108299
 0.108271
 0.108233
 0.108188
  0.10814
 0.108093
 0.108048
 0.108007
 0.107972
 0.107942
 0.107918
   0.1079
 0.107886
 0.107877
 0.107872
 0.107871
 0.107871
 0.107874
 0.107878
 0.107882
 0.107887
 0.107892
 0.107897
 0.107901
 0.107905
 0.107908
 0.107911
 0.107913
 0.107914
 0.107915
 0.107916
 0.107916
 0.107916
 0.107916
 0.107915
 0.107915
 0.107914
 0.107914
 0.107913
 0.107913
 0.107912
 0.107912
 0.107912
 0.107912
 0.107911
 0.107911
 0.107911
 0.107911
 0.107911
 0.107911
 0.107911
 0.107911
 0.107911
 0.107911
 0.107912
 0.107912
 0.107912
 0.107912
