9.85789
9.79437
9.76831
 9.7581
9.75417
9.75268
9.75211
 9.7519
9.75182
9.75179
9.75178
9.75177
9.75177
9.75177
9.75177
9.75177
9.75177
9.75177
9.75177
9.75177
9.75177
9.75177
9.75177
9.75177
9.75177
9.75177
9.75177
9.75177
9.75177
9.75177
9.75177
9.75177
9.75177
9.75177
9.75177
9.75177
9.75177
9.75177
9.75177
9.75177
9.75177
9.75177
9.75177
9.75177
9.75177
9.75177
9.75177
9.75177
9.75177
9.75177
9.75177
9.75177
9.75177
9.75177
9.75177
9.75177
9.75177
9.75177
9.75177
9.75177
9.75177
9.75177
9.75177
9.75177
9.75177
9.75177
9.75177
9.75177
9.75177
9.75177
9.75177
9.75177
9.75177
9.75177
9.75177
9.75177
9.75177
9.75177
9.75177
9.75177
9.75177
9.75177
9.75177
9.75177
9.75177
9.75177
9.75177
9.75177
9.75177
9.75177
9.75177
9.75177
9.75177
9.75177
9.75177
9.75177
9.75177
9.75177
9.75177
9.75177
