23.4684
29.1318
 31.373
32.2366
32.5657
32.6905
32.7378
32.7557
32.7625
32.7651
 32.766
32.7664
32.7665
32.7666
32.7666
32.7666
32.7666
32.7666
32.7666
32.7666
32.7666
32.7666
32.7666
32.7666
32.7666
32.7666
32.7666
32.7666
32.7666
32.7666
32.7666
32.7666
32.7666
32.7666
32.7666
32.7666
32.7666
32.7666
32.7666
32.7666
32.7666
32.7666
32.7666
32.7666
32.7666
32.7666
32.7666
32.7666
32.7666
32.7666
32.7666
32.7666
32.7666
32.7666
32.7666
32.7666
32.7666
32.7666
32.7666
32.7666
32.7666
32.7666
32.7666
32.7666
32.7666
32.7666
32.7666
32.7666
32.7666
32.7666
32.7666
32.7666
32.7666
32.7666
32.7666
32.7666
32.7666
32.7666
32.7666
32.7666
32.7666
32.7666
32.7666
32.7666
32.7666
32.7666
32.7666
32.7666
32.7666
32.7666
32.7666
32.7666
32.7666
32.7666
32.7666
32.7666
32.7666
32.7666
32.7666
32.7666
