0.971578
0.958873
0.953663
 0.95162
0.950835
0.950536
0.950423
 0.95038
0.950363
0.950357
0.950355
0.950354
0.950354
0.950354
0.950354
0.950354
0.950354
0.950354
0.950354
0.950354
0.950354
0.950354
0.950354
0.950354
0.950354
0.950354
0.950354
0.950354
0.950354
0.950354
0.950354
0.950354
0.950354
0.950354
0.950354
0.950354
0.950354
0.950354
0.950354
0.950354
0.950354
0.950354
0.950354
0.950354
0.950354
0.950354
0.950354
0.950354
0.950354
0.950354
0.950354
0.950354
0.950354
0.950354
0.950354
0.950354
0.950354
0.950354
0.950354
0.950354
0.950354
0.950354
0.950354
0.950354
0.950354
0.950354
0.950354
0.950354
0.950354
0.950354
0.950354
0.950354
0.950354
0.950354
0.950354
0.950354
0.950354
0.950354
0.950354
0.950354
0.950354
0.950354
0.950354
0.950354
0.950354
0.950354
0.950354
0.950354
0.950354
0.950354
0.950354
0.950354
0.950354
0.950354
0.950354
0.950354
0.950354
0.950354
0.950354
0.950354
