 0.013748
0.0195328
 0.021823
0.0227056
0.0230419
0.0231695
0.0232179
0.0232362
0.0232431
0.0232457
0.0232467
0.0232471
0.0232472
0.0232473
0.0232473
0.0232473
0.0232473
0.0232473
0.0232473
0.0232473
0.0232473
0.0232473
0.0232473
0.0232473
0.0232473
0.0232473
0.0232473
0.0232473
0.0232473
0.0232473
0.0232473
0.0232473
0.0232473
0.0232473
0.0232473
0.0232473
0.0232473
0.0232473
0.0232473
0.0232473
0.0232473
0.0232473
0.0232473
0.0232473
0.0232473
0.0232473
0.0232473
0.0232473
0.0232473
0.0232473
0.0232473
0.0232473
0.0232473
0.0232473
0.0232473
0.0232473
0.0232473
0.0232473
0.0232473
0.0232473
0.0232473
0.0232473
0.0232473
0.0232473
0.0232473
0.0232473
0.0232473
0.0232473
0.0232473
0.0232473
0.0232473
0.0232473
0.0232473
0.0232473
0.0232473
0.0232473
0.0232473
0.0232473
0.0232473
0.0232473
0.0232473
0.0232473
0.0232473
0.0232473
0.0232473
0.0232473
0.0232473
0.0232473
0.0232473
0.0232473
0.0232473
0.0232473
0.0232473
0.0232473
0.0232473
0.0232473
0.0232473
0.0232473
0.0232473
0.0232473
