9.90107
9.88266
9.87942
9.87886
9.87876
9.87874
9.87874
9.87874
9.87874
9.87874
9.87874
9.87874
9.87874
9.87874
9.87874
9.87874
9.87874
9.87874
9.87874
9.87874
9.87874
9.87874
9.87874
9.87874
9.87874
9.87874
9.87874
9.87874
9.87874
9.87874
9.87874
9.87874
9.87874
9.87874
9.87874
9.87874
9.87874
9.87874
9.87874
9.87874
9.87874
9.87874
9.87874
9.87874
9.87874
9.87874
9.87874
9.87874
9.87874
9.87874
9.87874
9.87874
9.87874
9.87874
9.87874
9.87874
9.87874
9.87874
9.87874
9.87874
9.87874
9.87874
9.87874
9.87874
9.87874
9.87874
9.87874
9.87874
9.87874
9.87874
9.87874
9.87874
9.87874
9.87874
9.87874
9.87874
9.87874
9.87874
9.87874
9.87874
9.87874
9.87874
9.87874
9.87874
9.87874
9.87874
9.87874
9.87874
9.87874
9.87874
9.87874
9.87874
9.87874
9.87874
9.87874
9.87874
9.87874
9.87874
9.87874
9.87874
