19.4395
21.1133
21.4029
21.4527
21.4613
21.4627
 21.463
 21.463
 21.463
 21.463
 21.463
 21.463
 21.463
 21.463
 21.463
 21.463
 21.463
 21.463
 21.463
 21.463
 21.463
 21.463
 21.463
 21.463
 21.463
 21.463
 21.463
 21.463
 21.463
 21.463
 21.463
 21.463
 21.463
 21.463
 21.463
 21.463
 21.463
 21.463
 21.463
 21.463
 21.463
 21.463
 21.463
 21.463
 21.463
 21.463
 21.463
 21.463
 21.463
 21.463
 21.463
 21.463
 21.463
 21.463
 21.463
 21.463
 21.463
 21.463
 21.463
 21.463
 21.463
 21.463
 21.463
 21.463
 21.463
 21.463
 21.463
 21.463
 21.463
 21.463
 21.463
 21.463
 21.463
 21.463
 21.463
 21.463
 21.463
 21.463
 21.463
 21.463
 21.463
 21.463
 21.463
 21.463
 21.463
 21.463
 21.463
 21.463
 21.463
 21.463
 21.463
 21.463
 21.463
 21.463
 21.463
 21.463
 21.463
 21.463
 21.463
 21.463
