0.980213
0.976531
0.975883
0.975771
0.975752
0.975749
0.975748
0.975748
0.975748
0.975748
0.975748
0.975748
0.975748
0.975748
0.975748
0.975748
0.975748
0.975748
0.975748
0.975748
0.975748
0.975748
0.975748
0.975748
0.975748
0.975748
0.975748
0.975748
0.975748
0.975748
0.975748
0.975748
0.975748
0.975748
0.975748
0.975748
0.975748
0.975748
0.975748
0.975748
0.975748
0.975748
0.975748
0.975748
0.975748
0.975748
0.975748
0.975748
0.975748
0.975748
0.975748
0.975748
0.975748
0.975748
0.975748
0.975748
0.975748
0.975748
0.975748
0.975748
0.975748
0.975748
0.975748
0.975748
0.975748
0.975748
0.975748
0.975748
0.975748
0.975748
0.975748
0.975748
0.975748
0.975748
0.975748
0.975748
0.975748
0.975748
0.975748
0.975748
0.975748
0.975748
0.975748
0.975748
0.975748
0.975748
0.975748
0.975748
0.975748
0.975748
0.975748
0.975748
0.975748
0.975748
0.975748
0.975748
0.975748
0.975748
0.975748
0.975748
