0.00963475
 0.0113441
 0.0116398
 0.0116907
 0.0116995
  0.011701
 0.0117013
 0.0117013
 0.0117013
 0.0117013
 0.0117013
 0.0117013
 0.0117013
 0.0117013
 0.0117013
 0.0117013
 0.0117013
 0.0117013
 0.0117013
 0.0117013
 0.0117013
 0.0117013
 0.0117013
 0.0117013
 0.0117013
 0.0117013
 0.0117013
 0.0117013
 0.0117013
 0.0117013
 0.0117013
 0.0117013
 0.0117013
 0.0117013
 0.0117013
 0.0117013
 0.0117013
 0.0117013
 0.0117013
 0.0117013
 0.0117013
 0.0117013
 0.0117013
 0.0117013
 0.0117013
 0.0117013
 0.0117013
 0.0117013
 0.0117013
 0.0117013
 0.0117013
 0.0117013
 0.0117013
 0.0117013
 0.0117013
 0.0117013
 0.0117013
 0.0117013
 0.0117013
 0.0117013
 0.0117013
 0.0117013
 0.0117013
 0.0117013
 0.0117013
 0.0117013
 0.0117013
 0.0117013
 0.0117013
 0.0117013
 0.0117013
 0.0117013
 0.0117013
 0.0117013
 0.0117013
 0.0117013
 0.0117013
 0.0117013
 0.0117013
 0.0117013
 0.0117013
 0.0117013
 0.0117013
 0.0117013
 0.0117013
 0.0117013
 0.0117013
 0.0117013
 0.0117013
 0.0117013
 0.0117013
 0.0117013
 0.0117013
 0.0117013
 0.0117013
 0.0117013
 0.0117013
 0.0117013
 0.0117013
 0.0117013
