9.71018
9.20644
8.56594
8.05092
7.82999
7.81915
7.87064
7.90896
7.92203
7.92088
7.91648
7.91367
7.91288
7.91308
7.91344
7.91364
7.91368
7.91366
7.91363
7.91362
7.91361
7.91362
7.91362
7.91362
7.91362
7.91362
7.91362
7.91362
7.91362
7.91362
7.91362
7.91362
7.91362
7.91362
7.91362
7.91362
7.91362
7.91362
7.91362
7.91362
7.91362
7.91362
7.91362
7.91362
7.91362
7.91362
7.91362
7.91362
7.91362
7.91362
7.91362
7.91362
7.91362
7.91362
7.91362
7.91362
7.91362
7.91362
7.91362
7.91362
7.91362
7.91362
7.91362
7.91362
7.91362
7.91362
7.91362
7.91362
7.91362
7.91362
7.91362
7.91362
7.91362
7.91362
7.91362
7.91362
7.91362
7.91362
7.91362
7.91362
7.91362
7.91362
7.91362
7.91362
7.91362
7.91362
7.91362
7.91362
7.91362
7.91362
7.91362
7.91362
7.91362
7.91362
7.91362
7.91362
7.91362
7.91362
7.91362
7.91362
