37.0086
77.8271
117.361
135.545
134.639
128.845
125.225
 124.23
124.493
124.952
125.208
125.263
125.233
125.197
125.179
125.176
125.179
125.182
125.183
125.183
125.183
125.183
125.183
125.183
125.183
125.183
125.183
125.183
125.183
125.183
125.183
125.183
125.183
125.183
125.183
125.183
125.183
125.183
125.183
125.183
125.183
125.183
125.183
125.183
125.183
125.183
125.183
125.183
125.183
125.183
125.183
125.183
125.183
125.183
125.183
125.183
125.183
125.183
125.183
125.183
125.183
125.183
125.183
125.183
125.183
125.183
125.183
125.183
125.183
125.183
125.183
125.183
125.183
125.183
125.183
125.183
125.183
125.183
125.183
125.183
125.183
125.183
125.183
125.183
125.183
125.183
125.183
125.183
125.183
125.183
125.183
125.183
125.183
125.183
125.183
125.183
125.183
125.183
125.183
125.183
