0.942036
0.841288
0.713189
0.610185
0.565998
 0.56383
0.574129
0.581793
0.584406
0.584176
0.583297
0.582734
0.582575
0.582616
0.582688
0.582728
0.582737
0.582732
0.582726
0.582723
0.582723
0.582723
0.582724
0.582724
0.582724
0.582724
0.582724
0.582724
0.582724
0.582724
0.582724
0.582724
0.582724
0.582724
0.582724
0.582724
0.582724
0.582724
0.582724
0.582724
0.582724
0.582724
0.582724
0.582724
0.582724
0.582724
0.582724
0.582724
0.582724
0.582724
0.582724
0.582724
0.582724
0.582724
0.582724
0.582724
0.582724
0.582724
0.582724
0.582724
0.582724
0.582724
0.582724
0.582724
0.582724
0.582724
0.582724
0.582724
0.582724
0.582724
0.582724
0.582724
0.582724
0.582724
0.582724
0.582724
0.582724
0.582724
0.582724
0.582724
0.582724
0.582724
0.582724
0.582724
0.582724
0.582724
0.582724
0.582724
0.582724
0.582724
0.582724
0.582724
0.582724
0.582724
0.582724
0.582724
0.582724
0.582724
0.582724
0.582724
