0.0275741
0.0693138
 0.109894
 0.128782
  0.12809
 0.122248
  0.11854
 0.117496
 0.117748
 0.118213
 0.118476
 0.118535
 0.118505
 0.118468
  0.11845
 0.118447
  0.11845
 0.118453
 0.118454
 0.118454
 0.118454
 0.118454
 0.118454
 0.118454
 0.118454
 0.118454
 0.118454
 0.118454
 0.118454
 0.118454
 0.118454
 0.118454
 0.118454
 0.118454
 0.118454
 0.118454
 0.118454
 0.118454
 0.118454
 0.118454
 0.118454
 0.118454
 0.118454
 0.118454
 0.118454
 0.118454
 0.118454
 0.118454
 0.118454
 0.118454
 0.118454
 0.118454
 0.118454
 0.118454
 0.118454
 0.118454
 0.118454
 0.118454
 0.118454
 0.118454
 0.118454
 0.118454
 0.118454
 0.118454
 0.118454
 0.118454
 0.118454
 0.118454
 0.118454
 0.118454
 0.118454
 0.118454
 0.118454
 0.118454
 0.118454
 0.118454
 0.118454
 0.118454
 0.118454
 0.118454
 0.118454
 0.118454
 0.118454
 0.118454
 0.118454
 0.118454
 0.118454
 0.118454
 0.118454
 0.118454
 0.118454
 0.118454
 0.118454
 0.118454
 0.118454
 0.118454
 0.118454
 0.118454
 0.118454
 0.118454
