24.5665
31.8229
35.1769
 36.668
37.3186
37.6001
37.7214
37.7736
 37.796
37.8056
37.8098
37.8116
37.8123
37.8127
37.8128
37.8129
37.8129
37.8129
37.8129
37.8129
37.8129
37.8129
37.8129
37.8129
37.8129
37.8129
37.8129
37.8129
37.8129
37.8129
37.8129
37.8129
37.8129
37.8129
37.8129
37.8129
37.8129
37.8129
37.8129
37.8129
37.8129
37.8129
37.8129
37.8129
37.8129
37.8129
37.8129
37.8129
37.8129
37.8129
37.8129
37.8129
37.8129
37.8129
37.8129
37.8129
37.8129
37.8129
37.8129
37.8129
37.8129
37.8129
37.8129
37.8129
37.8129
37.8129
37.8129
37.8129
37.8129
37.8129
37.8129
37.8129
37.8129
37.8129
37.8129
37.8129
37.8129
37.8129
37.8129
37.8129
37.8129
37.8129
37.8129
37.8129
37.8129
37.8129
37.8129
37.8129
37.8129
37.8129
37.8129
37.8129
37.8129
37.8129
37.8129
37.8129
37.8129
37.8129
37.8129
37.8129
