9.84605
9.76418
9.72465
9.70664
9.69868
9.69521
9.69371
9.69306
9.69279
9.69267
9.69262
9.69259
9.69259
9.69258
9.69258
9.69258
9.69258
9.69258
9.69258
9.69258
9.69258
9.69258
9.69258
9.69258
9.69258
9.69258
9.69258
9.69258
9.69258
9.69258
9.69258
9.69258
9.69258
9.69258
9.69258
9.69258
9.69258
9.69258
9.69258
9.69258
9.69258
9.69258
9.69258
9.69258
9.69258
9.69258
9.69258
9.69258
9.69258
9.69258
9.69258
9.69258
9.69258
9.69258
9.69258
9.69258
9.69258
9.69258
9.69258
9.69258
9.69258
9.69258
9.69258
9.69258
9.69258
9.69258
9.69258
9.69258
9.69258
9.69258
9.69258
9.69258
9.69258
9.69258
9.69258
9.69258
9.69258
9.69258
9.69258
9.69258
9.69258
9.69258
9.69258
9.69258
9.69258
9.69258
9.69258
9.69258
9.69258
9.69258
9.69258
9.69258
9.69258
9.69258
9.69258
9.69258
9.69258
9.69258
9.69258
9.69258
