 0.96921
0.952835
0.944931
0.941328
0.939735
0.939042
0.938742
0.938613
0.938557
0.938534
0.938523
0.938519
0.938517
0.938516
0.938516
0.938516
0.938516
0.938516
0.938516
0.938516
0.938516
0.938516
0.938516
0.938516
0.938516
0.938516
0.938516
0.938516
0.938516
0.938516
0.938516
0.938516
0.938516
0.938516
0.938516
0.938516
0.938516
0.938516
0.938516
0.938516
0.938516
0.938516
0.938516
0.938516
0.938516
0.938516
0.938516
0.938516
0.938516
0.938516
0.938516
0.938516
0.938516
0.938516
0.938516
0.938516
0.938516
0.938516
0.938516
0.938516
0.938516
0.938516
0.938516
0.938516
0.938516
0.938516
0.938516
0.938516
0.938516
0.938516
0.938516
0.938516
0.938516
0.938516
0.938516
0.938516
0.938516
0.938516
0.938516
0.938516
0.938516
0.938516
0.938516
0.938516
0.938516
0.938516
0.938516
0.938516
0.938516
0.938516
0.938516
0.938516
0.938516
0.938516
0.938516
0.938516
0.938516
0.938516
0.938516
0.938516
