0.0148691
0.0222815
0.0257093
0.0272337
0.0278989
0.0281868
0.0283108
0.0283642
0.0283871
0.0283969
0.0284012
 0.028403
0.0284038
0.0284041
0.0284043
0.0284043
0.0284044
0.0284044
0.0284044
0.0284044
0.0284044
0.0284044
0.0284044
0.0284044
0.0284044
0.0284044
0.0284044
0.0284044
0.0284044
0.0284044
0.0284044
0.0284044
0.0284044
0.0284044
0.0284044
0.0284044
0.0284044
0.0284044
0.0284044
0.0284044
0.0284044
0.0284044
0.0284044
0.0284044
0.0284044
0.0284044
0.0284044
0.0284044
0.0284044
0.0284044
0.0284044
0.0284044
0.0284044
0.0284044
0.0284044
0.0284044
0.0284044
0.0284044
0.0284044
0.0284044
0.0284044
0.0284044
0.0284044
0.0284044
0.0284044
0.0284044
0.0284044
0.0284044
0.0284044
0.0284044
0.0284044
0.0284044
0.0284044
0.0284044
0.0284044
0.0284044
0.0284044
0.0284044
0.0284044
0.0284044
0.0284044
0.0284044
0.0284044
0.0284044
0.0284044
0.0284044
0.0284044
0.0284044
0.0284044
0.0284044
0.0284044
0.0284044
0.0284044
0.0284044
0.0284044
0.0284044
0.0284044
0.0284044
0.0284044
0.0284044
