 35.338
70.1156
103.167
121.577
125.484
123.394
121.037
119.892
119.639
119.732
119.858
119.925
119.943
119.939
119.932
119.928
119.927
119.927
119.928
119.928
119.928
119.928
119.928
119.928
119.928
119.928
119.928
119.928
119.928
119.928
119.928
119.928
119.928
119.928
119.928
119.928
119.928
119.928
119.928
119.928
119.928
119.928
119.928
119.928
119.928
119.928
119.928
119.928
119.928
119.928
119.928
119.928
119.928
119.928
119.928
119.928
119.928
119.928
119.928
119.928
119.928
119.928
119.928
119.928
119.928
119.928
119.928
119.928
119.928
119.928
119.928
119.928
119.928
119.928
119.928
119.928
119.928
119.928
119.928
119.928
119.928
119.928
119.928
119.928
119.928
119.928
119.928
119.928
119.928
119.928
119.928
119.928
119.928
119.928
119.928
119.928
119.928
119.928
119.928
119.928
