 9.7286
9.30561
8.80419
8.39527
8.18582
8.13427
8.14827
8.17011
8.18211
 8.1854
8.18486
 8.1837
  8.183
8.18279
 8.1828
8.18286
 8.1829
8.18292
8.18292
8.18291
8.18291
8.18291
8.18291
8.18291
8.18291
8.18291
8.18291
8.18291
8.18291
8.18291
8.18291
8.18291
8.18291
8.18291
8.18291
8.18291
8.18291
8.18291
8.18291
8.18291
8.18291
8.18291
8.18291
8.18291
8.18291
8.18291
8.18291
8.18291
8.18291
8.18291
8.18291
8.18291
8.18291
8.18291
8.18291
8.18291
8.18291
8.18291
8.18291
8.18291
8.18291
8.18291
8.18291
8.18291
8.18291
8.18291
8.18291
8.18291
8.18291
8.18291
8.18291
8.18291
8.18291
8.18291
8.18291
8.18291
8.18291
8.18291
8.18291
8.18291
8.18291
8.18291
8.18291
8.18291
8.18291
8.18291
8.18291
8.18291
8.18291
8.18291
8.18291
8.18291
8.18291
8.18291
8.18291
8.18291
8.18291
8.18291
8.18291
8.18291
