 0.94572
0.861121
0.760838
0.679054
0.637164
0.626853
0.629654
0.634023
0.636422
0.637079
0.636973
 0.63674
0.636601
0.636558
 0.63656
0.636572
 0.63658
0.636583
0.636583
0.636583
0.636582
0.636582
0.636582
0.636582
0.636582
0.636582
0.636582
0.636582
0.636582
0.636582
0.636582
0.636582
0.636582
0.636582
0.636582
0.636582
0.636582
0.636582
0.636582
0.636582
0.636582
0.636582
0.636582
0.636582
0.636582
0.636582
0.636582
0.636582
0.636582
0.636582
0.636582
0.636582
0.636582
0.636582
0.636582
0.636582
0.636582
0.636582
0.636582
0.636582
0.636582
0.636582
0.636582
0.636582
0.636582
0.636582
0.636582
0.636582
0.636582
0.636582
0.636582
0.636582
0.636582
0.636582
0.636582
0.636582
0.636582
0.636582
0.636582
0.636582
0.636582
0.636582
0.636582
0.636582
0.636582
0.636582
0.636582
0.636582
0.636582
0.636582
0.636582
0.636582
0.636582
0.636582
0.636582
0.636582
0.636582
0.636582
0.636582
0.636582
