0.0258681
0.0614243
0.0953158
 0.114325
 0.118483
 0.116424
 0.114029
 0.112851
 0.112583
 0.112673
 0.112801
  0.11287
 0.112889
 0.112885
 0.112878
 0.112874
 0.112873
 0.112873
 0.112874
 0.112874
 0.112874
 0.112874
 0.112874
 0.112874
 0.112874
 0.112874
 0.112874
 0.112874
 0.112874
 0.112874
 0.112874
 0.112874
 0.112874
 0.112874
 0.112874
 0.112874
 0.112874
 0.112874
 0.112874
 0.112874
 0.112874
 0.112874
 0.112874
 0.112874
 0.112874
 0.112874
 0.112874
 0.112874
 0.112874
 0.112874
 0.112874
 0.112874
 0.112874
 0.112874
 0.112874
 0.112874
 0.112874
 0.112874
 0.112874
 0.112874
 0.112874
 0.112874
 0.112874
 0.112874
 0.112874
 0.112874
 0.112874
 0.112874
 0.112874
 0.112874
 0.112874
 0.112874
 0.112874
 0.112874
 0.112874
 0.112874
 0.112874
 0.112874
 0.112874
 0.112874
 0.112874
 0.112874
 0.112874
 0.112874
 0.112874
 0.112874
 0.112874
 0.112874
 0.112874
 0.112874
 0.112874
 0.112874
 0.112874
 0.112874
 0.112874
 0.112874
 0.112874
 0.112874
 0.112874
 0.112874
