30.0289
48.6033
62.9365
72.2231
77.4088
79.9867
81.1611
81.6621
81.8651
 81.944
81.9734
81.9841
81.9877
 81.989
81.9893
81.9894
81.9895
81.9895
81.9895
81.9895
81.9895
81.9895
81.9895
81.9895
81.9895
81.9895
81.9895
81.9895
81.9895
81.9895
81.9895
81.9895
81.9895
81.9895
81.9895
81.9895
81.9895
81.9895
81.9895
81.9895
81.9895
81.9895
81.9895
81.9895
81.9895
81.9895
81.9895
81.9895
81.9895
81.9895
81.9895
81.9895
81.9895
81.9895
81.9895
81.9895
81.9895
81.9895
81.9895
81.9895
81.9895
81.9895
81.9895
81.9895
81.9895
81.9895
81.9895
81.9895
81.9895
81.9895
81.9895
81.9895
81.9895
81.9895
81.9895
81.9895
81.9895
81.9895
81.9895
81.9895
81.9895
81.9895
81.9895
81.9895
81.9895
81.9895
81.9895
81.9895
81.9895
81.9895
81.9895
81.9895
81.9895
81.9895
81.9895
81.9895
81.9895
81.9895
81.9895
81.9895
