9.78678
9.56993
9.38387
9.24907
9.16522
9.11931
9.09659
 9.0862
9.08173
 9.0799
9.07919
9.07892
9.07882
9.07879
9.07877
9.07877
9.07877
9.07877
9.07877
9.07877
9.07877
9.07877
9.07877
9.07877
9.07877
9.07877
9.07877
9.07877
9.07877
9.07877
9.07877
9.07877
9.07877
9.07877
9.07877
9.07877
9.07877
9.07877
9.07877
9.07877
9.07877
9.07877
9.07877
9.07877
9.07877
9.07877
9.07877
9.07877
9.07877
9.07877
9.07877
9.07877
9.07877
9.07877
9.07877
9.07877
9.07877
9.07877
9.07877
9.07877
9.07877
9.07877
9.07877
9.07877
9.07877
9.07877
9.07877
9.07877
9.07877
9.07877
9.07877
9.07877
9.07877
9.07877
9.07877
9.07877
9.07877
9.07877
9.07877
9.07877
9.07877
9.07877
9.07877
9.07877
9.07877
9.07877
9.07877
9.07877
9.07877
9.07877
9.07877
9.07877
9.07877
9.07877
9.07877
9.07877
9.07877
9.07877
9.07877
9.07877
