0.957357
0.913985
0.876775
0.849814
0.833045
0.823862
0.819318
 0.81724
0.816346
0.815981
0.815838
0.815784
0.815764
0.815757
0.815755
0.815754
0.815754
0.815754
0.815754
0.815754
0.815754
0.815754
0.815754
0.815754
0.815754
0.815754
0.815754
0.815754
0.815754
0.815754
0.815754
0.815754
0.815754
0.815754
0.815754
0.815754
0.815754
0.815754
0.815754
0.815754
0.815754
0.815754
0.815754
0.815754
0.815754
0.815754
0.815754
0.815754
0.815754
0.815754
0.815754
0.815754
0.815754
0.815754
0.815754
0.815754
0.815754
0.815754
0.815754
0.815754
0.815754
0.815754
0.815754
0.815754
0.815754
0.815754
0.815754
0.815754
0.815754
0.815754
0.815754
0.815754
0.815754
0.815754
0.815754
0.815754
0.815754
0.815754
0.815754
0.815754
0.815754
0.815754
0.815754
0.815754
0.815754
0.815754
0.815754
0.815754
0.815754
0.815754
0.815754
0.815754
0.815754
0.815754
0.815754
0.815754
0.815754
0.815754
0.815754
0.815754
