0.0204466
0.0394276
0.0540936
0.0636101
 0.068933
0.0715832
0.0727924
 0.073309
0.0735186
0.0736001
0.0736306
0.0736416
0.0736454
0.0736466
 0.073647
0.0736471
0.0736472
0.0736472
0.0736472
0.0736472
0.0736472
0.0736472
0.0736472
0.0736472
0.0736472
0.0736472
0.0736472
0.0736472
0.0736472
0.0736472
0.0736472
0.0736472
0.0736472
0.0736472
0.0736472
0.0736472
0.0736472
0.0736472
0.0736472
0.0736472
0.0736472
0.0736472
0.0736472
0.0736472
0.0736472
0.0736472
0.0736472
0.0736472
0.0736472
0.0736472
0.0736472
0.0736472
0.0736472
0.0736472
0.0736472
0.0736472
0.0736472
0.0736472
0.0736472
0.0736472
0.0736472
0.0736472
0.0736472
0.0736472
0.0736472
0.0736472
0.0736472
0.0736472
0.0736472
0.0736472
0.0736472
0.0736472
0.0736472
0.0736472
0.0736472
0.0736472
0.0736472
0.0736472
0.0736472
0.0736472
0.0736472
0.0736472
0.0736472
0.0736472
0.0736472
0.0736472
0.0736472
0.0736472
0.0736472
0.0736472
0.0736472
0.0736472
0.0736472
0.0736472
0.0736472
0.0736472
0.0736472
0.0736472
0.0736472
0.0736472
