566.903
947.027
685.311
760.299
757.969
749.525
753.589
752.844
752.665
752.838
752.784
752.786
752.792
752.789
752.789
 752.79
752.789
752.789
752.789
752.789
752.789
752.789
752.789
752.789
752.789
752.789
752.789
752.789
752.789
752.789
752.789
752.789
752.789
752.789
752.789
752.789
752.789
752.789
752.789
752.789
752.789
752.789
752.789
752.789
752.789
752.789
752.789
752.789
752.789
752.789
752.789
752.789
752.789
752.789
752.789
752.789
752.789
752.789
752.789
752.789
752.789
752.789
752.789
752.789
752.789
752.789
752.789
752.789
752.789
752.789
752.789
752.789
752.789
752.789
752.789
752.789
752.789
752.789
752.789
752.789
752.789
752.789
752.789
752.789
752.789
752.789
752.789
752.789
752.789
752.789
752.789
752.789
752.789
752.789
752.789
752.789
752.789
752.789
752.789
752.789
