22.4733
16.1208
17.5109
17.6373
17.3975
17.4848
17.4758
17.4689
17.4731
17.4721
 17.472
17.4722
17.4721
17.4721
17.4721
17.4721
17.4721
17.4721
17.4721
17.4721
17.4721
17.4721
17.4721
17.4721
17.4721
17.4721
17.4721
17.4721
17.4721
17.4721
17.4721
17.4721
17.4721
17.4721
17.4721
17.4721
17.4721
17.4721
17.4721
17.4721
17.4721
17.4721
17.4721
17.4721
17.4721
17.4721
17.4721
17.4721
17.4721
17.4721
17.4721
17.4721
17.4721
17.4721
17.4721
17.4721
17.4721
17.4721
17.4721
17.4721
17.4721
17.4721
17.4721
17.4721
17.4721
17.4721
17.4721
17.4721
17.4721
17.4721
17.4721
17.4721
17.4721
17.4721
17.4721
17.4721
17.4721
17.4721
17.4721
17.4721
17.4721
17.4721
17.4721
17.4721
17.4721
17.4721
17.4721
17.4721
17.4721
17.4721
17.4721
17.4721
17.4721
17.4721
17.4721
17.4721
17.4721
17.4721
17.4721
17.4721
