0.797867
0.289665
0.400874
0.410985
0.391802
0.398781
0.398067
 0.39751
0.397846
0.397767
 0.39776
0.397773
0.397768
0.397768
0.397769
0.397768
0.397768
0.397768
0.397768
0.397768
0.397768
0.397768
0.397768
0.397768
0.397768
0.397768
0.397768
0.397768
0.397768
0.397768
0.397768
0.397768
0.397768
0.397768
0.397768
0.397768
0.397768
0.397768
0.397768
0.397768
0.397768
0.397768
0.397768
0.397768
0.397768
0.397768
0.397768
0.397768
0.397768
0.397768
0.397768
0.397768
0.397768
0.397768
0.397768
0.397768
0.397768
0.397768
0.397768
0.397768
0.397768
0.397768
0.397768
0.397768
0.397768
0.397768
0.397768
0.397768
0.397768
0.397768
0.397768
0.397768
0.397768
0.397768
0.397768
0.397768
0.397768
0.397768
0.397768
0.397768
0.397768
0.397768
0.397768
0.397768
0.397768
0.397768
0.397768
0.397768
0.397768
0.397768
0.397768
0.397768
0.397768
0.397768
0.397768
0.397768
0.397768
0.397768
0.397768
0.397768
