0.0874586
 0.149543
 0.107277
 0.119303
 0.118967
 0.117597
 0.118251
 0.118133
 0.118103
 0.118131
 0.118122
 0.118123
 0.118124
 0.118123
 0.118123
 0.118123
 0.118123
 0.118123
 0.118123
 0.118123
 0.118123
 0.118123
 0.118123
 0.118123
 0.118123
 0.118123
 0.118123
 0.118123
 0.118123
 0.118123
 0.118123
 0.118123
 0.118123
 0.118123
 0.118123
 0.118123
 0.118123
 0.118123
 0.118123
 0.118123
 0.118123
 0.118123
 0.118123
 0.118123
 0.118123
 0.118123
 0.118123
 0.118123
 0.118123
 0.118123
 0.118123
 0.118123
 0.118123
 0.118123
 0.118123
 0.118123
 0.118123
 0.118123
 0.118123
 0.118123
 0.118123
 0.118123
 0.118123
 0.118123
 0.118123
 0.118123
 0.118123
 0.118123
 0.118123
 0.118123
 0.118123
 0.118123
 0.118123
 0.118123
 0.118123
 0.118123
 0.118123
 0.118123
 0.118123
 0.118123
 0.118123
 0.118123
 0.118123
 0.118123
 0.118123
 0.118123
 0.118123
 0.118123
 0.118123
 0.118123
 0.118123
 0.118123
 0.118123
 0.118123
 0.118123
 0.118123
 0.118123
 0.118123
 0.118123
 0.118123
