44.8127
118.348
177.265
157.647
121.492
105.625
105.647
112.463
118.704
120.818
119.668
117.797
116.771
116.744
117.178
117.554
117.672
117.603
117.492
117.431
117.429
117.456
117.478
117.485
117.481
117.474
 117.47
 117.47
117.472
117.473
117.474
117.474
117.473
117.473
117.473
117.473
117.473
117.473
117.473
117.473
117.473
117.473
117.473
117.473
117.473
117.473
117.473
117.473
117.473
117.473
117.473
117.473
117.473
117.473
117.473
117.473
117.473
117.473
117.473
117.473
117.473
117.473
117.473
117.473
117.473
117.473
117.473
117.473
117.473
117.473
117.473
117.473
117.473
117.473
117.473
117.473
117.473
117.473
117.473
117.473
117.473
117.473
117.473
117.473
117.473
117.473
117.473
117.473
117.473
117.473
117.473
117.473
117.473
117.473
117.473
117.473
117.473
117.473
117.473
117.473
