9.62344
8.64151
7.12862
6.21363
6.27058
6.65346
6.92337
6.98797
6.92021
6.83123
6.78759
6.79144
6.81389
6.83076
6.83481
6.83063
6.82533
6.82279
6.82305
6.82439
 6.8254
6.82564
6.82538
6.82507
6.82492
6.82493
6.82501
6.82507
6.82509
6.82507
6.82505
6.82504
6.82505
6.82505
6.82505
6.82505
6.82505
6.82505
6.82505
6.82505
6.82505
6.82505
6.82505
6.82505
6.82505
6.82505
6.82505
6.82505
6.82505
6.82505
6.82505
6.82505
6.82505
6.82505
6.82505
6.82505
6.82505
6.82505
6.82505
6.82505
6.82505
6.82505
6.82505
6.82505
6.82505
6.82505
6.82505
6.82505
6.82505
6.82505
6.82505
6.82505
6.82505
6.82505
6.82505
6.82505
6.82505
6.82505
6.82505
6.82505
6.82505
6.82505
6.82505
6.82505
6.82505
6.82505
6.82505
6.82505
6.82505
6.82505
6.82505
6.82505
6.82505
6.82505
6.82505
6.82505
6.82505
6.82505
6.82505
6.82505
