0.924689
0.728302
0.425725
0.242725
0.254117
0.330692
0.384674
0.397595
0.384043
0.366246
0.357518
0.358288
0.362779
0.366153
0.366962
0.366126
0.365067
0.364559
 0.36461
0.364879
 0.36508
0.365127
0.365077
0.365013
0.364983
0.364987
0.365003
0.365015
0.365018
0.365014
0.365011
0.365009
0.365009
 0.36501
0.365011
0.365011
0.365011
0.365011
 0.36501
 0.36501
0.365011
0.365011
0.365011
0.365011
0.365011
0.365011
0.365011
0.365011
0.365011
0.365011
0.365011
0.365011
0.365011
0.365011
0.365011
0.365011
0.365011
0.365011
0.365011
0.365011
0.365011
0.365011
0.365011
0.365011
0.365011
0.365011
0.365011
0.365011
0.365011
0.365011
0.365011
0.365011
0.365011
0.365011
0.365011
0.365011
0.365011
0.365011
0.365011
0.365011
0.365011
0.365011
0.365011
0.365011
0.365011
0.365011
0.365011
0.365011
0.365011
0.365011
0.365011
0.365011
0.365011
0.365011
0.365011
0.365011
0.365011
0.365011
0.365011
0.365011
