0.0355447
 0.110814
 0.171855
 0.152963
 0.116385
 0.099971
 0.099721
 0.106541
 0.112913
 0.115138
 0.114021
 0.112127
 0.111068
 0.111023
 0.111458
 0.111842
 0.111967
 0.111899
 0.111787
 0.111724
 0.111721
 0.111748
  0.11177
 0.111778
 0.111774
 0.111767
 0.111763
 0.111763
 0.111765
 0.111766
 0.111766
 0.111766
 0.111766
 0.111765
 0.111765
 0.111766
 0.111766
 0.111766
 0.111766
 0.111766
 0.111766
 0.111766
 0.111766
 0.111766
 0.111766
 0.111766
 0.111766
 0.111766
 0.111766
 0.111766
 0.111766
 0.111766
 0.111766
 0.111766
 0.111766
 0.111766
 0.111766
 0.111766
 0.111766
 0.111766
 0.111766
 0.111766
 0.111766
 0.111766
 0.111766
 0.111766
 0.111766
 0.111766
 0.111766
 0.111766
 0.111766
 0.111766
 0.111766
 0.111766
 0.111766
 0.111766
 0.111766
 0.111766
 0.111766
 0.111766
 0.111766
 0.111766
 0.111766
 0.111766
 0.111766
 0.111766
 0.111766
 0.111766
 0.111766
 0.111766
 0.111766
 0.111766
 0.111766
 0.111766
 0.111766
 0.111766
 0.111766
 0.111766
 0.111766
 0.111766
