40.4412
94.8564
146.206
 155.18
139.145
126.608
122.936
124.284
126.587
 127.85
127.976
127.629
 127.33
 127.23
127.259
127.316
127.347
127.351
127.343
127.335
127.333
127.333
127.335
127.336
127.336
127.336
127.335
127.335
127.335
127.335
127.335
127.335
127.335
127.335
127.335
127.335
127.335
127.335
127.335
127.335
127.335
127.335
127.335
127.335
127.335
127.335
127.335
127.335
127.335
127.335
127.335
127.335
127.335
127.335
127.335
127.335
127.335
127.335
127.335
127.335
127.335
127.335
127.335
127.335
127.335
127.335
127.335
127.335
127.335
127.335
127.335
127.335
127.335
127.335
127.335
127.335
127.335
127.335
127.335
127.335
127.335
127.335
127.335
127.335
127.335
127.335
127.335
127.335
127.335
127.335
127.335
127.335
127.335
127.335
127.335
127.335
127.335
127.335
127.335
127.335
