9.67217
8.97849
 7.9955
7.27201
7.11062
7.24432
7.38652
7.44461
7.43889
7.41421
 7.3978
7.39426
7.39733
7.40082
7.40233
7.40224
7.40165
7.40124
7.40115
7.40122
 7.4013
7.40134
7.40134
7.40133
7.40132
7.40131
7.40132
7.40132
7.40132
7.40132
7.40132
7.40132
7.40132
7.40132
7.40132
7.40132
7.40132
7.40132
7.40132
7.40132
7.40132
7.40132
7.40132
7.40132
7.40132
7.40132
7.40132
7.40132
7.40132
7.40132
7.40132
7.40132
7.40132
7.40132
7.40132
7.40132
7.40132
7.40132
7.40132
7.40132
7.40132
7.40132
7.40132
7.40132
7.40132
7.40132
7.40132
7.40132
7.40132
7.40132
7.40132
7.40132
7.40132
7.40132
7.40132
7.40132
7.40132
7.40132
7.40132
7.40132
7.40132
7.40132
7.40132
7.40132
7.40132
7.40132
7.40132
7.40132
7.40132
7.40132
7.40132
7.40132
7.40132
7.40132
7.40132
7.40132
7.40132
7.40132
7.40132
7.40132
