0.934433
0.795697
0.599101
0.454402
0.422125
0.448863
0.477305
0.488922
0.487779
0.482841
0.479561
0.478853
0.479466
0.480164
0.480466
0.480448
 0.48033
0.480249
 0.48023
0.480244
0.480261
0.480269
0.480268
0.480266
0.480264
0.480263
0.480263
0.480264
0.480264
0.480264
0.480264
0.480264
0.480264
0.480264
0.480264
0.480264
0.480264
0.480264
0.480264
0.480264
0.480264
0.480264
0.480264
0.480264
0.480264
0.480264
0.480264
0.480264
0.480264
0.480264
0.480264
0.480264
0.480264
0.480264
0.480264
0.480264
0.480264
0.480264
0.480264
0.480264
0.480264
0.480264
0.480264
0.480264
0.480264
0.480264
0.480264
0.480264
0.480264
0.480264
0.480264
0.480264
0.480264
0.480264
0.480264
0.480264
0.480264
0.480264
0.480264
0.480264
0.480264
0.480264
0.480264
0.480264
0.480264
0.480264
0.480264
0.480264
0.480264
0.480264
0.480264
0.480264
0.480264
0.480264
0.480264
0.480264
0.480264
0.480264
0.480264
0.480264
