0.0310798
0.0867454
 0.139607
 0.149402
 0.133368
 0.120569
 0.116717
 0.118019
 0.120352
 0.121652
 0.121796
 0.121449
 0.121145
  0.12104
 0.121068
 0.121125
 0.121157
 0.121161
 0.121153
 0.121146
 0.121143
 0.121144
 0.121145
 0.121146
 0.121146
 0.121146
 0.121146
 0.121145
 0.121145
 0.121145
 0.121146
 0.121146
 0.121146
 0.121146
 0.121145
 0.121145
 0.121146
 0.121146
 0.121146
 0.121146
 0.121146
 0.121146
 0.121146
 0.121146
 0.121146
 0.121146
 0.121146
 0.121146
 0.121146
 0.121146
 0.121146
 0.121146
 0.121146
 0.121146
 0.121146
 0.121146
 0.121146
 0.121146
 0.121146
 0.121146
 0.121146
 0.121146
 0.121146
 0.121146
 0.121146
 0.121146
 0.121146
 0.121146
 0.121146
 0.121146
 0.121146
 0.121146
 0.121146
 0.121146
 0.121146
 0.121146
 0.121146
 0.121146
 0.121146
 0.121146
 0.121146
 0.121146
 0.121146
 0.121146
 0.121146
 0.121146
 0.121146
 0.121146
 0.121146
 0.121146
 0.121146
 0.121146
 0.121146
 0.121146
 0.121146
 0.121146
 0.121146
 0.121146
 0.121146
 0.121146
