9.90179
9.88387
9.88078
9.88025
9.88016
9.88015
9.88015
9.88014
9.88014
9.88014
9.88014
9.88014
9.88014
9.88014
9.88014
9.88014
9.88014
9.88014
9.88014
9.88014
9.88014
9.88014
9.88014
9.88014
9.88014
9.88014
9.88014
9.88014
9.88014
9.88014
9.88014
9.88014
9.88014
9.88014
9.88014
9.88014
9.88014
9.88014
9.88014
9.88014
9.88014
9.88014
9.88014
9.88014
9.88014
9.88014
9.88014
9.88014
9.88014
9.88014
9.88014
9.88014
9.88014
9.88014
9.88014
9.88014
9.88014
9.88014
9.88014
9.88014
9.88014
9.88014
9.88014
9.88014
9.88014
9.88014
9.88014
9.88014
9.88014
9.88014
9.88014
9.88014
9.88014
9.88014
9.88014
9.88014
9.88014
9.88014
9.88014
9.88014
9.88014
9.88014
9.88014
9.88014
9.88014
9.88014
9.88014
9.88014
9.88014
9.88014
9.88014
9.88014
9.88014
9.88014
9.88014
9.88014
9.88014
9.88014
9.88014
9.88014
