19.3715
21.0014
 21.278
21.3247
21.3326
21.3339
21.3342
21.3342
21.3342
21.3342
21.3342
21.3342
21.3342
21.3342
21.3342
21.3342
21.3342
21.3342
21.3342
21.3342
21.3342
21.3342
21.3342
21.3342
21.3342
21.3342
21.3342
21.3342
21.3342
21.3342
21.3342
21.3342
21.3342
21.3342
21.3342
21.3342
21.3342
21.3342
21.3342
21.3342
21.3342
21.3342
21.3342
21.3342
21.3342
21.3342
21.3342
21.3342
21.3342
21.3342
21.3342
21.3342
21.3342
21.3342
21.3342
21.3342
21.3342
21.3342
21.3342
21.3342
21.3342
21.3342
21.3342
21.3342
21.3342
21.3342
21.3342
21.3342
21.3342
21.3342
21.3342
21.3342
21.3342
21.3342
21.3342
21.3342
21.3342
21.3342
21.3342
21.3342
21.3342
21.3342
21.3342
21.3342
21.3342
21.3342
21.3342
21.3342
21.3342
21.3342
21.3342
21.3342
21.3342
21.3342
21.3342
21.3342
21.3342
21.3342
21.3342
21.3342
