0.980358
0.976774
0.976155
 0.97605
0.976033
 0.97603
0.976029
0.976029
0.976029
0.976029
0.976029
0.976029
0.976029
0.976029
0.976029
0.976029
0.976029
0.976029
0.976029
0.976029
0.976029
0.976029
0.976029
0.976029
0.976029
0.976029
0.976029
0.976029
0.976029
0.976029
0.976029
0.976029
0.976029
0.976029
0.976029
0.976029
0.976029
0.976029
0.976029
0.976029
0.976029
0.976029
0.976029
0.976029
0.976029
0.976029
0.976029
0.976029
0.976029
0.976029
0.976029
0.976029
0.976029
0.976029
0.976029
0.976029
0.976029
0.976029
0.976029
0.976029
0.976029
0.976029
0.976029
0.976029
0.976029
0.976029
0.976029
0.976029
0.976029
0.976029
0.976029
0.976029
0.976029
0.976029
0.976029
0.976029
0.976029
0.976029
0.976029
0.976029
0.976029
0.976029
0.976029
0.976029
0.976029
0.976029
0.976029
0.976029
0.976029
0.976029
0.976029
0.976029
0.976029
0.976029
0.976029
0.976029
0.976029
0.976029
0.976029
0.976029
