0.00956533
 0.0112298
 0.0115123
 0.0115601
 0.0115681
 0.0115695
 0.0115697
 0.0115698
 0.0115698
 0.0115698
 0.0115698
 0.0115698
 0.0115698
 0.0115698
 0.0115698
 0.0115698
 0.0115698
 0.0115698
 0.0115698
 0.0115698
 0.0115698
 0.0115698
 0.0115698
 0.0115698
 0.0115698
 0.0115698
 0.0115698
 0.0115698
 0.0115698
 0.0115698
 0.0115698
 0.0115698
 0.0115698
 0.0115698
 0.0115698
 0.0115698
 0.0115698
 0.0115698
 0.0115698
 0.0115698
 0.0115698
 0.0115698
 0.0115698
 0.0115698
 0.0115698
 0.0115698
 0.0115698
 0.0115698
 0.0115698
 0.0115698
 0.0115698
 0.0115698
 0.0115698
 0.0115698
 0.0115698
 0.0115698
 0.0115698
 0.0115698
 0.0115698
 0.0115698
 0.0115698
 0.0115698
 0.0115698
 0.0115698
 0.0115698
 0.0115698
 0.0115698
 0.0115698
 0.0115698
 0.0115698
 0.0115698
 0.0115698
 0.0115698
 0.0115698
 0.0115698
 0.0115698
 0.0115698
 0.0115698
 0.0115698
 0.0115698
 0.0115698
 0.0115698
 0.0115698
 0.0115698
 0.0115698
 0.0115698
 0.0115698
 0.0115698
 0.0115698
 0.0115698
 0.0115698
 0.0115698
 0.0115698
 0.0115698
 0.0115698
 0.0115698
 0.0115698
 0.0115698
 0.0115698
 0.0115698
