19.5778
21.3433
21.6604
21.7171
21.7272
 21.729
21.7293
21.7294
21.7294
21.7294
21.7294
21.7294
21.7294
21.7294
21.7294
21.7294
21.7294
21.7294
21.7294
21.7294
21.7294
21.7294
21.7294
21.7294
21.7294
21.7294
21.7294
21.7294
21.7294
21.7294
21.7294
21.7294
21.7294
21.7294
21.7294
21.7294
21.7294
21.7294
21.7294
21.7294
21.7294
21.7294
21.7294
21.7294
21.7294
21.7294
21.7294
21.7294
21.7294
21.7294
21.7294
21.7294
21.7294
21.7294
21.7294
21.7294
21.7294
21.7294
21.7294
21.7294
21.7294
21.7294
21.7294
21.7294
21.7294
21.7294
21.7294
21.7294
21.7294
21.7294
21.7294
21.7294
21.7294
21.7294
21.7294
21.7294
21.7294
21.7294
21.7294
21.7294
21.7294
21.7294
21.7294
21.7294
21.7294
21.7294
21.7294
21.7294
21.7294
21.7294
21.7294
21.7294
21.7294
21.7294
21.7294
21.7294
21.7294
21.7294
21.7294
21.7294
