9.89959
9.88016
9.87661
9.87597
9.87586
9.87584
9.87583
9.87583
9.87583
9.87583
9.87583
9.87583
9.87583
9.87583
9.87583
9.87583
9.87583
9.87583
9.87583
9.87583
9.87583
9.87583
9.87583
9.87583
9.87583
9.87583
9.87583
9.87583
9.87583
9.87583
9.87583
9.87583
9.87583
9.87583
9.87583
9.87583
9.87583
9.87583
9.87583
9.87583
9.87583
9.87583
9.87583
9.87583
9.87583
9.87583
9.87583
9.87583
9.87583
9.87583
9.87583
9.87583
9.87583
9.87583
9.87583
9.87583
9.87583
9.87583
9.87583
9.87583
9.87583
9.87583
9.87583
9.87583
9.87583
9.87583
9.87583
9.87583
9.87583
9.87583
9.87583
9.87583
9.87583
9.87583
9.87583
9.87583
9.87583
9.87583
9.87583
9.87583
9.87583
9.87583
9.87583
9.87583
9.87583
9.87583
9.87583
9.87583
9.87583
9.87583
9.87583
9.87583
9.87583
9.87583
9.87583
9.87583
9.87583
9.87583
9.87583
9.87583
