0.979918
0.976032
0.975322
0.975194
0.975171
0.975167
0.975167
0.975166
0.975166
0.975166
0.975166
0.975166
0.975166
0.975166
0.975166
0.975166
0.975166
0.975166
0.975166
0.975166
0.975166
0.975166
0.975166
0.975166
0.975166
0.975166
0.975166
0.975166
0.975166
0.975166
0.975166
0.975166
0.975166
0.975166
0.975166
0.975166
0.975166
0.975166
0.975166
0.975166
0.975166
0.975166
0.975166
0.975166
0.975166
0.975166
0.975166
0.975166
0.975166
0.975166
0.975166
0.975166
0.975166
0.975166
0.975166
0.975166
0.975166
0.975166
0.975166
0.975166
0.975166
0.975166
0.975166
0.975166
0.975166
0.975166
0.975166
0.975166
0.975166
0.975166
0.975166
0.975166
0.975166
0.975166
0.975166
0.975166
0.975166
0.975166
0.975166
0.975166
0.975166
0.975166
0.975166
0.975166
0.975166
0.975166
0.975166
0.975166
0.975166
0.975166
0.975166
0.975166
0.975166
0.975166
0.975166
0.975166
0.975166
0.975166
0.975166
0.975166
