0.00977594
 0.0115789
 0.0119028
 0.0119607
 0.0119711
 0.0119729
 0.0119732
 0.0119733
 0.0119733
 0.0119733
 0.0119733
 0.0119733
 0.0119733
 0.0119733
 0.0119733
 0.0119733
 0.0119733
 0.0119733
 0.0119733
 0.0119733
 0.0119733
 0.0119733
 0.0119733
 0.0119733
 0.0119733
 0.0119733
 0.0119733
 0.0119733
 0.0119733
 0.0119733
 0.0119733
 0.0119733
 0.0119733
 0.0119733
 0.0119733
 0.0119733
 0.0119733
 0.0119733
 0.0119733
 0.0119733
 0.0119733
 0.0119733
 0.0119733
 0.0119733
 0.0119733
 0.0119733
 0.0119733
 0.0119733
 0.0119733
 0.0119733
 0.0119733
 0.0119733
 0.0119733
 0.0119733
 0.0119733
 0.0119733
 0.0119733
 0.0119733
 0.0119733
 0.0119733
 0.0119733
 0.0119733
 0.0119733
 0.0119733
 0.0119733
 0.0119733
 0.0119733
 0.0119733
 0.0119733
 0.0119733
 0.0119733
 0.0119733
 0.0119733
 0.0119733
 0.0119733
 0.0119733
 0.0119733
 0.0119733
 0.0119733
 0.0119733
 0.0119733
 0.0119733
 0.0119733
 0.0119733
 0.0119733
 0.0119733
 0.0119733
 0.0119733
 0.0119733
 0.0119733
 0.0119733
 0.0119733
 0.0119733
 0.0119733
 0.0119733
 0.0119733
 0.0119733
 0.0119733
 0.0119733
 0.0119733
