  25.65
34.7011
39.4794
41.8678
43.0261
43.5791
 43.841
43.9646
44.0228
44.0502
44.0631
44.0691
 44.072
44.0733
 44.074
44.0743
44.0744
44.0745
44.0745
44.0745
44.0745
44.0745
44.0745
44.0745
44.0745
44.0745
44.0745
44.0745
44.0745
44.0745
44.0745
44.0745
44.0745
44.0745
44.0745
44.0745
44.0745
44.0745
44.0745
44.0745
44.0745
44.0745
44.0745
44.0745
44.0745
44.0745
44.0745
44.0745
44.0745
44.0745
44.0745
44.0745
44.0745
44.0745
44.0745
44.0745
44.0745
44.0745
44.0745
44.0745
44.0745
44.0745
44.0745
44.0745
44.0745
44.0745
44.0745
44.0745
44.0745
44.0745
44.0745
44.0745
44.0745
44.0745
44.0745
44.0745
44.0745
44.0745
44.0745
44.0745
44.0745
44.0745
44.0745
44.0745
44.0745
44.0745
44.0745
44.0745
44.0745
44.0745
44.0745
44.0745
44.0745
44.0745
44.0745
44.0745
44.0745
44.0745
44.0745
44.0745
