9.83435
9.73159
9.67442
9.64485
 9.6302
9.62313
9.61976
9.61816
9.61741
9.61706
9.61689
9.61681
9.61678
9.61676
9.61675
9.61675
9.61674
9.61674
9.61674
9.61674
9.61674
9.61674
9.61674
9.61674
9.61674
9.61674
9.61674
9.61674
9.61674
9.61674
9.61674
9.61674
9.61674
9.61674
9.61674
9.61674
9.61674
9.61674
9.61674
9.61674
9.61674
9.61674
9.61674
9.61674
9.61674
9.61674
9.61674
9.61674
9.61674
9.61674
9.61674
9.61674
9.61674
9.61674
9.61674
9.61674
9.61674
9.61674
9.61674
9.61674
9.61674
9.61674
9.61674
9.61674
9.61674
9.61674
9.61674
9.61674
9.61674
9.61674
9.61674
9.61674
9.61674
9.61674
9.61674
9.61674
9.61674
9.61674
9.61674
9.61674
9.61674
9.61674
9.61674
9.61674
9.61674
9.61674
9.61674
9.61674
9.61674
9.61674
9.61674
9.61674
9.61674
9.61674
9.61674
9.61674
9.61674
9.61674
9.61674
9.61674
