0.966869
0.946318
0.934885
0.928969
 0.92604
0.924626
0.923952
0.923633
0.923482
0.923412
0.923378
0.923363
0.923355
0.923352
 0.92335
0.923349
0.923349
0.923349
0.923349
0.923349
0.923349
0.923349
0.923349
0.923349
0.923349
0.923349
0.923349
0.923349
0.923349
0.923349
0.923349
0.923349
0.923349
0.923349
0.923349
0.923349
0.923349
0.923349
0.923349
0.923349
0.923349
0.923349
0.923349
0.923349
0.923349
0.923349
0.923349
0.923349
0.923349
0.923349
0.923349
0.923349
0.923349
0.923349
0.923349
0.923349
0.923349
0.923349
0.923349
0.923349
0.923349
0.923349
0.923349
0.923349
0.923349
0.923349
0.923349
0.923349
0.923349
0.923349
0.923349
0.923349
0.923349
0.923349
0.923349
0.923349
0.923349
0.923349
0.923349
0.923349
0.923349
0.923349
0.923349
0.923349
0.923349
0.923349
0.923349
0.923349
0.923349
0.923349
0.923349
0.923349
0.923349
0.923349
0.923349
0.923349
0.923349
0.923349
0.923349
0.923349
