0.0159755
0.0252217
0.0301061
0.0325485
0.0337333
 0.034299
0.0345669
0.0346934
0.0347529
 0.034781
0.0347941
0.0348003
0.0348033
0.0348046
0.0348053
0.0348056
0.0348057
0.0348058
0.0348058
0.0348058
0.0348058
0.0348058
0.0348058
0.0348058
0.0348058
0.0348058
0.0348058
0.0348058
0.0348058
0.0348058
0.0348058
0.0348058
0.0348058
0.0348058
0.0348058
0.0348058
0.0348058
0.0348058
0.0348058
0.0348058
0.0348058
0.0348058
0.0348058
0.0348058
0.0348058
0.0348058
0.0348058
0.0348058
0.0348058
0.0348058
0.0348058
0.0348058
0.0348058
0.0348058
0.0348058
0.0348058
0.0348058
0.0348058
0.0348058
0.0348058
0.0348058
0.0348058
0.0348058
0.0348058
0.0348058
0.0348058
0.0348058
0.0348058
0.0348058
0.0348058
0.0348058
0.0348058
0.0348058
0.0348058
0.0348058
0.0348058
0.0348058
0.0348058
0.0348058
0.0348058
0.0348058
0.0348058
0.0348058
0.0348058
0.0348058
0.0348058
0.0348058
0.0348058
0.0348058
0.0348058
0.0348058
0.0348058
0.0348058
0.0348058
0.0348058
0.0348058
0.0348058
0.0348058
0.0348058
0.0348058
