9.51535
7.72668
4.82333
3.74383
4.29444
5.19644
5.96401
6.45276
6.60312
6.40664
5.98226
5.58771
5.42266
5.48532
5.65959
5.83258
5.93613
5.94905
 5.8907
5.80629
5.74147
5.71951
5.73638
 5.7721
 5.8053
5.82257
5.82136
5.80777
5.79149
5.78048
5.77794
5.78233
5.78958
5.79565
5.79828
5.79738
5.79444
5.79135
5.78952
5.78935
 5.7904
5.79184
5.79292
5.79328
5.79299
5.79237
 5.7918
5.79151
5.79154
5.79177
5.79205
5.79224
5.79228
 5.7922
5.79208
5.79197
5.79193
5.79194
  5.792
5.79205
5.79208
5.79208
5.79206
5.79204
5.79202
5.79201
5.79202
5.79203
5.79204
5.79204
5.79204
5.79204
5.79204
5.79203
5.79203
5.79203
5.79203
5.79204
5.79204
5.79204
5.79204
5.79204
5.79203
5.79203
5.79204
5.79204
5.79204
5.79204
5.79204
5.79204
5.79204
5.79204
5.79204
5.79204
5.79204
5.79204
5.79204
5.79204
5.79204
5.79204
