54.4033
 172.95
199.573
99.3691
48.2684
33.1961
32.5064
40.4284
55.7957
74.7449
87.0982
85.4157
75.0534
65.2321
59.9945
59.4013
62.1173
 66.254
69.7429
71.1427
70.3763
68.4894
  66.71
65.7691
65.7874
66.4591
67.3034
67.9033
68.0672
67.8556
67.4791
67.1542
67.0056
67.0425
67.1917
 67.354
67.4548
67.4689
 67.417
67.3422
67.2841
67.2628
67.2762
67.3078
67.3381
67.3544
 67.354
67.3421
67.3275
67.3174
67.3148
67.3185
67.3249
67.3305
 67.333
67.3323
67.3297
67.3269
67.3252
 67.325
67.3259
67.3272
67.3282
67.3285
67.3283
67.3278
67.3272
 67.327
 67.327
67.3272
67.3274
67.3276
67.3276
67.3276
67.3275
67.3274
67.3273
67.3273
67.3274
67.3274
67.3275
67.3275
67.3275
67.3274
67.3274
67.3274
67.3274
67.3274
67.3274
67.3274
67.3274
67.3274
67.3274
67.3274
67.3274
67.3274
67.3274
67.3274
67.3274
67.3274
