  0.903071
  0.545335
-0.0353344
 -0.251234
 -0.141112
 0.0392882
  0.192802
  0.290552
  0.320623
  0.281329
  0.196453
  0.117542
 0.0845312
 0.0970644
  0.131918
  0.166515
  0.187225
   0.18981
  0.178141
  0.161258
  0.148295
  0.143902
  0.147276
   0.15442
  0.161059
  0.164513
  0.164271
  0.161554
  0.158298
  0.156096
  0.155587
  0.156465
  0.157915
   0.15913
  0.159656
  0.159477
  0.158887
  0.158271
  0.157904
   0.15787
   0.15808
  0.158368
  0.158583
  0.158656
  0.158598
  0.158474
   0.15836
  0.158302
  0.158307
  0.158354
   0.15841
  0.158447
  0.158455
   0.15844
  0.158415
  0.158394
  0.158386
  0.158389
  0.158399
   0.15841
  0.158416
  0.158416
  0.158413
  0.158408
  0.158404
  0.158403
  0.158404
  0.158406
  0.158408
  0.158409
  0.158409
  0.158408
  0.158407
  0.158406
  0.158406
  0.158407
  0.158407
  0.158407
  0.158408
  0.158407
  0.158407
  0.158407
  0.158407
  0.158407
  0.158407
  0.158407
  0.158407
  0.158407
  0.158407
  0.158407
  0.158407
  0.158407
  0.158407
  0.158407
  0.158407
  0.158407
  0.158407
  0.158407
  0.158407
  0.158407
