0.0453413
 0.166892
 0.196716
0.0965912
0.0444182
0.0282825
0.0268105
0.0343189
0.0496894
0.0690285
0.0819353
0.0806344
0.0703341
0.0603503
0.0548838
0.0541099
0.0567487
0.0609141
0.0644972
0.0659963
0.0652877
0.0634039
0.0615895
 0.060603
 0.060588
 0.061249
0.0621031
0.0627227
0.0629047
0.0627022
0.0623244
0.0619918
0.0618344
0.0618655
0.0620135
0.0621784
0.0622832
0.0623006
  0.06225
0.0621746
0.0621148
0.0620919
0.0621044
0.0621358
0.0621668
0.0621839
 0.062184
0.0621723
0.0621575
0.0621471
0.0621442
0.0621477
0.0621542
0.0621599
0.0621625
0.0621619
0.0621594
0.0621565
0.0621548
0.0621545
0.0621554
0.0621567
0.0621577
0.0621581
0.0621579
0.0621573
0.0621568
0.0621565
0.0621565
0.0621567
 0.062157
0.0621571
0.0621572
0.0621571
 0.062157
0.0621569
0.0621569
0.0621569
0.0621569
 0.062157
 0.062157
 0.062157
 0.062157
 0.062157
 0.062157
0.0621569
0.0621569
 0.062157
 0.062157
 0.062157
 0.062157
 0.062157
 0.062157
 0.062157
 0.062157
 0.062157
 0.062157
 0.062157
 0.062157
 0.062157
