18.9789
20.3689
20.5794
20.6111
20.6159
20.6167
20.6168
20.6168
20.6168
20.6168
20.6168
20.6168
20.6168
20.6168
20.6168
20.6168
20.6168
20.6168
20.6168
20.6168
20.6168
20.6168
20.6168
20.6168
20.6168
20.6168
20.6168
20.6168
20.6168
20.6168
20.6168
20.6168
20.6168
20.6168
20.6168
20.6168
20.6168
20.6168
20.6168
20.6168
20.6168
20.6168
20.6168
20.6168
20.6168
20.6168
20.6168
20.6168
20.6168
20.6168
20.6168
20.6168
20.6168
20.6168
20.6168
20.6168
20.6168
20.6168
20.6168
20.6168
20.6168
20.6168
20.6168
20.6168
20.6168
20.6168
20.6168
20.6168
20.6168
20.6168
20.6168
20.6168
20.6168
20.6168
20.6168
20.6168
20.6168
20.6168
20.6168
20.6168
20.6168
20.6168
20.6168
20.6168
20.6168
20.6168
20.6168
20.6168
20.6168
20.6168
20.6168
20.6168
20.6168
20.6168
20.6168
20.6168
20.6168
20.6168
20.6168
20.6168
