9.90597
9.89072
9.88837
9.88802
9.88796
9.88795
9.88795
9.88795
9.88795
9.88795
9.88795
9.88795
9.88795
9.88795
9.88795
9.88795
9.88795
9.88795
9.88795
9.88795
9.88795
9.88795
9.88795
9.88795
9.88795
9.88795
9.88795
9.88795
9.88795
9.88795
9.88795
9.88795
9.88795
9.88795
9.88795
9.88795
9.88795
9.88795
9.88795
9.88795
9.88795
9.88795
9.88795
9.88795
9.88795
9.88795
9.88795
9.88795
9.88795
9.88795
9.88795
9.88795
9.88795
9.88795
9.88795
9.88795
9.88795
9.88795
9.88795
9.88795
9.88795
9.88795
9.88795
9.88795
9.88795
9.88795
9.88795
9.88795
9.88795
9.88795
9.88795
9.88795
9.88795
9.88795
9.88795
9.88795
9.88795
9.88795
9.88795
9.88795
9.88795
9.88795
9.88795
9.88795
9.88795
9.88795
9.88795
9.88795
9.88795
9.88795
9.88795
9.88795
9.88795
9.88795
9.88795
9.88795
9.88795
9.88795
9.88795
9.88795
