0.981195
0.978143
0.977674
0.977603
0.977592
0.977591
 0.97759
 0.97759
 0.97759
 0.97759
 0.97759
 0.97759
 0.97759
 0.97759
 0.97759
 0.97759
 0.97759
 0.97759
 0.97759
 0.97759
 0.97759
 0.97759
 0.97759
 0.97759
 0.97759
 0.97759
 0.97759
 0.97759
 0.97759
 0.97759
 0.97759
 0.97759
 0.97759
 0.97759
 0.97759
 0.97759
 0.97759
 0.97759
 0.97759
 0.97759
 0.97759
 0.97759
 0.97759
 0.97759
 0.97759
 0.97759
 0.97759
 0.97759
 0.97759
 0.97759
 0.97759
 0.97759
 0.97759
 0.97759
 0.97759
 0.97759
 0.97759
 0.97759
 0.97759
 0.97759
 0.97759
 0.97759
 0.97759
 0.97759
 0.97759
 0.97759
 0.97759
 0.97759
 0.97759
 0.97759
 0.97759
 0.97759
 0.97759
 0.97759
 0.97759
 0.97759
 0.97759
 0.97759
 0.97759
 0.97759
 0.97759
 0.97759
 0.97759
 0.97759
 0.97759
 0.97759
 0.97759
 0.97759
 0.97759
 0.97759
 0.97759
 0.97759
 0.97759
 0.97759
 0.97759
 0.97759
 0.97759
 0.97759
 0.97759
 0.97759
