0.00916455
  0.010584
  0.010799
 0.0108314
 0.0108363
 0.0108371
 0.0108372
 0.0108372
 0.0108372
 0.0108372
 0.0108372
 0.0108372
 0.0108372
 0.0108372
 0.0108372
 0.0108372
 0.0108372
 0.0108372
 0.0108372
 0.0108372
 0.0108372
 0.0108372
 0.0108372
 0.0108372
 0.0108372
 0.0108372
 0.0108372
 0.0108372
 0.0108372
 0.0108372
 0.0108372
 0.0108372
 0.0108372
 0.0108372
 0.0108372
 0.0108372
 0.0108372
 0.0108372
 0.0108372
 0.0108372
 0.0108372
 0.0108372
 0.0108372
 0.0108372
 0.0108372
 0.0108372
 0.0108372
 0.0108372
 0.0108372
 0.0108372
 0.0108372
 0.0108372
 0.0108372
 0.0108372
 0.0108372
 0.0108372
 0.0108372
 0.0108372
 0.0108372
 0.0108372
 0.0108372
 0.0108372
 0.0108372
 0.0108372
 0.0108372
 0.0108372
 0.0108372
 0.0108372
 0.0108372
 0.0108372
 0.0108372
 0.0108372
 0.0108372
 0.0108372
 0.0108372
 0.0108372
 0.0108372
 0.0108372
 0.0108372
 0.0108372
 0.0108372
 0.0108372
 0.0108372
 0.0108372
 0.0108372
 0.0108372
 0.0108372
 0.0108372
 0.0108372
 0.0108372
 0.0108372
 0.0108372
 0.0108372
 0.0108372
 0.0108372
 0.0108372
 0.0108372
 0.0108372
 0.0108372
 0.0108372
