 11.721
11.3972
11.1021
10.8951
10.7818
10.7319
10.7138
10.7083
 10.707
10.7069
10.7069
 10.707
 10.707
 10.707
 10.707
 10.707
 10.707
 10.707
 10.707
 10.707
 10.707
 10.707
 10.707
 10.707
 10.707
 10.707
 10.707
 10.707
 10.707
 10.707
 10.707
 10.707
 10.707
 10.707
 10.707
 10.707
 10.707
 10.707
 10.707
 10.707
 10.707
 10.707
 10.707
 10.707
 10.707
 10.707
 10.707
 10.707
 10.707
 10.707
 10.707
 10.707
 10.707
 10.707
 10.707
 10.707
 10.707
 10.707
 10.707
 10.707
 10.707
 10.707
 10.707
 10.707
 10.707
 10.707
 10.707
 10.707
 10.707
 10.707
 10.707
 10.707
 10.707
 10.707
 10.707
 10.707
 10.707
 10.707
 10.707
 10.707
 10.707
 10.707
 10.707
 10.707
 10.707
 10.707
 10.707
 10.707
 10.707
 10.707
 10.707
 10.707
 10.707
 10.707
 10.707
 10.707
 10.707
 10.707
 10.707
 10.707
