43.4812
76.4196
102.632
 118.33
125.597
128.296
129.109
129.297
129.318
129.311
129.303
  129.3
129.299
129.298
129.298
129.298
129.298
129.298
129.298
129.298
129.298
129.298
129.298
129.298
129.298
129.298
129.298
129.298
129.298
129.298
129.298
129.298
129.298
129.298
129.298
129.298
129.298
129.298
129.298
129.298
129.298
129.298
129.298
129.298
129.298
129.298
129.298
129.298
129.298
129.298
129.298
129.298
129.298
129.298
129.298
129.298
129.298
129.298
129.298
129.298
129.298
129.298
129.298
129.298
129.298
129.298
129.298
129.298
129.298
129.298
129.298
129.298
129.298
129.298
129.298
129.298
129.298
129.298
129.298
129.298
129.298
129.298
129.298
129.298
129.298
129.298
129.298
129.298
129.298
129.298
129.298
129.298
129.298
129.298
129.298
129.298
129.298
129.298
129.298
129.298
