0.953504
0.899525
0.850342
0.815845
0.796967
0.788651
0.785626
0.784718
0.784507
0.784481
0.784489
0.784497
0.784501
0.784502
0.784503
0.784503
0.784503
0.784503
0.784503
0.784503
0.784503
0.784503
0.784503
0.784503
0.784503
0.784503
0.784503
0.784503
0.784503
0.784503
0.784503
0.784503
0.784503
0.784503
0.784503
0.784503
0.784503
0.784503
0.784503
0.784503
0.784503
0.784503
0.784503
0.784503
0.784503
0.784503
0.784503
0.784503
0.784503
0.784503
0.784503
0.784503
0.784503
0.784503
0.784503
0.784503
0.784503
0.784503
0.784503
0.784503
0.784503
0.784503
0.784503
0.784503
0.784503
0.784503
0.784503
0.784503
0.784503
0.784503
0.784503
0.784503
0.784503
0.784503
0.784503
0.784503
0.784503
0.784503
0.784503
0.784503
0.784503
0.784503
0.784503
0.784503
0.784503
0.784503
0.784503
0.784503
0.784503
0.784503
0.784503
0.784503
0.784503
0.784503
0.784503
0.784503
0.784503
0.784503
0.784503
0.784503
