 0.022241
0.0455339
0.0640966
0.0752344
 0.080403
0.0823276
0.0829099
 0.083045
0.0830612
0.0830558
0.0830508
0.0830483
0.0830474
0.0830471
 0.083047
 0.083047
 0.083047
 0.083047
 0.083047
 0.083047
 0.083047
 0.083047
 0.083047
 0.083047
 0.083047
 0.083047
 0.083047
 0.083047
 0.083047
 0.083047
 0.083047
 0.083047
 0.083047
 0.083047
 0.083047
 0.083047
 0.083047
 0.083047
 0.083047
 0.083047
 0.083047
 0.083047
 0.083047
 0.083047
 0.083047
 0.083047
 0.083047
 0.083047
 0.083047
 0.083047
 0.083047
 0.083047
 0.083047
 0.083047
 0.083047
 0.083047
 0.083047
 0.083047
 0.083047
 0.083047
 0.083047
 0.083047
 0.083047
 0.083047
 0.083047
 0.083047
 0.083047
 0.083047
 0.083047
 0.083047
 0.083047
 0.083047
 0.083047
 0.083047
 0.083047
 0.083047
 0.083047
 0.083047
 0.083047
 0.083047
 0.083047
 0.083047
 0.083047
 0.083047
 0.083047
 0.083047
 0.083047
 0.083047
 0.083047
 0.083047
 0.083047
 0.083047
 0.083047
 0.083047
 0.083047
 0.083047
 0.083047
 0.083047
 0.083047
 0.083047
