1.98041
1.97669
  1.976
1.97588
1.97586
1.97585
1.97585
1.97585
1.97585
1.97585
1.97585
1.97585
1.97585
1.97585
1.97585
1.97585
1.97585
1.97585
1.97585
1.97585
1.97585
1.97585
1.97585
1.97585
1.97585
1.97585
1.97585
1.97585
1.97585
1.97585
1.97585
1.97585
1.97585
1.97585
1.97585
1.97585
1.97585
1.97585
1.97585
1.97585
1.97585
1.97585
1.97585
1.97585
1.97585
1.97585
1.97585
1.97585
1.97585
1.97585
1.97585
1.97585
1.97585
1.97585
1.97585
1.97585
1.97585
1.97585
1.97585
1.97585
1.97585
1.97585
1.97585
1.97585
1.97585
1.97585
1.97585
1.97585
1.97585
1.97585
1.97585
1.97585
1.97585
1.97585
1.97585
1.97585
1.97585
1.97585
1.97585
1.97585
1.97585
1.97585
1.97585
1.97585
1.97585
1.97585
1.97585
1.97585
1.97585
1.97585
1.97585
1.97585
1.97585
1.97585
1.97585
1.97585
1.97585
1.97585
1.97585
1.97585
