2.34206
2.40223
2.41273
2.41455
2.41487
2.41492
2.41493
2.41493
2.41493
2.41493
2.41493
2.41493
2.41493
2.41493
2.41493
2.41493
2.41493
2.41493
2.41493
2.41493
2.41493
2.41493
2.41493
2.41493
2.41493
2.41493
2.41493
2.41493
2.41493
2.41493
2.41493
2.41493
2.41493
2.41493
2.41493
2.41493
2.41493
2.41493
2.41493
2.41493
2.41493
2.41493
2.41493
2.41493
2.41493
2.41493
2.41493
2.41493
2.41493
2.41493
2.41493
2.41493
2.41493
2.41493
2.41493
2.41493
2.41493
2.41493
2.41493
2.41493
2.41493
2.41493
2.41493
2.41493
2.41493
2.41493
2.41493
2.41493
2.41493
2.41493
2.41493
2.41493
2.41493
2.41493
2.41493
2.41493
2.41493
2.41493
2.41493
2.41493
2.41493
2.41493
2.41493
2.41493
2.41493
2.41493
2.41493
2.41493
2.41493
2.41493
2.41493
2.41493
2.41493
2.41493
2.41493
2.41493
2.41493
2.41493
2.41493
2.41493
