0.980411
0.976694
0.976004
0.975878
0.975856
0.975852
0.975851
0.975851
0.975851
0.975851
0.975851
0.975851
0.975851
0.975851
0.975851
0.975851
0.975851
0.975851
0.975851
0.975851
0.975851
0.975851
0.975851
0.975851
0.975851
0.975851
0.975851
0.975851
0.975851
0.975851
0.975851
0.975851
0.975851
0.975851
0.975851
0.975851
0.975851
0.975851
0.975851
0.975851
0.975851
0.975851
0.975851
0.975851
0.975851
0.975851
0.975851
0.975851
0.975851
0.975851
0.975851
0.975851
0.975851
0.975851
0.975851
0.975851
0.975851
0.975851
0.975851
0.975851
0.975851
0.975851
0.975851
0.975851
0.975851
0.975851
0.975851
0.975851
0.975851
0.975851
0.975851
0.975851
0.975851
0.975851
0.975851
0.975851
0.975851
0.975851
0.975851
0.975851
0.975851
0.975851
0.975851
0.975851
0.975851
0.975851
0.975851
0.975851
0.975851
0.975851
0.975851
0.975851
0.975851
0.975851
0.975851
0.975851
0.975851
0.975851
0.975851
0.975851
