0.00951716
 0.0111983
 0.0114927
  0.011544
 0.0115529
 0.0115544
 0.0115547
 0.0115547
 0.0115548
 0.0115548
 0.0115548
 0.0115548
 0.0115548
 0.0115548
 0.0115548
 0.0115548
 0.0115548
 0.0115548
 0.0115548
 0.0115548
 0.0115548
 0.0115548
 0.0115548
 0.0115548
 0.0115548
 0.0115548
 0.0115548
 0.0115548
 0.0115548
 0.0115548
 0.0115548
 0.0115548
 0.0115548
 0.0115548
 0.0115548
 0.0115548
 0.0115548
 0.0115548
 0.0115548
 0.0115548
 0.0115548
 0.0115548
 0.0115548
 0.0115548
 0.0115548
 0.0115548
 0.0115548
 0.0115548
 0.0115548
 0.0115548
 0.0115548
 0.0115548
 0.0115548
 0.0115548
 0.0115548
 0.0115548
 0.0115548
 0.0115548
 0.0115548
 0.0115548
 0.0115548
 0.0115548
 0.0115548
 0.0115548
 0.0115548
 0.0115548
 0.0115548
 0.0115548
 0.0115548
 0.0115548
 0.0115548
 0.0115548
 0.0115548
 0.0115548
 0.0115548
 0.0115548
 0.0115548
 0.0115548
 0.0115548
 0.0115548
 0.0115548
 0.0115548
 0.0115548
 0.0115548
 0.0115548
 0.0115548
 0.0115548
 0.0115548
 0.0115548
 0.0115548
 0.0115548
 0.0115548
 0.0115548
 0.0115548
 0.0115548
 0.0115548
 0.0115548
 0.0115548
 0.0115548
 0.0115548
