  9.619
8.60833
7.04306
6.11594
6.19766
6.60492
6.88829
6.95455
6.87977
6.78204
6.73395
6.73845
6.76388
6.78316
6.78788
6.78306
6.77681
6.77375
6.77402
6.77564
6.77688
6.77719
6.77689
6.77649
6.77629
6.77631
6.77641
6.77649
6.77651
6.77649
6.77646
6.77645
6.77645
6.77646
6.77646
6.77647
6.77646
6.77646
6.77646
6.77646
6.77646
6.77646
6.77646
6.77646
6.77646
6.77646
6.77646
6.77646
6.77646
6.77646
6.77646
6.77646
6.77646
6.77646
6.77646
6.77646
6.77646
6.77646
6.77646
6.77646
6.77646
6.77646
6.77646
6.77646
6.77646
6.77646
6.77646
6.77646
6.77646
6.77646
6.77646
6.77646
6.77646
6.77646
6.77646
6.77646
6.77646
6.77646
6.77646
6.77646
6.77646
6.77646
6.77646
6.77646
6.77646
6.77646
6.77646
6.77646
6.77646
6.77646
6.77646
6.77646
6.77646
6.77646
6.77646
6.77646
6.77646
6.77646
6.77646
6.77646
