  45.21
120.557
 179.56
156.654
118.983
103.056
103.463
110.834
 117.54
 119.78
118.467
116.377
115.233
115.209
 115.71
116.145
116.285
116.203
 116.07
115.996
115.993
116.025
116.053
116.063
116.057
116.049
116.044
116.044
116.046
116.048
116.048
116.048
116.047
116.047
116.047
116.047
116.047
116.047
116.047
116.047
116.047
116.047
116.047
116.047
116.047
116.047
116.047
116.047
116.047
116.047
116.047
116.047
116.047
116.047
116.047
116.047
116.047
116.047
116.047
116.047
116.047
116.047
116.047
116.047
116.047
116.047
116.047
116.047
116.047
116.047
116.047
116.047
116.047
116.047
116.047
116.047
116.047
116.047
116.047
116.047
116.047
116.047
116.047
116.047
116.047
116.047
116.047
116.047
116.047
116.047
116.047
116.047
116.047
116.047
116.047
116.047
116.047
116.047
116.047
116.047
