  0.9238
0.721666
0.408611
0.223189
0.239532
0.320983
0.377657
0.390911
0.375953
0.356409
 0.34679
0.347691
0.352775
0.356632
0.357576
0.356611
0.355363
 0.35475
0.354803
0.355127
0.355377
0.355439
0.355378
0.355298
0.355258
0.355261
0.355282
0.355298
0.355302
0.355298
0.355293
 0.35529
0.355291
0.355292
0.355293
0.355293
0.355293
0.355293
0.355292
0.355292
0.355293
0.355293
0.355293
0.355293
0.355293
0.355293
0.355293
0.355293
0.355293
0.355293
0.355293
0.355293
0.355293
0.355293
0.355293
0.355293
0.355293
0.355293
0.355293
0.355293
0.355293
0.355293
0.355293
0.355293
0.355293
0.355293
0.355293
0.355293
0.355293
0.355293
0.355293
0.355293
0.355293
0.355293
0.355293
0.355293
0.355293
0.355293
0.355293
0.355293
0.355293
0.355293
0.355293
0.355293
0.355293
0.355293
0.355293
0.355293
0.355293
0.355293
0.355293
0.355293
0.355293
0.355293
0.355293
0.355293
0.355293
0.355293
0.355293
0.355293
