0.0359505
 0.113079
 0.174259
 0.152058
 0.113925
0.0974254
0.0975499
 0.104929
 0.111778
 0.114139
 0.112862
 0.110746
 0.109565
 0.109522
 0.110022
 0.110467
 0.110614
 0.110534
   0.1104
 0.110323
  0.11032
 0.110352
  0.11038
  0.11039
 0.110385
 0.110376
 0.110371
 0.110371
 0.110373
 0.110375
 0.110376
 0.110375
 0.110375
 0.110374
 0.110374
 0.110375
 0.110375
 0.110375
 0.110375
 0.110375
 0.110375
 0.110375
 0.110375
 0.110375
 0.110375
 0.110375
 0.110375
 0.110375
 0.110375
 0.110375
 0.110375
 0.110375
 0.110375
 0.110375
 0.110375
 0.110375
 0.110375
 0.110375
 0.110375
 0.110375
 0.110375
 0.110375
 0.110375
 0.110375
 0.110375
 0.110375
 0.110375
 0.110375
 0.110375
 0.110375
 0.110375
 0.110375
 0.110375
 0.110375
 0.110375
 0.110375
 0.110375
 0.110375
 0.110375
 0.110375
 0.110375
 0.110375
 0.110375
 0.110375
 0.110375
 0.110375
 0.110375
 0.110375
 0.110375
 0.110375
 0.110375
 0.110375
 0.110375
 0.110375
 0.110375
 0.110375
 0.110375
 0.110375
 0.110375
 0.110375
