9.90796
9.89388
9.89184
9.89154
 9.8915
 9.8915
 9.8915
 9.8915
 9.8915
 9.8915
 9.8915
 9.8915
 9.8915
 9.8915
 9.8915
 9.8915
 9.8915
 9.8915
 9.8915
 9.8915
 9.8915
 9.8915
 9.8915
 9.8915
 9.8915
 9.8915
 9.8915
 9.8915
 9.8915
 9.8915
 9.8915
 9.8915
 9.8915
 9.8915
 9.8915
 9.8915
 9.8915
 9.8915
 9.8915
 9.8915
 9.8915
 9.8915
 9.8915
 9.8915
 9.8915
 9.8915
 9.8915
 9.8915
 9.8915
 9.8915
 9.8915
 9.8915
 9.8915
 9.8915
 9.8915
 9.8915
 9.8915
 9.8915
 9.8915
 9.8915
 9.8915
 9.8915
 9.8915
 9.8915
 9.8915
 9.8915
 9.8915
 9.8915
 9.8915
 9.8915
 9.8915
 9.8915
 9.8915
 9.8915
 9.8915
 9.8915
 9.8915
 9.8915
 9.8915
 9.8915
 9.8915
 9.8915
 9.8915
 9.8915
 9.8915
 9.8915
 9.8915
 9.8915
 9.8915
 9.8915
 9.8915
 9.8915
 9.8915
 9.8915
 9.8915
 9.8915
 9.8915
 9.8915
 9.8915
 9.8915
