18.7921
20.0762
20.2598
 20.286
20.2897
20.2902
20.2903
20.2903
20.2903
20.2903
20.2903
20.2903
20.2903
20.2903
20.2903
20.2903
20.2903
20.2903
20.2903
20.2903
20.2903
20.2903
20.2903
20.2903
20.2903
20.2903
20.2903
20.2903
20.2903
20.2903
20.2903
20.2903
20.2903
20.2903
20.2903
20.2903
20.2903
20.2903
20.2903
20.2903
20.2903
20.2903
20.2903
20.2903
20.2903
20.2903
20.2903
20.2903
20.2903
20.2903
20.2903
20.2903
20.2903
20.2903
20.2903
20.2903
20.2903
20.2903
20.2903
20.2903
20.2903
20.2903
20.2903
20.2903
20.2903
20.2903
20.2903
20.2903
20.2903
20.2903
20.2903
20.2903
20.2903
20.2903
20.2903
20.2903
20.2903
20.2903
20.2903
20.2903
20.2903
20.2903
20.2903
20.2903
20.2903
20.2903
20.2903
20.2903
20.2903
20.2903
20.2903
20.2903
20.2903
20.2903
20.2903
20.2903
20.2903
20.2903
20.2903
20.2903
