0.981593
0.978776
0.978367
0.978309
0.978301
0.978299
0.978299
0.978299
0.978299
0.978299
0.978299
0.978299
0.978299
0.978299
0.978299
0.978299
0.978299
0.978299
0.978299
0.978299
0.978299
0.978299
0.978299
0.978299
0.978299
0.978299
0.978299
0.978299
0.978299
0.978299
0.978299
0.978299
0.978299
0.978299
0.978299
0.978299
0.978299
0.978299
0.978299
0.978299
0.978299
0.978299
0.978299
0.978299
0.978299
0.978299
0.978299
0.978299
0.978299
0.978299
0.978299
0.978299
0.978299
0.978299
0.978299
0.978299
0.978299
0.978299
0.978299
0.978299
0.978299
0.978299
0.978299
0.978299
0.978299
0.978299
0.978299
0.978299
0.978299
0.978299
0.978299
0.978299
0.978299
0.978299
0.978299
0.978299
0.978299
0.978299
0.978299
0.978299
0.978299
0.978299
0.978299
0.978299
0.978299
0.978299
0.978299
0.978299
0.978299
0.978299
0.978299
0.978299
0.978299
0.978299
0.978299
0.978299
0.978299
0.978299
0.978299
0.978299
