0.00897384
 0.0102851
 0.0104727
 0.0104994
 0.0105032
 0.0105038
 0.0105038
 0.0105038
 0.0105038
 0.0105038
 0.0105038
 0.0105038
 0.0105038
 0.0105038
 0.0105038
 0.0105038
 0.0105038
 0.0105038
 0.0105038
 0.0105038
 0.0105038
 0.0105038
 0.0105038
 0.0105038
 0.0105038
 0.0105038
 0.0105038
 0.0105038
 0.0105038
 0.0105038
 0.0105038
 0.0105038
 0.0105038
 0.0105038
 0.0105038
 0.0105038
 0.0105038
 0.0105038
 0.0105038
 0.0105038
 0.0105038
 0.0105038
 0.0105038
 0.0105038
 0.0105038
 0.0105038
 0.0105038
 0.0105038
 0.0105038
 0.0105038
 0.0105038
 0.0105038
 0.0105038
 0.0105038
 0.0105038
 0.0105038
 0.0105038
 0.0105038
 0.0105038
 0.0105038
 0.0105038
 0.0105038
 0.0105038
 0.0105038
 0.0105038
 0.0105038
 0.0105038
 0.0105038
 0.0105038
 0.0105038
 0.0105038
 0.0105038
 0.0105038
 0.0105038
 0.0105038
 0.0105038
 0.0105038
 0.0105038
 0.0105038
 0.0105038
 0.0105038
 0.0105038
 0.0105038
 0.0105038
 0.0105038
 0.0105038
 0.0105038
 0.0105038
 0.0105038
 0.0105038
 0.0105038
 0.0105038
 0.0105038
 0.0105038
 0.0105038
 0.0105038
 0.0105038
 0.0105038
 0.0105038
 0.0105038
