23.0176
 28.092
29.9633
30.6379
 30.879
30.9649
30.9954
31.0063
31.0102
31.0115
 31.012
31.0122
31.0123
31.0123
31.0123
31.0123
31.0123
31.0123
31.0123
31.0123
31.0123
31.0123
31.0123
31.0123
31.0123
31.0123
31.0123
31.0123
31.0123
31.0123
31.0123
31.0123
31.0123
31.0123
31.0123
31.0123
31.0123
31.0123
31.0123
31.0123
31.0123
31.0123
31.0123
31.0123
31.0123
31.0123
31.0123
31.0123
31.0123
31.0123
31.0123
31.0123
31.0123
31.0123
31.0123
31.0123
31.0123
31.0123
31.0123
31.0123
31.0123
31.0123
31.0123
31.0123
31.0123
31.0123
31.0123
31.0123
31.0123
31.0123
31.0123
31.0123
31.0123
31.0123
31.0123
31.0123
31.0123
31.0123
31.0123
31.0123
31.0123
31.0123
31.0123
31.0123
31.0123
31.0123
31.0123
31.0123
31.0123
31.0123
31.0123
31.0123
31.0123
31.0123
31.0123
31.0123
31.0123
31.0123
31.0123
31.0123
