9.86274
9.80596
9.78432
 9.7764
9.77355
9.77253
9.77217
9.77204
9.77199
9.77198
9.77197
9.77197
9.77197
9.77197
9.77197
9.77197
9.77197
9.77197
9.77197
9.77197
9.77197
9.77197
9.77197
9.77197
9.77197
9.77197
9.77197
9.77197
9.77197
9.77197
9.77197
9.77197
9.77197
9.77197
9.77197
9.77197
9.77197
9.77197
9.77197
9.77197
9.77197
9.77197
9.77197
9.77197
9.77197
9.77197
9.77197
9.77197
9.77197
9.77197
9.77197
9.77197
9.77197
9.77197
9.77197
9.77197
9.77197
9.77197
9.77197
9.77197
9.77197
9.77197
9.77197
9.77197
9.77197
9.77197
9.77197
9.77197
9.77197
9.77197
9.77197
9.77197
9.77197
9.77197
9.77197
9.77197
9.77197
9.77197
9.77197
9.77197
9.77197
9.77197
9.77197
9.77197
9.77197
9.77197
9.77197
9.77197
9.77197
9.77197
9.77197
9.77197
9.77197
9.77197
9.77197
9.77197
9.77197
9.77197
9.77197
9.77197
