0.972548
0.961191
0.956864
0.955279
 0.95471
0.954506
0.954434
0.954408
0.954399
0.954395
0.954394
0.954394
0.954394
0.954394
0.954394
0.954394
0.954394
0.954394
0.954394
0.954394
0.954394
0.954394
0.954394
0.954394
0.954394
0.954394
0.954394
0.954394
0.954394
0.954394
0.954394
0.954394
0.954394
0.954394
0.954394
0.954394
0.954394
0.954394
0.954394
0.954394
0.954394
0.954394
0.954394
0.954394
0.954394
0.954394
0.954394
0.954394
0.954394
0.954394
0.954394
0.954394
0.954394
0.954394
0.954394
0.954394
0.954394
0.954394
0.954394
0.954394
0.954394
0.954394
0.954394
0.954394
0.954394
0.954394
0.954394
0.954394
0.954394
0.954394
0.954394
0.954394
0.954394
0.954394
0.954394
0.954394
0.954394
0.954394
0.954394
0.954394
0.954394
0.954394
0.954394
0.954394
0.954394
0.954394
0.954394
0.954394
0.954394
0.954394
0.954394
0.954394
0.954394
0.954394
0.954394
0.954394
0.954394
0.954394
0.954394
0.954394
