0.0132877
0.0184707
0.0203828
0.0210722
0.0213186
0.0214064
0.0214376
0.0214487
0.0214527
0.0214541
0.0214546
0.0214548
0.0214548
0.0214549
0.0214549
0.0214549
0.0214549
0.0214549
0.0214549
0.0214549
0.0214549
0.0214549
0.0214549
0.0214549
0.0214549
0.0214549
0.0214549
0.0214549
0.0214549
0.0214549
0.0214549
0.0214549
0.0214549
0.0214549
0.0214549
0.0214549
0.0214549
0.0214549
0.0214549
0.0214549
0.0214549
0.0214549
0.0214549
0.0214549
0.0214549
0.0214549
0.0214549
0.0214549
0.0214549
0.0214549
0.0214549
0.0214549
0.0214549
0.0214549
0.0214549
0.0214549
0.0214549
0.0214549
0.0214549
0.0214549
0.0214549
0.0214549
0.0214549
0.0214549
0.0214549
0.0214549
0.0214549
0.0214549
0.0214549
0.0214549
0.0214549
0.0214549
0.0214549
0.0214549
0.0214549
0.0214549
0.0214549
0.0214549
0.0214549
0.0214549
0.0214549
0.0214549
0.0214549
0.0214549
0.0214549
0.0214549
0.0214549
0.0214549
0.0214549
0.0214549
0.0214549
0.0214549
0.0214549
0.0214549
0.0214549
0.0214549
0.0214549
0.0214549
0.0214549
0.0214549
