9.57601
8.26725
6.16981
5.16378
5.49016
 6.1358
 6.5841
6.71385
6.58746
6.37255
6.23224
6.21705
6.27739
6.34359
6.37592
6.37144
6.34898
 6.3293
6.32241
6.32648
6.33424
6.33962
6.34064
6.33868
6.33618
6.33482
6.33485
6.33563
6.33638
6.33669
6.33658
 6.3363
6.33609
6.33603
6.33609
6.33619
6.33624
6.33625
6.33622
6.33619
6.33618
6.33618
6.33619
 6.3362
 6.3362
 6.3362
 6.3362
6.33619
6.33619
6.33619
 6.3362
 6.3362
 6.3362
 6.3362
 6.3362
 6.3362
 6.3362
 6.3362
 6.3362
 6.3362
 6.3362
 6.3362
 6.3362
 6.3362
 6.3362
 6.3362
 6.3362
 6.3362
 6.3362
 6.3362
 6.3362
 6.3362
 6.3362
 6.3362
 6.3362
 6.3362
 6.3362
 6.3362
 6.3362
 6.3362
 6.3362
 6.3362
 6.3362
 6.3362
 6.3362
 6.3362
 6.3362
 6.3362
 6.3362
 6.3362
 6.3362
 6.3362
 6.3362
 6.3362
 6.3362
 6.3362
 6.3362
 6.3362
 6.3362
 6.3362
