49.0392
142.237
195.861
138.952
90.6403
74.8792
 77.704
 89.717
102.284
107.806
105.496
100.388
96.8523
96.0968
97.2537
98.8396
99.7706
99.7999
99.3145
98.8254
98.6122
 98.671
98.8462
98.9864
99.0274
98.9904
98.9316
98.8942
98.8898
98.9061
98.9245
98.9337
98.9325
98.9263
98.9209
98.9189
  98.92
98.9222
98.9237
 98.924
98.9234
98.9227
98.9223
98.9224
98.9226
98.9228
98.9229
98.9228
98.9228
98.9227
98.9227
98.9227
98.9227
98.9227
98.9227
98.9227
98.9227
98.9227
98.9227
98.9227
98.9227
98.9227
98.9227
98.9227
98.9227
98.9227
98.9227
98.9227
98.9227
98.9227
98.9227
98.9227
98.9227
98.9227
98.9227
98.9227
98.9227
98.9227
98.9227
98.9227
98.9227
98.9227
98.9227
98.9227
98.9227
98.9227
98.9227
98.9227
98.9227
98.9227
98.9227
98.9227
98.9227
98.9227
98.9227
98.9227
98.9227
98.9227
98.9227
98.9227
