 0.915202
 0.653449
 0.233962
0.0327565
0.0980313
 0.227159
  0.31682
 0.342769
 0.317492
 0.274511
 0.246447
 0.243411
 0.255479
 0.268718
 0.275184
 0.274289
 0.269795
 0.265859
 0.264482
 0.265296
 0.266848
 0.267925
 0.268128
 0.267735
 0.267237
 0.266964
  0.26697
 0.267126
 0.267277
 0.267338
 0.267316
  0.26726
 0.267217
 0.267206
 0.267219
 0.267237
 0.267248
 0.267249
 0.267244
 0.267238
 0.267236
 0.267236
 0.267238
  0.26724
  0.26724
  0.26724
 0.267239
 0.267239
 0.267239
 0.267239
 0.267239
 0.267239
 0.267239
 0.267239
 0.267239
 0.267239
 0.267239
 0.267239
 0.267239
 0.267239
 0.267239
 0.267239
 0.267239
 0.267239
 0.267239
 0.267239
 0.267239
 0.267239
 0.267239
 0.267239
 0.267239
 0.267239
 0.267239
 0.267239
 0.267239
 0.267239
 0.267239
 0.267239
 0.267239
 0.267239
 0.267239
 0.267239
 0.267239
 0.267239
 0.267239
 0.267239
 0.267239
 0.267239
 0.267239
 0.267239
 0.267239
 0.267239
 0.267239
 0.267239
 0.267239
 0.267239
 0.267239
 0.267239
 0.267239
 0.267239
