0.0398618
 0.135323
 0.191607
 0.135139
0.0860102
0.0694377
0.0718383
0.0838416
0.0966637
 0.102458
 0.100266
0.0951222
0.0914898
0.0906598
0.0917957
0.0934021
0.0943653
0.0944148
0.0939315
0.0934333
0.0932101
 0.093264
  0.09344
0.0935835
0.0936275
0.0935915
0.0935321
0.0934935
0.0934883
0.0935045
0.0935232
0.0935327
0.0935317
0.0935255
  0.09352
0.0935179
 0.093519
0.0935211
0.0935227
 0.093523
0.0935225
0.0935218
0.0935214
0.0935214
0.0935216
0.0935218
0.0935219
0.0935219
0.0935218
0.0935217
0.0935217
0.0935217
0.0935217
0.0935218
0.0935218
0.0935218
0.0935217
0.0935217
0.0935217
0.0935217
0.0935218
0.0935218
0.0935218
0.0935217
0.0935217
0.0935217
0.0935217
0.0935217
0.0935217
0.0935217
0.0935217
0.0935217
0.0935217
0.0935217
0.0935217
0.0935217
0.0935217
0.0935217
0.0935217
0.0935217
0.0935217
0.0935217
0.0935217
0.0935217
0.0935217
0.0935217
0.0935217
0.0935217
0.0935217
0.0935217
0.0935217
0.0935217
0.0935217
0.0935217
0.0935217
0.0935217
0.0935217
0.0935217
0.0935217
0.0935217
