9.88826
9.85984
9.85305
9.85147
 9.8511
9.85102
  9.851
  9.851
9.85099
9.85099
9.85099
9.85099
9.85099
9.85099
9.85099
9.85099
9.85099
9.85099
9.85099
9.85099
9.85099
9.85099
9.85099
9.85099
9.85099
9.85099
9.85099
9.85099
9.85099
9.85099
9.85099
9.85099
9.85099
9.85099
9.85099
9.85099
9.85099
9.85099
9.85099
9.85099
9.85099
9.85099
9.85099
9.85099
9.85099
9.85099
9.85099
9.85099
9.85099
9.85099
9.85099
9.85099
9.85099
9.85099
9.85099
9.85099
9.85099
9.85099
9.85099
9.85099
9.85099
9.85099
9.85099
9.85099
9.85099
9.85099
9.85099
9.85099
9.85099
9.85099
9.85099
9.85099
9.85099
9.85099
9.85099
9.85099
9.85099
9.85099
9.85099
9.85099
9.85099
9.85099
9.85099
9.85099
9.85099
9.85099
9.85099
9.85099
9.85099
9.85099
9.85099
9.85099
9.85099
9.85099
9.85099
9.85099
9.85099
9.85099
9.85099
9.85099
