20.6382
23.2083
23.8089
23.9481
23.9803
23.9877
23.9894
23.9898
23.9899
23.9899
23.9899
23.9899
23.9899
23.9899
23.9899
23.9899
23.9899
23.9899
23.9899
23.9899
23.9899
23.9899
23.9899
23.9899
23.9899
23.9899
23.9899
23.9899
23.9899
23.9899
23.9899
23.9899
23.9899
23.9899
23.9899
23.9899
23.9899
23.9899
23.9899
23.9899
23.9899
23.9899
23.9899
23.9899
23.9899
23.9899
23.9899
23.9899
23.9899
23.9899
23.9899
23.9899
23.9899
23.9899
23.9899
23.9899
23.9899
23.9899
23.9899
23.9899
23.9899
23.9899
23.9899
23.9899
23.9899
23.9899
23.9899
23.9899
23.9899
23.9899
23.9899
23.9899
23.9899
23.9899
23.9899
23.9899
23.9899
23.9899
23.9899
23.9899
23.9899
23.9899
23.9899
23.9899
23.9899
23.9899
23.9899
23.9899
23.9899
23.9899
23.9899
23.9899
23.9899
23.9899
23.9899
23.9899
23.9899
23.9899
23.9899
23.9899
