0.977652
0.971968
0.970611
0.970294
0.970221
0.970204
  0.9702
0.970199
0.970199
0.970199
0.970199
0.970199
0.970199
0.970199
0.970199
0.970199
0.970199
0.970199
0.970199
0.970199
0.970199
0.970199
0.970199
0.970199
0.970199
0.970199
0.970199
0.970199
0.970199
0.970199
0.970199
0.970199
0.970199
0.970199
0.970199
0.970199
0.970199
0.970199
0.970199
0.970199
0.970199
0.970199
0.970199
0.970199
0.970199
0.970199
0.970199
0.970199
0.970199
0.970199
0.970199
0.970199
0.970199
0.970199
0.970199
0.970199
0.970199
0.970199
0.970199
0.970199
0.970199
0.970199
0.970199
0.970199
0.970199
0.970199
0.970199
0.970199
0.970199
0.970199
0.970199
0.970199
0.970199
0.970199
0.970199
0.970199
0.970199
0.970199
0.970199
0.970199
0.970199
0.970199
0.970199
0.970199
0.970199
0.970199
0.970199
0.970199
0.970199
0.970199
0.970199
0.970199
0.970199
0.970199
0.970199
0.970199
0.970199
0.970199
0.970199
0.970199
