0.0108586
0.0134833
0.0140968
 0.014239
0.0142719
0.0142795
0.0142812
0.0142816
0.0142817
0.0142817
0.0142818
0.0142818
0.0142818
0.0142818
0.0142818
0.0142818
0.0142818
0.0142818
0.0142818
0.0142818
0.0142818
0.0142818
0.0142818
0.0142818
0.0142818
0.0142818
0.0142818
0.0142818
0.0142818
0.0142818
0.0142818
0.0142818
0.0142818
0.0142818
0.0142818
0.0142818
0.0142818
0.0142818
0.0142818
0.0142818
0.0142818
0.0142818
0.0142818
0.0142818
0.0142818
0.0142818
0.0142818
0.0142818
0.0142818
0.0142818
0.0142818
0.0142818
0.0142818
0.0142818
0.0142818
0.0142818
0.0142818
0.0142818
0.0142818
0.0142818
0.0142818
0.0142818
0.0142818
0.0142818
0.0142818
0.0142818
0.0142818
0.0142818
0.0142818
0.0142818
0.0142818
0.0142818
0.0142818
0.0142818
0.0142818
0.0142818
0.0142818
0.0142818
0.0142818
0.0142818
0.0142818
0.0142818
0.0142818
0.0142818
0.0142818
0.0142818
0.0142818
0.0142818
0.0142818
0.0142818
0.0142818
0.0142818
0.0142818
0.0142818
0.0142818
0.0142818
0.0142818
0.0142818
0.0142818
0.0142818
