796.786
975.156
773.609
879.191
848.268
851.075
853.451
851.845
  852.4
852.306
852.286
852.308
852.299
852.301
852.301
852.301
852.301
852.301
852.301
852.301
852.301
852.301
852.301
852.301
852.301
852.301
852.301
852.301
852.301
852.301
852.301
852.301
852.301
852.301
852.301
852.301
852.301
852.301
852.301
852.301
852.301
852.301
852.301
852.301
852.301
852.301
852.301
852.301
852.301
852.301
852.301
852.301
852.301
852.301
852.301
852.301
852.301
852.301
852.301
852.301
852.301
852.301
852.301
852.301
852.301
852.301
852.301
852.301
852.301
852.301
852.301
852.301
852.301
852.301
852.301
852.301
852.301
852.301
852.301
852.301
852.301
852.301
852.301
852.301
852.301
852.301
852.301
852.301
852.301
852.301
852.301
852.301
852.301
852.301
852.301
852.301
852.301
852.301
852.301
852.301
