23.5525
16.6886
18.8745
18.4973
18.4191
18.5056
18.4691
18.4776
18.4777
18.4766
18.4771
 18.477
 18.477
 18.477
 18.477
 18.477
 18.477
 18.477
 18.477
 18.477
 18.477
 18.477
 18.477
 18.477
 18.477
 18.477
 18.477
 18.477
 18.477
 18.477
 18.477
 18.477
 18.477
 18.477
 18.477
 18.477
 18.477
 18.477
 18.477
 18.477
 18.477
 18.477
 18.477
 18.477
 18.477
 18.477
 18.477
 18.477
 18.477
 18.477
 18.477
 18.477
 18.477
 18.477
 18.477
 18.477
 18.477
 18.477
 18.477
 18.477
 18.477
 18.477
 18.477
 18.477
 18.477
 18.477
 18.477
 18.477
 18.477
 18.477
 18.477
 18.477
 18.477
 18.477
 18.477
 18.477
 18.477
 18.477
 18.477
 18.477
 18.477
 18.477
 18.477
 18.477
 18.477
 18.477
 18.477
 18.477
 18.477
 18.477
 18.477
 18.477
 18.477
 18.477
 18.477
 18.477
 18.477
 18.477
 18.477
 18.477
