0.744629
0.236191
0.398111
0.370174
 0.36438
0.370788
 0.36808
0.368711
0.368715
0.368634
0.368677
0.368664
0.368665
0.368666
0.368666
0.368666
0.368666
0.368666
0.368666
0.368666
0.368666
0.368666
0.368666
0.368666
0.368666
0.368666
0.368666
0.368666
0.368666
0.368666
0.368666
0.368666
0.368666
0.368666
0.368666
0.368666
0.368666
0.368666
0.368666
0.368666
0.368666
0.368666
0.368666
0.368666
0.368666
0.368666
0.368666
0.368666
0.368666
0.368666
0.368666
0.368666
0.368666
0.368666
0.368666
0.368666
0.368666
0.368666
0.368666
0.368666
0.368666
0.368666
0.368666
0.368666
0.368666
0.368666
0.368666
0.368666
0.368666
0.368666
0.368666
0.368666
0.368666
0.368666
0.368666
0.368666
0.368666
0.368666
0.368666
0.368666
0.368666
0.368666
0.368666
0.368666
0.368666
0.368666
0.368666
0.368666
0.368666
0.368666
0.368666
0.368666
0.368666
0.368666
0.368666
0.368666
0.368666
0.368666
0.368666
0.368666
