0.106462
0.131966
0.103915
0.118504
0.114257
0.114632
0.114964
0.114741
0.114818
0.114805
0.114802
0.114805
0.114804
0.114804
0.114804
0.114804
0.114804
0.114804
0.114804
0.114804
0.114804
0.114804
0.114804
0.114804
0.114804
0.114804
0.114804
0.114804
0.114804
0.114804
0.114804
0.114804
0.114804
0.114804
0.114804
0.114804
0.114804
0.114804
0.114804
0.114804
0.114804
0.114804
0.114804
0.114804
0.114804
0.114804
0.114804
0.114804
0.114804
0.114804
0.114804
0.114804
0.114804
0.114804
0.114804
0.114804
0.114804
0.114804
0.114804
0.114804
0.114804
0.114804
0.114804
0.114804
0.114804
0.114804
0.114804
0.114804
0.114804
0.114804
0.114804
0.114804
0.114804
0.114804
0.114804
0.114804
0.114804
0.114804
0.114804
0.114804
0.114804
0.114804
0.114804
0.114804
0.114804
0.114804
0.114804
0.114804
0.114804
0.114804
0.114804
0.114804
0.114804
0.114804
0.114804
0.114804
0.114804
0.114804
0.114804
0.114804
