66.4748
138.645
196.095
217.659
219.149
 217.09
 216.06
 215.87
215.912
215.952
215.964
215.964
215.963
215.962
215.962
215.962
215.962
215.962
215.962
215.962
215.962
215.962
215.962
215.962
215.962
215.962
215.962
215.962
215.962
215.962
215.962
215.962
215.962
215.962
215.962
215.962
215.962
215.962
215.962
215.962
215.962
215.962
215.962
215.962
215.962
215.962
215.962
215.962
215.962
215.962
215.962
215.962
215.962
215.962
215.962
215.962
215.962
215.962
215.962
215.962
215.962
215.962
215.962
215.962
215.962
215.962
215.962
215.962
215.962
215.962
215.962
215.962
215.962
215.962
215.962
215.962
215.962
215.962
215.962
215.962
215.962
215.962
215.962
215.962
215.962
215.962
215.962
215.962
215.962
215.962
215.962
215.962
215.962
215.962
215.962
215.962
215.962
215.962
215.962
215.962
