13.5998
12.9647
12.3116
11.9326
11.8239
11.8226
11.8349
11.8402
11.8409
11.8406
11.8404
11.8404
11.8404
11.8404
11.8404
11.8404
11.8404
11.8404
11.8404
11.8404
11.8404
11.8404
11.8404
11.8404
11.8404
11.8404
11.8404
11.8404
11.8404
11.8404
11.8404
11.8404
11.8404
11.8404
11.8404
11.8404
11.8404
11.8404
11.8404
11.8404
11.8404
11.8404
11.8404
11.8404
11.8404
11.8404
11.8404
11.8404
11.8404
11.8404
11.8404
11.8404
11.8404
11.8404
11.8404
11.8404
11.8404
11.8404
11.8404
11.8404
11.8404
11.8404
11.8404
11.8404
11.8404
11.8404
11.8404
11.8404
11.8404
11.8404
11.8404
11.8404
11.8404
11.8404
11.8404
11.8404
11.8404
11.8404
11.8404
11.8404
11.8404
11.8404
11.8404
11.8404
11.8404
11.8404
11.8404
11.8404
11.8404
11.8404
11.8404
11.8404
11.8404
11.8404
11.8404
11.8404
11.8404
11.8404
11.8404
11.8404
