 0.94283
0.852096
0.758806
0.704654
0.689124
0.688939
0.690696
0.691452
0.691563
 0.69152
0.691489
0.691481
0.691481
0.691482
0.691483
0.691483
0.691483
0.691483
0.691483
0.691483
0.691483
0.691483
0.691483
0.691483
0.691483
0.691483
0.691483
0.691483
0.691483
0.691483
0.691483
0.691483
0.691483
0.691483
0.691483
0.691483
0.691483
0.691483
0.691483
0.691483
0.691483
0.691483
0.691483
0.691483
0.691483
0.691483
0.691483
0.691483
0.691483
0.691483
0.691483
0.691483
0.691483
0.691483
0.691483
0.691483
0.691483
0.691483
0.691483
0.691483
0.691483
0.691483
0.691483
0.691483
0.691483
0.691483
0.691483
0.691483
0.691483
0.691483
0.691483
0.691483
0.691483
0.691483
0.691483
0.691483
0.691483
0.691483
0.691483
0.691483
0.691483
0.691483
0.691483
0.691483
0.691483
0.691483
0.691483
0.691483
0.691483
0.691483
0.691483
0.691483
0.691483
0.691483
0.691483
0.691483
0.691483
0.691483
0.691483
0.691483
