0.0271711
0.0645837
0.0944416
 0.105718
 0.106539
 0.105482
 0.104946
 0.104846
 0.104867
 0.104887
 0.104894
 0.104894
 0.104893
 0.104893
 0.104893
 0.104893
 0.104893
 0.104893
 0.104893
 0.104893
 0.104893
 0.104893
 0.104893
 0.104893
 0.104893
 0.104893
 0.104893
 0.104893
 0.104893
 0.104893
 0.104893
 0.104893
 0.104893
 0.104893
 0.104893
 0.104893
 0.104893
 0.104893
 0.104893
 0.104893
 0.104893
 0.104893
 0.104893
 0.104893
 0.104893
 0.104893
 0.104893
 0.104893
 0.104893
 0.104893
 0.104893
 0.104893
 0.104893
 0.104893
 0.104893
 0.104893
 0.104893
 0.104893
 0.104893
 0.104893
 0.104893
 0.104893
 0.104893
 0.104893
 0.104893
 0.104893
 0.104893
 0.104893
 0.104893
 0.104893
 0.104893
 0.104893
 0.104893
 0.104893
 0.104893
 0.104893
 0.104893
 0.104893
 0.104893
 0.104893
 0.104893
 0.104893
 0.104893
 0.104893
 0.104893
 0.104893
 0.104893
 0.104893
 0.104893
 0.104893
 0.104893
 0.104893
 0.104893
 0.104893
 0.104893
 0.104893
 0.104893
 0.104893
 0.104893
 0.104893
