9.86155
9.80315
9.78049
9.77205
9.76896
9.76784
9.76743
9.76729
9.76723
9.76721
9.76721
 9.7672
 9.7672
 9.7672
 9.7672
 9.7672
 9.7672
 9.7672
 9.7672
 9.7672
 9.7672
 9.7672
 9.7672
 9.7672
 9.7672
 9.7672
 9.7672
 9.7672
 9.7672
 9.7672
 9.7672
 9.7672
 9.7672
 9.7672
 9.7672
 9.7672
 9.7672
 9.7672
 9.7672
 9.7672
 9.7672
 9.7672
 9.7672
 9.7672
 9.7672
 9.7672
 9.7672
 9.7672
 9.7672
 9.7672
 9.7672
 9.7672
 9.7672
 9.7672
 9.7672
 9.7672
 9.7672
 9.7672
 9.7672
 9.7672
 9.7672
 9.7672
 9.7672
 9.7672
 9.7672
 9.7672
 9.7672
 9.7672
 9.7672
 9.7672
 9.7672
 9.7672
 9.7672
 9.7672
 9.7672
 9.7672
 9.7672
 9.7672
 9.7672
 9.7672
 9.7672
 9.7672
 9.7672
 9.7672
 9.7672
 9.7672
 9.7672
 9.7672
 9.7672
 9.7672
 9.7672
 9.7672
 9.7672
 9.7672
 9.7672
 9.7672
 9.7672
 9.7672
 9.7672
 9.7672
