23.1283
28.3438
30.3016
31.0193
31.2799
31.3743
31.4084
31.4207
31.4252
31.4268
31.4274
31.4276
31.4277
31.4277
31.4277
31.4277
31.4277
31.4277
31.4277
31.4277
31.4277
31.4277
31.4277
31.4277
31.4277
31.4277
31.4277
31.4277
31.4277
31.4277
31.4277
31.4277
31.4277
31.4277
31.4277
31.4277
31.4277
31.4277
31.4277
31.4277
31.4277
31.4277
31.4277
31.4277
31.4277
31.4277
31.4277
31.4277
31.4277
31.4277
31.4277
31.4277
31.4277
31.4277
31.4277
31.4277
31.4277
31.4277
31.4277
31.4277
31.4277
31.4277
31.4277
31.4277
31.4277
31.4277
31.4277
31.4277
31.4277
31.4277
31.4277
31.4277
31.4277
31.4277
31.4277
31.4277
31.4277
31.4277
31.4277
31.4277
31.4277
31.4277
31.4277
31.4277
31.4277
31.4277
31.4277
31.4277
31.4277
31.4277
31.4277
31.4277
31.4277
31.4277
31.4277
31.4277
31.4277
31.4277
31.4277
31.4277
