 0.97231
0.960631
0.956097
0.954409
0.953792
0.953567
0.953486
0.953457
0.953446
0.953443
0.953441
0.953441
0.953441
 0.95344
 0.95344
 0.95344
 0.95344
 0.95344
 0.95344
 0.95344
 0.95344
 0.95344
 0.95344
 0.95344
 0.95344
 0.95344
 0.95344
 0.95344
 0.95344
 0.95344
 0.95344
 0.95344
 0.95344
 0.95344
 0.95344
 0.95344
 0.95344
 0.95344
 0.95344
 0.95344
 0.95344
 0.95344
 0.95344
 0.95344
 0.95344
 0.95344
 0.95344
 0.95344
 0.95344
 0.95344
 0.95344
 0.95344
 0.95344
 0.95344
 0.95344
 0.95344
 0.95344
 0.95344
 0.95344
 0.95344
 0.95344
 0.95344
 0.95344
 0.95344
 0.95344
 0.95344
 0.95344
 0.95344
 0.95344
 0.95344
 0.95344
 0.95344
 0.95344
 0.95344
 0.95344
 0.95344
 0.95344
 0.95344
 0.95344
 0.95344
 0.95344
 0.95344
 0.95344
 0.95344
 0.95344
 0.95344
 0.95344
 0.95344
 0.95344
 0.95344
 0.95344
 0.95344
 0.95344
 0.95344
 0.95344
 0.95344
 0.95344
 0.95344
 0.95344
 0.95344
