0.0134007
0.0187279
0.0207283
0.0214618
0.0217283
0.0218247
0.0218596
0.0218722
0.0218767
0.0218784
 0.021879
0.0218792
0.0218792
0.0218793
0.0218793
0.0218793
0.0218793
0.0218793
0.0218793
0.0218793
0.0218793
0.0218793
0.0218793
0.0218793
0.0218793
0.0218793
0.0218793
0.0218793
0.0218793
0.0218793
0.0218793
0.0218793
0.0218793
0.0218793
0.0218793
0.0218793
0.0218793
0.0218793
0.0218793
0.0218793
0.0218793
0.0218793
0.0218793
0.0218793
0.0218793
0.0218793
0.0218793
0.0218793
0.0218793
0.0218793
0.0218793
0.0218793
0.0218793
0.0218793
0.0218793
0.0218793
0.0218793
0.0218793
0.0218793
0.0218793
0.0218793
0.0218793
0.0218793
0.0218793
0.0218793
0.0218793
0.0218793
0.0218793
0.0218793
0.0218793
0.0218793
0.0218793
0.0218793
0.0218793
0.0218793
0.0218793
0.0218793
0.0218793
0.0218793
0.0218793
0.0218793
0.0218793
0.0218793
0.0218793
0.0218793
0.0218793
0.0218793
0.0218793
0.0218793
0.0218793
0.0218793
0.0218793
0.0218793
0.0218793
0.0218793
0.0218793
0.0218793
0.0218793
0.0218793
0.0218793
