7.86173
8.75271
 9.0238
9.10556
9.13013
 9.1375
9.13972
9.14038
9.14058
9.14064
9.14066
9.14066
9.14066
9.14066
9.14066
9.14066
9.14066
9.14066
9.14066
9.14066
9.14066
9.14066
9.14066
9.14066
9.14066
9.14066
9.14066
9.14066
9.14066
9.14066
9.14066
9.14066
9.14066
9.14066
9.14066
9.14066
9.14066
9.14066
9.14066
9.14066
9.14066
9.14066
9.14066
9.14066
9.14066
9.14066
9.14066
9.14066
9.14066
9.14066
9.14066
9.14066
9.14066
9.14066
9.14066
9.14066
9.14066
9.14066
9.14066
9.14066
9.14066
9.14066
9.14066
9.14066
9.14066
9.14066
9.14066
9.14066
9.14066
9.14066
9.14066
9.14066
9.14066
9.14066
9.14066
9.14066
9.14066
9.14066
9.14066
9.14066
9.14066
9.14066
9.14066
9.14066
9.14066
9.14066
9.14066
9.14066
9.14066
9.14066
9.14066
9.14066
9.14066
9.14066
9.14066
9.14066
9.14066
9.14066
9.14066
9.14066
