4.93843
4.91796
4.91147
4.90947
4.90886
4.90867
4.90862
 4.9086
 4.9086
4.90859
4.90859
4.90859
4.90859
4.90859
4.90859
4.90859
4.90859
4.90859
4.90859
4.90859
4.90859
4.90859
4.90859
4.90859
4.90859
4.90859
4.90859
4.90859
4.90859
4.90859
4.90859
4.90859
4.90859
4.90859
4.90859
4.90859
4.90859
4.90859
4.90859
4.90859
4.90859
4.90859
4.90859
4.90859
4.90859
4.90859
4.90859
4.90859
4.90859
4.90859
4.90859
4.90859
4.90859
4.90859
4.90859
4.90859
4.90859
4.90859
4.90859
4.90859
4.90859
4.90859
4.90859
4.90859
4.90859
4.90859
4.90859
4.90859
4.90859
4.90859
4.90859
4.90859
4.90859
4.90859
4.90859
4.90859
4.90859
4.90859
4.90859
4.90859
4.90859
4.90859
4.90859
4.90859
4.90859
4.90859
4.90859
4.90859
4.90859
4.90859
4.90859
4.90859
4.90859
4.90859
4.90859
4.90859
4.90859
4.90859
4.90859
4.90859
