0.975372
0.967186
0.964589
0.963787
0.963543
0.963469
0.963447
 0.96344
0.963438
0.963438
0.963437
0.963437
0.963437
0.963437
0.963437
0.963437
0.963437
0.963437
0.963437
0.963437
0.963437
0.963437
0.963437
0.963437
0.963437
0.963437
0.963437
0.963437
0.963437
0.963437
0.963437
0.963437
0.963437
0.963437
0.963437
0.963437
0.963437
0.963437
0.963437
0.963437
0.963437
0.963437
0.963437
0.963437
0.963437
0.963437
0.963437
0.963437
0.963437
0.963437
0.963437
0.963437
0.963437
0.963437
0.963437
0.963437
0.963437
0.963437
0.963437
0.963437
0.963437
0.963437
0.963437
0.963437
0.963437
0.963437
0.963437
0.963437
0.963437
0.963437
0.963437
0.963437
0.963437
0.963437
0.963437
0.963437
0.963437
0.963437
0.963437
0.963437
0.963437
0.963437
0.963437
0.963437
0.963437
0.963437
0.963437
0.963437
0.963437
0.963437
0.963437
0.963437
0.963437
0.963437
0.963437
0.963437
0.963437
0.963437
0.963437
0.963437
