0.0119318
 0.015652
 0.016785
0.0171269
0.0172297
0.0172605
0.0172698
0.0172726
0.0172734
0.0172736
0.0172737
0.0172737
0.0172737
0.0172738
0.0172738
0.0172738
0.0172738
0.0172738
0.0172738
0.0172738
0.0172738
0.0172738
0.0172738
0.0172738
0.0172738
0.0172738
0.0172738
0.0172738
0.0172738
0.0172738
0.0172738
0.0172738
0.0172738
0.0172738
0.0172738
0.0172738
0.0172738
0.0172738
0.0172738
0.0172738
0.0172738
0.0172738
0.0172738
0.0172738
0.0172738
0.0172738
0.0172738
0.0172738
0.0172738
0.0172738
0.0172738
0.0172738
0.0172738
0.0172738
0.0172738
0.0172738
0.0172738
0.0172738
0.0172738
0.0172738
0.0172738
0.0172738
0.0172738
0.0172738
0.0172738
0.0172738
0.0172738
0.0172738
0.0172738
0.0172738
0.0172738
0.0172738
0.0172738
0.0172738
0.0172738
0.0172738
0.0172738
0.0172738
0.0172738
0.0172738
0.0172738
0.0172738
0.0172738
0.0172738
0.0172738
0.0172738
0.0172738
0.0172738
0.0172738
0.0172738
0.0172738
0.0172738
0.0172738
0.0172738
0.0172738
0.0172738
0.0172738
0.0172738
0.0172738
0.0172738
