9.61449
8.57427
6.95528
6.01676
6.12399
6.55612
6.85369
6.92222
6.84027
6.73304
6.67979
6.68477
6.71344
6.73552
6.74113
6.73564
 6.7283
6.72457
6.72481
6.72675
6.72829
6.72871
6.72835
6.72785
6.72758
6.72759
6.72772
6.72783
6.72786
6.72784
6.72781
6.72779
6.72779
 6.7278
 6.7278
6.72781
 6.7278
 6.7278
 6.7278
 6.7278
 6.7278
 6.7278
 6.7278
 6.7278
 6.7278
 6.7278
 6.7278
 6.7278
 6.7278
 6.7278
 6.7278
 6.7278
 6.7278
 6.7278
 6.7278
 6.7278
 6.7278
 6.7278
 6.7278
 6.7278
 6.7278
 6.7278
 6.7278
 6.7278
 6.7278
 6.7278
 6.7278
 6.7278
 6.7278
 6.7278
 6.7278
 6.7278
 6.7278
 6.7278
 6.7278
 6.7278
 6.7278
 6.7278
 6.7278
 6.7278
 6.7278
 6.7278
 6.7278
 6.7278
 6.7278
 6.7278
 6.7278
 6.7278
 6.7278
 6.7278
 6.7278
 6.7278
 6.7278
 6.7278
 6.7278
 6.7278
 6.7278
 6.7278
 6.7278
 6.7278
