45.6128
122.806
181.777
155.463
116.331
100.368
101.152
109.086
116.288
 118.68
  117.2
 114.87
113.591
113.564
114.136
114.642
114.808
114.714
114.556
114.465
 114.46
114.499
114.534
114.546
 114.54
114.529
114.523
114.522
114.525
114.527
114.528
114.528
114.527
114.527
114.527
114.527
114.527
114.527
114.527
114.527
114.527
114.527
114.527
114.527
114.527
114.527
114.527
114.527
114.527
114.527
114.527
114.527
114.527
114.527
114.527
114.527
114.527
114.527
114.527
114.527
114.527
114.527
114.527
114.527
114.527
114.527
114.527
114.527
114.527
114.527
114.527
114.527
114.527
114.527
114.527
114.527
114.527
114.527
114.527
114.527
114.527
114.527
114.527
114.527
114.527
114.527
114.527
114.527
114.527
114.527
114.527
114.527
114.527
114.527
114.527
114.527
114.527
114.527
114.527
114.527
