0.922898
0.714854
0.391057
0.203352
0.224797
0.311225
0.370739
0.384443
0.368054
0.346608
0.335957
0.336955
0.342689
0.347104
0.348226
0.347127
0.345659
0.344914
0.344962
0.345349
0.345658
0.345743
0.345671
 0.34557
0.345517
0.345519
0.345545
0.345566
0.345573
0.345568
0.345561
0.345557
0.345557
0.345559
0.345561
0.345561
0.345561
 0.34556
 0.34556
 0.34556
 0.34556
 0.34556
 0.34556
 0.34556
 0.34556
 0.34556
 0.34556
 0.34556
 0.34556
 0.34556
 0.34556
 0.34556
 0.34556
 0.34556
 0.34556
 0.34556
 0.34556
 0.34556
 0.34556
 0.34556
 0.34556
 0.34556
 0.34556
 0.34556
 0.34556
 0.34556
 0.34556
 0.34556
 0.34556
 0.34556
 0.34556
 0.34556
 0.34556
 0.34556
 0.34556
 0.34556
 0.34556
 0.34556
 0.34556
 0.34556
 0.34556
 0.34556
 0.34556
 0.34556
 0.34556
 0.34556
 0.34556
 0.34556
 0.34556
 0.34556
 0.34556
 0.34556
 0.34556
 0.34556
 0.34556
 0.34556
 0.34556
 0.34556
 0.34556
 0.34556
