0.0363619
 0.115386
 0.176588
 0.150956
  0.11132
0.0947595
0.0952508
 0.103195
 0.110554
 0.113078
 0.111637
 0.109278
 0.107957
 0.107908
  0.10848
 0.108996
 0.109171
  0.10908
  0.10892
 0.108826
  0.10882
 0.108859
 0.108895
 0.108907
 0.108901
 0.108891
 0.108884
 0.108883
 0.108886
 0.108888
 0.108889
 0.108889
 0.108888
 0.108888
 0.108888
 0.108888
 0.108888
 0.108888
 0.108888
 0.108888
 0.108888
 0.108888
 0.108888
 0.108888
 0.108888
 0.108888
 0.108888
 0.108888
 0.108888
 0.108888
 0.108888
 0.108888
 0.108888
 0.108888
 0.108888
 0.108888
 0.108888
 0.108888
 0.108888
 0.108888
 0.108888
 0.108888
 0.108888
 0.108888
 0.108888
 0.108888
 0.108888
 0.108888
 0.108888
 0.108888
 0.108888
 0.108888
 0.108888
 0.108888
 0.108888
 0.108888
 0.108888
 0.108888
 0.108888
 0.108888
 0.108888
 0.108888
 0.108888
 0.108888
 0.108888
 0.108888
 0.108888
 0.108888
 0.108888
 0.108888
 0.108888
 0.108888
 0.108888
 0.108888
 0.108888
 0.108888
 0.108888
 0.108888
 0.108888
 0.108888
