21.1656
15.8801
16.1473
16.6642
16.4413
16.4488
 16.474
16.4646
16.4646
16.4658
16.4654
16.4653
16.4654
16.4654
16.4654
16.4654
16.4654
16.4654
16.4654
16.4654
16.4654
16.4654
16.4654
16.4654
16.4654
16.4654
16.4654
16.4654
16.4654
16.4654
16.4654
16.4654
16.4654
16.4654
16.4654
16.4654
16.4654
16.4654
16.4654
16.4654
16.4654
16.4654
16.4654
16.4654
16.4654
16.4654
16.4654
16.4654
16.4654
16.4654
16.4654
16.4654
16.4654
16.4654
16.4654
16.4654
16.4654
16.4654
16.4654
16.4654
16.4654
16.4654
16.4654
16.4654
16.4654
16.4654
16.4654
16.4654
16.4654
16.4654
16.4654
16.4654
16.4654
16.4654
16.4654
16.4654
16.4654
16.4654
16.4654
16.4654
16.4654
16.4654
16.4654
16.4654
16.4654
16.4654
16.4654
16.4654
16.4654
16.4654
16.4654
16.4654
16.4654
16.4654
16.4654
16.4654
16.4654
16.4654
16.4654
16.4654
