395.254
853.682
  621.3
640.876
661.531
652.335
652.834
653.811
653.423
653.431
653.476
 653.46
 653.46
653.462
653.461
653.461
653.461
653.461
653.461
653.461
653.461
653.461
653.461
653.461
653.461
653.461
653.461
653.461
653.461
653.461
653.461
653.461
653.461
653.461
653.461
653.461
653.461
653.461
653.461
653.461
653.461
653.461
653.461
653.461
653.461
653.461
653.461
653.461
653.461
653.461
653.461
653.461
653.461
653.461
653.461
653.461
653.461
653.461
653.461
653.461
653.461
653.461
653.461
653.461
653.461
653.461
653.461
653.461
653.461
653.461
653.461
653.461
653.461
653.461
653.461
653.461
653.461
653.461
653.461
653.461
653.461
653.461
653.461
653.461
653.461
653.461
653.461
653.461
653.461
653.461
653.461
653.461
653.461
653.461
653.461
653.461
653.461
653.461
653.461
653.461
