 0.84049
0.380882
0.404109
0.449064
0.429682
0.430327
0.432521
0.431704
0.431703
0.431805
0.431771
0.431769
0.431774
0.431773
0.431773
0.431773
0.431773
0.431773
0.431773
0.431773
0.431773
0.431773
0.431773
0.431773
0.431773
0.431773
0.431773
0.431773
0.431773
0.431773
0.431773
0.431773
0.431773
0.431773
0.431773
0.431773
0.431773
0.431773
0.431773
0.431773
0.431773
0.431773
0.431773
0.431773
0.431773
0.431773
0.431773
0.431773
0.431773
0.431773
0.431773
0.431773
0.431773
0.431773
0.431773
0.431773
0.431773
0.431773
0.431773
0.431773
0.431773
0.431773
0.431773
0.431773
0.431773
0.431773
0.431773
0.431773
0.431773
0.431773
0.431773
0.431773
0.431773
0.431773
0.431773
0.431773
0.431773
0.431773
0.431773
0.431773
0.431773
0.431773
0.431773
0.431773
0.431773
0.431773
0.431773
0.431773
0.431773
0.431773
0.431773
0.431773
0.431773
0.431773
0.431773
0.431773
0.431773
0.431773
0.431773
0.431773
