0.071025
0.159066
0.114895
0.118514
0.122478
 0.12073
 0.12082
0.121008
0.120934
0.120935
0.120944
0.120941
0.120941
0.120941
0.120941
0.120941
0.120941
0.120941
0.120941
0.120941
0.120941
0.120941
0.120941
0.120941
0.120941
0.120941
0.120941
0.120941
0.120941
0.120941
0.120941
0.120941
0.120941
0.120941
0.120941
0.120941
0.120941
0.120941
0.120941
0.120941
0.120941
0.120941
0.120941
0.120941
0.120941
0.120941
0.120941
0.120941
0.120941
0.120941
0.120941
0.120941
0.120941
0.120941
0.120941
0.120941
0.120941
0.120941
0.120941
0.120941
0.120941
0.120941
0.120941
0.120941
0.120941
0.120941
0.120941
0.120941
0.120941
0.120941
0.120941
0.120941
0.120941
0.120941
0.120941
0.120941
0.120941
0.120941
0.120941
0.120941
0.120941
0.120941
0.120941
0.120941
0.120941
0.120941
0.120941
0.120941
0.120941
0.120941
0.120941
0.120941
0.120941
0.120941
0.120941
0.120941
0.120941
0.120941
0.120941
0.120941
