9.54963
8.04035
5.59856
4.56408
 5.0187
5.79953
 6.3845
6.62877
6.53881
6.24962
5.98129
5.87979
 5.9326
 6.0458
 6.1368
6.16875
6.14781
6.10461
 6.0703
6.05955
6.06873
6.08519
6.09753
6.10097
6.09717
6.09092
6.08642
6.08534
6.08691
6.08928
 6.0909
6.09122
6.09059
6.08969
6.08911
6.08902
6.08927
6.08961
6.08982
6.08984
6.08974
6.08961
6.08954
6.08953
6.08957
6.08962
6.08965
6.08965
6.08963
6.08961
6.08961
6.08961
6.08961
6.08962
6.08962
6.08962
6.08962
6.08962
6.08962
6.08962
6.08962
6.08962
6.08962
6.08962
6.08962
6.08962
6.08962
6.08962
6.08962
6.08962
6.08962
6.08962
6.08962
6.08962
6.08962
6.08962
6.08962
6.08962
6.08962
6.08962
6.08962
6.08962
6.08962
6.08962
6.08962
6.08962
6.08962
6.08962
6.08962
6.08962
6.08962
6.08962
6.08962
6.08962
6.08962
6.08962
6.08962
6.08962
6.08962
6.08962
