51.3779
155.656
 200.23
  122.9
71.6991
56.1299
58.3686
70.8692
87.2942
98.2659
98.1808
91.2226
84.4949
 81.376
 81.811
84.2041
86.6473
87.8431
87.6159
86.6419
85.7331
 85.335
85.4509
85.8212
 86.156
86.2944
86.2402
86.0967
85.9737
85.9271
85.9513
86.0063
86.0514
 86.067
86.0564
86.0354
 86.019
86.0138
86.0183
86.0263
86.0323
86.0339
86.0321
 86.029
86.0269
86.0263
86.0271
86.0283
86.0291
86.0292
86.0289
86.0285
86.0282
86.0281
86.0283
86.0284
86.0285
86.0285
86.0285
86.0284
86.0284
86.0284
86.0284
86.0284
86.0284
86.0284
86.0284
86.0284
86.0284
86.0284
86.0284
86.0284
86.0284
86.0284
86.0284
86.0284
86.0284
86.0284
86.0284
86.0284
86.0284
86.0284
86.0284
86.0284
86.0284
86.0284
86.0284
86.0284
86.0284
86.0284
86.0284
86.0284
86.0284
86.0284
86.0284
86.0284
86.0284
86.0284
86.0284
86.0284
