  0.909925
  0.608069
  0.119713
-0.0871836
0.00373988
  0.159906
    0.2769
  0.325753
  0.307761
  0.249924
  0.196258
  0.175959
  0.186519
  0.209159
  0.227359
   0.23375
  0.229562
  0.220922
  0.214061
   0.21191
  0.213746
  0.217037
  0.219505
  0.220193
  0.219434
  0.218184
  0.217284
  0.217068
  0.217382
  0.217855
   0.21818
  0.218245
  0.218117
  0.217938
  0.217821
  0.217803
  0.217855
  0.217922
  0.217964
  0.217968
  0.217948
  0.217923
  0.217908
  0.217907
  0.217915
  0.217924
   0.21793
   0.21793
  0.217926
  0.217923
  0.217921
  0.217921
  0.217922
  0.217924
  0.217924
  0.217924
  0.217924
  0.217923
  0.217923
  0.217923
  0.217923
  0.217923
  0.217924
  0.217924
  0.217923
  0.217923
  0.217923
  0.217923
  0.217923
  0.217923
  0.217923
  0.217923
  0.217923
  0.217923
  0.217923
  0.217923
  0.217923
  0.217923
  0.217923
  0.217923
  0.217923
  0.217923
  0.217923
  0.217923
  0.217923
  0.217923
  0.217923
  0.217923
  0.217923
  0.217923
  0.217923
  0.217923
  0.217923
  0.217923
  0.217923
  0.217923
  0.217923
  0.217923
  0.217923
  0.217923
