0.0422508
 0.149106
 0.196597
 0.119531
0.0673539
0.0508387
0.0525092
0.0648893
0.0815711
0.0929457
0.0931308
0.0862048
0.0793559
0.0760912
0.0764386
0.0788236
0.0813126
0.0825641
0.0823693
0.0813963
 0.080469
0.0800504
0.0801549
0.0805255
0.0808675
0.0810136
0.0809634
0.0808196
0.0806937
0.0806443
0.0806671
0.0807223
0.0807685
0.0807851
0.0807751
0.0807539
 0.080737
0.0807315
0.0807358
0.0807439
0.0807501
0.0807518
  0.08075
 0.080747
0.0807447
0.0807442
0.0807449
0.0807461
0.0807469
0.0807471
0.0807468
0.0807463
 0.080746
 0.080746
0.0807461
0.0807463
0.0807464
0.0807464
0.0807463
0.0807463
0.0807462
0.0807462
0.0807462
0.0807463
0.0807463
0.0807463
0.0807463
0.0807463
0.0807463
0.0807463
0.0807463
0.0807463
0.0807463
0.0807463
0.0807463
0.0807463
0.0807463
0.0807463
0.0807463
0.0807463
0.0807463
0.0807463
0.0807463
0.0807463
0.0807463
0.0807463
0.0807463
0.0807463
0.0807463
0.0807463
0.0807463
0.0807463
0.0807463
0.0807463
0.0807463
0.0807463
0.0807463
0.0807463
0.0807463
0.0807463
