27.6591
40.6288
49.0102
53.9266
56.6255
58.0462
58.7757
 59.145
59.3305
59.4233
59.4696
59.4927
59.5042
59.5099
59.5128
59.5142
59.5149
59.5153
59.5154
59.5155
59.5156
59.5156
59.5156
59.5156
59.5156
59.5156
59.5156
59.5156
59.5156
59.5156
59.5156
59.5156
59.5156
59.5156
59.5156
59.5156
59.5156
59.5156
59.5156
59.5156
59.5156
59.5156
59.5156
59.5156
59.5156
59.5156
59.5156
59.5156
59.5156
59.5156
59.5156
59.5156
59.5156
59.5156
59.5156
59.5156
59.5156
59.5156
59.5156
59.5156
59.5156
59.5156
59.5156
59.5156
59.5156
59.5156
59.5156
59.5156
59.5156
59.5156
59.5156
59.5156
59.5156
59.5156
59.5156
59.5156
59.5156
59.5156
59.5156
59.5156
59.5156
59.5156
59.5156
59.5156
59.5156
59.5156
59.5156
59.5156
59.5156
59.5156
59.5156
59.5156
59.5156
59.5156
59.5156
59.5156
59.5156
59.5156
59.5156
59.5156
