9.81257
9.66352
9.55988
9.49528
9.45815
9.43799
9.42742
  9.422
9.41926
9.41789
 9.4172
9.41685
9.41668
 9.4166
9.41656
9.41653
9.41652
9.41652
9.41652
9.41651
9.41651
9.41651
9.41651
9.41651
9.41651
9.41651
9.41651
9.41651
9.41651
9.41651
9.41651
9.41651
9.41651
9.41651
9.41651
9.41651
9.41651
9.41651
9.41651
9.41651
9.41651
9.41651
9.41651
9.41651
9.41651
9.41651
9.41651
9.41651
9.41651
9.41651
9.41651
9.41651
9.41651
9.41651
9.41651
9.41651
9.41651
9.41651
9.41651
9.41651
9.41651
9.41651
9.41651
9.41651
9.41651
9.41651
9.41651
9.41651
9.41651
9.41651
9.41651
9.41651
9.41651
9.41651
9.41651
9.41651
9.41651
9.41651
9.41651
9.41651
9.41651
9.41651
9.41651
9.41651
9.41651
9.41651
9.41651
9.41651
9.41651
9.41651
9.41651
9.41651
9.41651
9.41651
9.41651
9.41651
9.41651
9.41651
9.41651
9.41651
