0.962515
0.932704
0.911975
0.899055
0.891631
0.887597
0.885484
  0.8844
0.883853
0.883577
 0.88344
0.883371
0.883337
 0.88332
0.883311
0.883307
0.883305
0.883304
0.883303
0.883303
0.883303
0.883303
0.883303
0.883303
0.883303
0.883303
0.883303
0.883303
0.883303
0.883303
0.883303
0.883303
0.883303
0.883303
0.883303
0.883303
0.883303
0.883303
0.883303
0.883303
0.883303
0.883303
0.883303
0.883303
0.883303
0.883303
0.883303
0.883303
0.883303
0.883303
0.883303
0.883303
0.883303
0.883303
0.883303
0.883303
0.883303
0.883303
0.883303
0.883303
0.883303
0.883303
0.883303
0.883303
0.883303
0.883303
0.883303
0.883303
0.883303
0.883303
0.883303
0.883303
0.883303
0.883303
0.883303
0.883303
0.883303
0.883303
0.883303
0.883303
0.883303
0.883303
0.883303
0.883303
0.883303
0.883303
0.883303
0.883303
0.883303
0.883303
0.883303
0.883303
0.883303
0.883303
0.883303
0.883303
0.883303
0.883303
0.883303
0.883303
