0.0180268
0.0312781
0.0398488
0.0448801
0.0476438
0.0490992
0.0498468
0.0502253
0.0504154
0.0505105
 0.050558
0.0505817
0.0505935
0.0505993
0.0506023
0.0506037
0.0506044
0.0506048
 0.050605
0.0506051
0.0506051
0.0506051
0.0506051
0.0506051
0.0506052
0.0506052
0.0506052
0.0506052
0.0506052
0.0506052
0.0506052
0.0506052
0.0506052
0.0506052
0.0506052
0.0506052
0.0506052
0.0506052
0.0506052
0.0506052
0.0506052
0.0506052
0.0506052
0.0506052
0.0506052
0.0506052
0.0506052
0.0506052
0.0506052
0.0506052
0.0506052
0.0506052
0.0506052
0.0506052
0.0506052
0.0506052
0.0506052
0.0506052
0.0506052
0.0506052
0.0506052
0.0506052
0.0506052
0.0506052
0.0506052
0.0506052
0.0506052
0.0506052
0.0506052
0.0506052
0.0506052
0.0506052
0.0506052
0.0506052
0.0506052
0.0506052
0.0506052
0.0506052
0.0506052
0.0506052
0.0506052
0.0506052
0.0506052
0.0506052
0.0506052
0.0506052
0.0506052
0.0506052
0.0506052
0.0506052
0.0506052
0.0506052
0.0506052
0.0506052
0.0506052
0.0506052
0.0506052
0.0506052
0.0506052
0.0506052
