21.1473
  24.17
24.9596
25.1636
25.2162
25.2298
25.2332
25.2341
25.2344
25.2344
25.2344
25.2344
25.2344
25.2344
25.2345
25.2345
25.2345
25.2345
25.2345
25.2345
25.2345
25.2345
25.2345
25.2345
25.2345
25.2345
25.2345
25.2345
25.2345
25.2345
25.2345
25.2345
25.2345
25.2345
25.2345
25.2345
25.2345
25.2345
25.2345
25.2345
25.2345
25.2345
25.2345
25.2345
25.2345
25.2345
25.2345
25.2345
25.2345
25.2345
25.2345
25.2345
25.2345
25.2345
25.2345
25.2345
25.2345
25.2345
25.2345
25.2345
25.2345
25.2345
25.2345
25.2345
25.2345
25.2345
25.2345
25.2345
25.2345
25.2345
25.2345
25.2345
25.2345
25.2345
25.2345
25.2345
25.2345
25.2345
25.2345
25.2345
25.2345
25.2345
25.2345
25.2345
25.2345
25.2345
25.2345
25.2345
25.2345
25.2345
25.2345
25.2345
25.2345
25.2345
25.2345
25.2345
25.2345
25.2345
25.2345
25.2345
