9.88281
 9.8493
9.84034
9.83801
9.83741
9.83725
9.83721
 9.8372
 9.8372
 9.8372
 9.8372
 9.8372
 9.8372
 9.8372
 9.8372
 9.8372
 9.8372
 9.8372
 9.8372
 9.8372
 9.8372
 9.8372
 9.8372
 9.8372
 9.8372
 9.8372
 9.8372
 9.8372
 9.8372
 9.8372
 9.8372
 9.8372
 9.8372
 9.8372
 9.8372
 9.8372
 9.8372
 9.8372
 9.8372
 9.8372
 9.8372
 9.8372
 9.8372
 9.8372
 9.8372
 9.8372
 9.8372
 9.8372
 9.8372
 9.8372
 9.8372
 9.8372
 9.8372
 9.8372
 9.8372
 9.8372
 9.8372
 9.8372
 9.8372
 9.8372
 9.8372
 9.8372
 9.8372
 9.8372
 9.8372
 9.8372
 9.8372
 9.8372
 9.8372
 9.8372
 9.8372
 9.8372
 9.8372
 9.8372
 9.8372
 9.8372
 9.8372
 9.8372
 9.8372
 9.8372
 9.8372
 9.8372
 9.8372
 9.8372
 9.8372
 9.8372
 9.8372
 9.8372
 9.8372
 9.8372
 9.8372
 9.8372
 9.8372
 9.8372
 9.8372
 9.8372
 9.8372
 9.8372
 9.8372
 9.8372
