0.976562
0.969861
0.968069
0.967602
0.967481
 0.96745
0.967442
 0.96744
 0.96744
0.967439
0.967439
0.967439
0.967439
0.967439
0.967439
0.967439
0.967439
0.967439
0.967439
0.967439
0.967439
0.967439
0.967439
0.967439
0.967439
0.967439
0.967439
0.967439
0.967439
0.967439
0.967439
0.967439
0.967439
0.967439
0.967439
0.967439
0.967439
0.967439
0.967439
0.967439
0.967439
0.967439
0.967439
0.967439
0.967439
0.967439
0.967439
0.967439
0.967439
0.967439
0.967439
0.967439
0.967439
0.967439
0.967439
0.967439
0.967439
0.967439
0.967439
0.967439
0.967439
0.967439
0.967439
0.967439
0.967439
0.967439
0.967439
0.967439
0.967439
0.967439
0.967439
0.967439
0.967439
0.967439
0.967439
0.967439
0.967439
0.967439
0.967439
0.967439
0.967439
0.967439
0.967439
0.967439
0.967439
0.967439
0.967439
0.967439
0.967439
0.967439
0.967439
0.967439
0.967439
0.967439
0.967439
0.967439
0.967439
0.967439
0.967439
0.967439
