0.0113783
0.0144653
 0.015272
0.0154804
0.0155342
 0.015548
0.0155515
0.0155525
0.0155527
0.0155528
0.0155528
0.0155528
0.0155528
0.0155528
0.0155528
0.0155528
0.0155528
0.0155528
0.0155528
0.0155528
0.0155528
0.0155528
0.0155528
0.0155528
0.0155528
0.0155528
0.0155528
0.0155528
0.0155528
0.0155528
0.0155528
0.0155528
0.0155528
0.0155528
0.0155528
0.0155528
0.0155528
0.0155528
0.0155528
0.0155528
0.0155528
0.0155528
0.0155528
0.0155528
0.0155528
0.0155528
0.0155528
0.0155528
0.0155528
0.0155528
0.0155528
0.0155528
0.0155528
0.0155528
0.0155528
0.0155528
0.0155528
0.0155528
0.0155528
0.0155528
0.0155528
0.0155528
0.0155528
0.0155528
0.0155528
0.0155528
0.0155528
0.0155528
0.0155528
0.0155528
0.0155528
0.0155528
0.0155528
0.0155528
0.0155528
0.0155528
0.0155528
0.0155528
0.0155528
0.0155528
0.0155528
0.0155528
0.0155528
0.0155528
0.0155528
0.0155528
0.0155528
0.0155528
0.0155528
0.0155528
0.0155528
0.0155528
0.0155528
0.0155528
0.0155528
0.0155528
0.0155528
0.0155528
0.0155528
0.0155528
