10.7685
10.5411
10.3551
10.2272
10.1516
10.1118
10.0925
10.0838
  10.08
10.0784
10.0777
10.0774
10.0773
10.0772
10.0772
10.0772
10.0772
10.0772
10.0772
10.0772
10.0772
10.0772
10.0772
10.0772
10.0772
10.0772
10.0772
10.0772
10.0772
10.0772
10.0772
10.0772
10.0772
10.0772
10.0772
10.0772
10.0772
10.0772
10.0772
10.0772
10.0772
10.0772
10.0772
10.0772
10.0772
10.0772
10.0772
10.0772
10.0772
10.0772
10.0772
10.0772
10.0772
10.0772
10.0772
10.0772
10.0772
10.0772
10.0772
10.0772
10.0772
10.0772
10.0772
10.0772
10.0772
10.0772
10.0772
10.0772
10.0772
10.0772
10.0772
10.0772
10.0772
10.0772
10.0772
10.0772
10.0772
10.0772
10.0772
10.0772
10.0772
10.0772
10.0772
10.0772
10.0772
10.0772
10.0772
10.0772
10.0772
10.0772
10.0772
10.0772
10.0772
10.0772
10.0772
10.0772
10.0772
10.0772
10.0772
10.0772
