34.9765
56.4726
72.3716
 82.248
87.5847
90.1922
91.3826
91.9025
92.1233
92.2154
92.2534
 92.269
92.2753
92.2779
 92.279
92.2794
92.2795
92.2796
92.2796
92.2797
92.2797
92.2797
92.2797
92.2797
92.2797
92.2797
92.2797
92.2797
92.2797
92.2797
92.2797
92.2797
92.2797
92.2797
92.2797
92.2797
92.2797
92.2797
92.2797
92.2797
92.2797
92.2797
92.2797
92.2797
92.2797
92.2797
92.2797
92.2797
92.2797
92.2797
92.2797
92.2797
92.2797
92.2797
92.2797
92.2797
92.2797
92.2797
92.2797
92.2797
92.2797
92.2797
92.2797
92.2797
92.2797
92.2797
92.2797
92.2797
92.2797
92.2797
92.2797
92.2797
92.2797
92.2797
92.2797
92.2797
92.2797
92.2797
92.2797
92.2797
92.2797
92.2797
92.2797
92.2797
92.2797
92.2797
92.2797
92.2797
92.2797
92.2797
92.2797
92.2797
92.2797
92.2797
92.2797
92.2797
92.2797
92.2797
92.2797
92.2797
