0.957902
0.916563
0.882739
0.859494
 0.84574
0.838503
0.835008
0.833418
0.832724
0.832428
0.832305
0.832254
0.832233
0.832225
0.832221
 0.83222
0.832219
0.832219
0.832219
0.832219
0.832219
0.832219
0.832219
0.832219
0.832219
0.832219
0.832219
0.832219
0.832219
0.832219
0.832219
0.832219
0.832219
0.832219
0.832219
0.832219
0.832219
0.832219
0.832219
0.832219
0.832219
0.832219
0.832219
0.832219
0.832219
0.832219
0.832219
0.832219
0.832219
0.832219
0.832219
0.832219
0.832219
0.832219
0.832219
0.832219
0.832219
0.832219
0.832219
0.832219
0.832219
0.832219
0.832219
0.832219
0.832219
0.832219
0.832219
0.832219
0.832219
0.832219
0.832219
0.832219
0.832219
0.832219
0.832219
0.832219
0.832219
0.832219
0.832219
0.832219
0.832219
0.832219
0.832219
0.832219
0.832219
0.832219
0.832219
0.832219
0.832219
0.832219
0.832219
0.832219
0.832219
0.832219
0.832219
0.832219
0.832219
0.832219
0.832219
0.832219
