0.0201902
0.0383082
0.0517236
0.0600674
0.0645815
0.0667894
0.0677982
0.0682391
0.0684265
0.0685047
0.0685369
0.0685501
0.0685555
0.0685577
0.0685586
0.0685589
0.0685591
0.0685591
0.0685592
0.0685592
0.0685592
0.0685592
0.0685592
0.0685592
0.0685592
0.0685592
0.0685592
0.0685592
0.0685592
0.0685592
0.0685592
0.0685592
0.0685592
0.0685592
0.0685592
0.0685592
0.0685592
0.0685592
0.0685592
0.0685592
0.0685592
0.0685592
0.0685592
0.0685592
0.0685592
0.0685592
0.0685592
0.0685592
0.0685592
0.0685592
0.0685592
0.0685592
0.0685592
0.0685592
0.0685592
0.0685592
0.0685592
0.0685592
0.0685592
0.0685592
0.0685592
0.0685592
0.0685592
0.0685592
0.0685592
0.0685592
0.0685592
0.0685592
0.0685592
0.0685592
0.0685592
0.0685592
0.0685592
0.0685592
0.0685592
0.0685592
0.0685592
0.0685592
0.0685592
0.0685592
0.0685592
0.0685592
0.0685592
0.0685592
0.0685592
0.0685592
0.0685592
0.0685592
0.0685592
0.0685592
0.0685592
0.0685592
0.0685592
0.0685592
0.0685592
0.0685592
0.0685592
0.0685592
0.0685592
0.0685592
