9.82475
 9.7028
 9.6275
9.58489
9.56215
9.55044
9.54454
 9.5416
9.54014
9.53942
9.53907
9.53889
9.53881
9.53877
9.53875
9.53874
9.53873
9.53873
9.53873
9.53873
9.53873
9.53873
9.53873
9.53873
9.53873
9.53873
9.53873
9.53873
9.53873
9.53873
9.53873
9.53873
9.53873
9.53873
9.53873
9.53873
9.53873
9.53873
9.53873
9.53873
9.53873
9.53873
9.53873
9.53873
9.53873
9.53873
9.53873
9.53873
9.53873
9.53873
9.53873
9.53873
9.53873
9.53873
9.53873
9.53873
9.53873
9.53873
9.53873
9.53873
9.53873
9.53873
9.53873
9.53873
9.53873
9.53873
9.53873
9.53873
9.53873
9.53873
9.53873
9.53873
9.53873
9.53873
9.53873
9.53873
9.53873
9.53873
9.53873
9.53873
9.53873
9.53873
9.53873
9.53873
9.53873
9.53873
9.53873
9.53873
9.53873
9.53873
9.53873
9.53873
9.53873
9.53873
9.53873
9.53873
9.53873
9.53873
9.53873
9.53873
