26.5366
37.2219
43.4301
46.7898
48.5308
 49.411
49.8501
50.0675
50.1749
50.2277
50.2538
50.2666
50.2729
50.2759
50.2775
50.2782
50.2786
50.2788
50.2789
50.2789
50.2789
50.2789
50.2789
50.2789
50.2789
50.2789
50.2789
50.2789
50.2789
50.2789
50.2789
50.2789
50.2789
50.2789
50.2789
50.2789
50.2789
50.2789
50.2789
50.2789
50.2789
50.2789
50.2789
50.2789
50.2789
50.2789
50.2789
50.2789
50.2789
50.2789
50.2789
50.2789
50.2789
50.2789
50.2789
50.2789
50.2789
50.2789
50.2789
50.2789
50.2789
50.2789
50.2789
50.2789
50.2789
50.2789
50.2789
50.2789
50.2789
50.2789
50.2789
50.2789
50.2789
50.2789
50.2789
50.2789
50.2789
50.2789
50.2789
50.2789
50.2789
50.2789
50.2789
50.2789
50.2789
50.2789
50.2789
50.2789
50.2789
50.2789
50.2789
50.2789
50.2789
50.2789
50.2789
50.2789
50.2789
50.2789
50.2789
50.2789
