 0.96495
 0.94056
  0.9255
0.916978
0.912429
0.910088
0.908907
0.908319
0.908028
0.907884
0.907814
0.907779
0.907762
0.907753
0.907749
0.907747
0.907746
0.907746
0.907745
0.907745
0.907745
0.907745
0.907745
0.907745
0.907745
0.907745
0.907745
0.907745
0.907745
0.907745
0.907745
0.907745
0.907745
0.907745
0.907745
0.907745
0.907745
0.907745
0.907745
0.907745
0.907745
0.907745
0.907745
0.907745
0.907745
0.907745
0.907745
0.907745
0.907745
0.907745
0.907745
0.907745
0.907745
0.907745
0.907745
0.907745
0.907745
0.907745
0.907745
0.907745
0.907745
0.907745
0.907745
0.907745
0.907745
0.907745
0.907745
0.907745
0.907745
0.907745
0.907745
0.907745
0.907745
0.907745
0.907745
0.907745
0.907745
0.907745
0.907745
0.907745
0.907745
0.907745
0.907745
0.907745
0.907745
0.907745
0.907745
0.907745
0.907745
0.907745
0.907745
0.907745
0.907745
0.907745
0.907745
0.907745
0.907745
0.907745
0.907745
0.907745
