0.0168806
0.0277971
 0.034144
0.0375807
0.0393623
0.0402632
0.0407127
0.0409353
0.0410452
0.0410993
0.0411259
0.0411391
0.0411455
0.0411487
0.0411502
 0.041151
0.0411514
0.0411516
0.0411516
0.0411517
0.0411517
0.0411517
0.0411517
0.0411517
0.0411517
0.0411517
0.0411517
0.0411517
0.0411517
0.0411517
0.0411517
0.0411517
0.0411517
0.0411517
0.0411517
0.0411517
0.0411517
0.0411517
0.0411517
0.0411517
0.0411517
0.0411517
0.0411517
0.0411517
0.0411517
0.0411517
0.0411517
0.0411517
0.0411517
0.0411517
0.0411517
0.0411517
0.0411517
0.0411517
0.0411517
0.0411517
0.0411517
0.0411517
0.0411517
0.0411517
0.0411517
0.0411517
0.0411517
0.0411517
0.0411517
0.0411517
0.0411517
0.0411517
0.0411517
0.0411517
0.0411517
0.0411517
0.0411517
0.0411517
0.0411517
0.0411517
0.0411517
0.0411517
0.0411517
0.0411517
0.0411517
0.0411517
0.0411517
0.0411517
0.0411517
0.0411517
0.0411517
0.0411517
0.0411517
0.0411517
0.0411517
0.0411517
0.0411517
0.0411517
0.0411517
0.0411517
0.0411517
0.0411517
0.0411517
0.0411517
