9.90731
9.89284
 9.8907
9.89039
9.89035
9.89034
9.89034
9.89034
9.89034
9.89034
9.89034
9.89034
9.89034
9.89034
9.89034
9.89034
9.89034
9.89034
9.89034
9.89034
9.89034
9.89034
9.89034
9.89034
9.89034
9.89034
9.89034
9.89034
9.89034
9.89034
9.89034
9.89034
9.89034
9.89034
9.89034
9.89034
9.89034
9.89034
9.89034
9.89034
9.89034
9.89034
9.89034
9.89034
9.89034
9.89034
9.89034
9.89034
9.89034
9.89034
9.89034
9.89034
9.89034
9.89034
9.89034
9.89034
9.89034
9.89034
9.89034
9.89034
9.89034
9.89034
9.89034
9.89034
9.89034
9.89034
9.89034
9.89034
9.89034
9.89034
9.89034
9.89034
9.89034
9.89034
9.89034
9.89034
9.89034
9.89034
9.89034
9.89034
9.89034
9.89034
9.89034
9.89034
9.89034
9.89034
9.89034
9.89034
9.89034
9.89034
9.89034
9.89034
9.89034
9.89034
9.89034
9.89034
9.89034
9.89034
9.89034
9.89034
