18.8537
20.1721
20.3643
20.3922
20.3962
20.3968
20.3969
20.3969
20.3969
20.3969
20.3969
20.3969
20.3969
20.3969
20.3969
20.3969
20.3969
20.3969
20.3969
20.3969
20.3969
20.3969
20.3969
20.3969
20.3969
20.3969
20.3969
20.3969
20.3969
20.3969
20.3969
20.3969
20.3969
20.3969
20.3969
20.3969
20.3969
20.3969
20.3969
20.3969
20.3969
20.3969
20.3969
20.3969
20.3969
20.3969
20.3969
20.3969
20.3969
20.3969
20.3969
20.3969
20.3969
20.3969
20.3969
20.3969
20.3969
20.3969
20.3969
20.3969
20.3969
20.3969
20.3969
20.3969
20.3969
20.3969
20.3969
20.3969
20.3969
20.3969
20.3969
20.3969
20.3969
20.3969
20.3969
20.3969
20.3969
20.3969
20.3969
20.3969
20.3969
20.3969
20.3969
20.3969
20.3969
20.3969
20.3969
20.3969
20.3969
20.3969
20.3969
20.3969
20.3969
20.3969
20.3969
20.3969
20.3969
20.3969
20.3969
20.3969
