0.981462
0.978569
0.978141
0.978078
0.978069
0.978068
0.978068
0.978068
0.978068
0.978068
0.978068
0.978068
0.978068
0.978068
0.978068
0.978068
0.978068
0.978068
0.978068
0.978068
0.978068
0.978068
0.978068
0.978068
0.978068
0.978068
0.978068
0.978068
0.978068
0.978068
0.978068
0.978068
0.978068
0.978068
0.978068
0.978068
0.978068
0.978068
0.978068
0.978068
0.978068
0.978068
0.978068
0.978068
0.978068
0.978068
0.978068
0.978068
0.978068
0.978068
0.978068
0.978068
0.978068
0.978068
0.978068
0.978068
0.978068
0.978068
0.978068
0.978068
0.978068
0.978068
0.978068
0.978068
0.978068
0.978068
0.978068
0.978068
0.978068
0.978068
0.978068
0.978068
0.978068
0.978068
0.978068
0.978068
0.978068
0.978068
0.978068
0.978068
0.978068
0.978068
0.978068
0.978068
0.978068
0.978068
0.978068
0.978068
0.978068
0.978068
0.978068
0.978068
0.978068
0.978068
0.978068
0.978068
0.978068
0.978068
0.978068
0.978068
