0.00903672
 0.0103831
 0.0105794
 0.0106079
  0.010612
 0.0106126
 0.0106127
 0.0106127
 0.0106127
 0.0106127
 0.0106127
 0.0106127
 0.0106127
 0.0106127
 0.0106127
 0.0106127
 0.0106127
 0.0106127
 0.0106127
 0.0106127
 0.0106127
 0.0106127
 0.0106127
 0.0106127
 0.0106127
 0.0106127
 0.0106127
 0.0106127
 0.0106127
 0.0106127
 0.0106127
 0.0106127
 0.0106127
 0.0106127
 0.0106127
 0.0106127
 0.0106127
 0.0106127
 0.0106127
 0.0106127
 0.0106127
 0.0106127
 0.0106127
 0.0106127
 0.0106127
 0.0106127
 0.0106127
 0.0106127
 0.0106127
 0.0106127
 0.0106127
 0.0106127
 0.0106127
 0.0106127
 0.0106127
 0.0106127
 0.0106127
 0.0106127
 0.0106127
 0.0106127
 0.0106127
 0.0106127
 0.0106127
 0.0106127
 0.0106127
 0.0106127
 0.0106127
 0.0106127
 0.0106127
 0.0106127
 0.0106127
 0.0106127
 0.0106127
 0.0106127
 0.0106127
 0.0106127
 0.0106127
 0.0106127
 0.0106127
 0.0106127
 0.0106127
 0.0106127
 0.0106127
 0.0106127
 0.0106127
 0.0106127
 0.0106127
 0.0106127
 0.0106127
 0.0106127
 0.0106127
 0.0106127
 0.0106127
 0.0106127
 0.0106127
 0.0106127
 0.0106127
 0.0106127
 0.0106127
 0.0106127
