9.87896
9.84154
9.83076
9.82773
 9.8269
9.82666
 9.8266
9.82658
9.82658
9.82658
9.82657
9.82657
9.82657
9.82657
9.82657
9.82657
9.82657
9.82657
9.82657
9.82657
9.82657
9.82657
9.82657
9.82657
9.82657
9.82657
9.82657
9.82657
9.82657
9.82657
9.82657
9.82657
9.82657
9.82657
9.82657
9.82657
9.82657
9.82657
9.82657
9.82657
9.82657
9.82657
9.82657
9.82657
9.82657
9.82657
9.82657
9.82657
9.82657
9.82657
9.82657
9.82657
9.82657
9.82657
9.82657
9.82657
9.82657
9.82657
9.82657
9.82657
9.82657
9.82657
9.82657
9.82657
9.82657
9.82657
9.82657
9.82657
9.82657
9.82657
9.82657
9.82657
9.82657
9.82657
9.82657
9.82657
9.82657
9.82657
9.82657
9.82657
9.82657
9.82657
9.82657
9.82657
9.82657
9.82657
9.82657
9.82657
9.82657
9.82657
9.82657
9.82657
9.82657
9.82657
9.82657
9.82657
9.82657
9.82657
9.82657
9.82657
