 21.507
24.8761
25.8236
26.0867
26.1594
26.1796
26.1851
26.1867
26.1871
26.1872
26.1872
26.1872
26.1872
26.1872
26.1872
26.1872
26.1872
26.1872
26.1872
26.1872
26.1872
26.1872
26.1872
26.1872
26.1872
26.1872
26.1872
26.1872
26.1872
26.1872
26.1872
26.1872
26.1872
26.1872
26.1872
26.1872
26.1872
26.1872
26.1872
26.1872
26.1872
26.1872
26.1872
26.1872
26.1872
26.1872
26.1872
26.1872
26.1872
26.1872
26.1872
26.1872
26.1872
26.1872
26.1872
26.1872
26.1872
26.1872
26.1872
26.1872
26.1872
26.1872
26.1872
26.1872
26.1872
26.1872
26.1872
26.1872
26.1872
26.1872
26.1872
26.1872
26.1872
26.1872
26.1872
26.1872
26.1872
26.1872
26.1872
26.1872
26.1872
26.1872
26.1872
26.1872
26.1872
26.1872
26.1872
26.1872
26.1872
26.1872
26.1872
26.1872
26.1872
26.1872
26.1872
26.1872
26.1872
26.1872
26.1872
26.1872
