0.975792
0.968309
0.966152
0.965547
0.965379
0.965333
 0.96532
0.965316
0.965315
0.965315
0.965315
0.965315
0.965315
0.965315
0.965315
0.965315
0.965315
0.965315
0.965315
0.965315
0.965315
0.965315
0.965315
0.965315
0.965315
0.965315
0.965315
0.965315
0.965315
0.965315
0.965315
0.965315
0.965315
0.965315
0.965315
0.965315
0.965315
0.965315
0.965315
0.965315
0.965315
0.965315
0.965315
0.965315
0.965315
0.965315
0.965315
0.965315
0.965315
0.965315
0.965315
0.965315
0.965315
0.965315
0.965315
0.965315
0.965315
0.965315
0.965315
0.965315
0.965315
0.965315
0.965315
0.965315
0.965315
0.965315
0.965315
0.965315
0.965315
0.965315
0.965315
0.965315
0.965315
0.965315
0.965315
0.965315
0.965315
0.965315
0.965315
0.965315
0.965315
0.965315
0.965315
0.965315
0.965315
0.965315
0.965315
0.965315
0.965315
0.965315
0.965315
0.965315
0.965315
0.965315
0.965315
0.965315
0.965315
0.965315
0.965315
0.965315
