0.0117455
0.0151865
0.0161543
0.0164232
0.0164975
0.0165181
0.0165238
0.0165253
0.0165258
0.0165259
0.0165259
0.0165259
0.0165259
0.0165259
0.0165259
0.0165259
0.0165259
0.0165259
0.0165259
0.0165259
0.0165259
0.0165259
0.0165259
0.0165259
0.0165259
0.0165259
0.0165259
0.0165259
0.0165259
0.0165259
0.0165259
0.0165259
0.0165259
0.0165259
0.0165259
0.0165259
0.0165259
0.0165259
0.0165259
0.0165259
0.0165259
0.0165259
0.0165259
0.0165259
0.0165259
0.0165259
0.0165259
0.0165259
0.0165259
0.0165259
0.0165259
0.0165259
0.0165259
0.0165259
0.0165259
0.0165259
0.0165259
0.0165259
0.0165259
0.0165259
0.0165259
0.0165259
0.0165259
0.0165259
0.0165259
0.0165259
0.0165259
0.0165259
0.0165259
0.0165259
0.0165259
0.0165259
0.0165259
0.0165259
0.0165259
0.0165259
0.0165259
0.0165259
0.0165259
0.0165259
0.0165259
0.0165259
0.0165259
0.0165259
0.0165259
0.0165259
0.0165259
0.0165259
0.0165259
0.0165259
0.0165259
0.0165259
0.0165259
0.0165259
0.0165259
0.0165259
0.0165259
0.0165259
0.0165259
0.0165259
