9.86034
9.80029
9.77655
9.76755
 9.7642
9.76297
9.76252
9.76235
9.76229
9.76227
9.76226
9.76225
9.76225
9.76225
9.76225
9.76225
9.76225
9.76225
9.76225
9.76225
9.76225
9.76225
9.76225
9.76225
9.76225
9.76225
9.76225
9.76225
9.76225
9.76225
9.76225
9.76225
9.76225
9.76225
9.76225
9.76225
9.76225
9.76225
9.76225
9.76225
9.76225
9.76225
9.76225
9.76225
9.76225
9.76225
9.76225
9.76225
9.76225
9.76225
9.76225
9.76225
9.76225
9.76225
9.76225
9.76225
9.76225
9.76225
9.76225
9.76225
9.76225
9.76225
9.76225
9.76225
9.76225
9.76225
9.76225
9.76225
9.76225
9.76225
9.76225
9.76225
9.76225
9.76225
9.76225
9.76225
9.76225
9.76225
9.76225
9.76225
9.76225
9.76225
9.76225
9.76225
9.76225
9.76225
9.76225
9.76225
9.76225
9.76225
9.76225
9.76225
9.76225
9.76225
9.76225
9.76225
9.76225
9.76225
9.76225
9.76225
