23.2403
28.6009
 30.649
31.4125
31.6943
 31.798
 31.836
  31.85
31.8551
 31.857
31.8577
31.8579
 31.858
31.8581
31.8581
31.8581
31.8581
31.8581
31.8581
31.8581
31.8581
31.8581
31.8581
31.8581
31.8581
31.8581
31.8581
31.8581
31.8581
31.8581
31.8581
31.8581
31.8581
31.8581
31.8581
31.8581
31.8581
31.8581
31.8581
31.8581
31.8581
31.8581
31.8581
31.8581
31.8581
31.8581
31.8581
31.8581
31.8581
31.8581
31.8581
31.8581
31.8581
31.8581
31.8581
31.8581
31.8581
31.8581
31.8581
31.8581
31.8581
31.8581
31.8581
31.8581
31.8581
31.8581
31.8581
31.8581
31.8581
31.8581
31.8581
31.8581
31.8581
31.8581
31.8581
31.8581
31.8581
31.8581
31.8581
31.8581
31.8581
31.8581
31.8581
31.8581
31.8581
31.8581
31.8581
31.8581
31.8581
31.8581
31.8581
31.8581
31.8581
31.8581
31.8581
31.8581
31.8581
31.8581
31.8581
31.8581
