0.972069
0.960058
0.955309
 0.95351
0.952841
0.952594
0.952503
 0.95247
0.952458
0.952453
0.952452
0.952451
0.952451
0.952451
0.952451
0.952451
0.952451
0.952451
0.952451
0.952451
0.952451
0.952451
0.952451
0.952451
0.952451
0.952451
0.952451
0.952451
0.952451
0.952451
0.952451
0.952451
0.952451
0.952451
0.952451
0.952451
0.952451
0.952451
0.952451
0.952451
0.952451
0.952451
0.952451
0.952451
0.952451
0.952451
0.952451
0.952451
0.952451
0.952451
0.952451
0.952451
0.952451
0.952451
0.952451
0.952451
0.952451
0.952451
0.952451
0.952451
0.952451
0.952451
0.952451
0.952451
0.952451
0.952451
0.952451
0.952451
0.952451
0.952451
0.952451
0.952451
0.952451
0.952451
0.952451
0.952451
0.952451
0.952451
0.952451
0.952451
0.952451
0.952451
0.952451
0.952451
0.952451
0.952451
0.952451
0.952451
0.952451
0.952451
0.952451
0.952451
0.952451
0.952451
0.952451
0.952451
0.952451
0.952451
0.952451
0.952451
