0.0135151
0.0189906
0.0210833
0.0218636
0.0221516
0.0222576
0.0222965
0.0223107
 0.022316
0.0223179
0.0223186
0.0223189
 0.022319
 0.022319
 0.022319
 0.022319
 0.022319
 0.022319
 0.022319
 0.022319
 0.022319
 0.022319
 0.022319
 0.022319
 0.022319
 0.022319
 0.022319
 0.022319
 0.022319
 0.022319
 0.022319
 0.022319
 0.022319
 0.022319
 0.022319
 0.022319
 0.022319
 0.022319
 0.022319
 0.022319
 0.022319
 0.022319
 0.022319
 0.022319
 0.022319
 0.022319
 0.022319
 0.022319
 0.022319
 0.022319
 0.022319
 0.022319
 0.022319
 0.022319
 0.022319
 0.022319
 0.022319
 0.022319
 0.022319
 0.022319
 0.022319
 0.022319
 0.022319
 0.022319
 0.022319
 0.022319
 0.022319
 0.022319
 0.022319
 0.022319
 0.022319
 0.022319
 0.022319
 0.022319
 0.022319
 0.022319
 0.022319
 0.022319
 0.022319
 0.022319
 0.022319
 0.022319
 0.022319
 0.022319
 0.022319
 0.022319
 0.022319
 0.022319
 0.022319
 0.022319
 0.022319
 0.022319
 0.022319
 0.022319
 0.022319
 0.022319
 0.022319
 0.022319
 0.022319
 0.022319
