9.77094
9.50532
9.25192
9.05696
8.93591
8.87441
 8.8486
8.83983
8.83769
8.83756
8.83782
8.83803
8.83814
8.83818
 8.8382
 8.8382
 8.8382
 8.8382
 8.8382
 8.8382
 8.8382
 8.8382
 8.8382
 8.8382
 8.8382
 8.8382
 8.8382
 8.8382
 8.8382
 8.8382
 8.8382
 8.8382
 8.8382
 8.8382
 8.8382
 8.8382
 8.8382
 8.8382
 8.8382
 8.8382
 8.8382
 8.8382
 8.8382
 8.8382
 8.8382
 8.8382
 8.8382
 8.8382
 8.8382
 8.8382
 8.8382
 8.8382
 8.8382
 8.8382
 8.8382
 8.8382
 8.8382
 8.8382
 8.8382
 8.8382
 8.8382
 8.8382
 8.8382
 8.8382
 8.8382
 8.8382
 8.8382
 8.8382
 8.8382
 8.8382
 8.8382
 8.8382
 8.8382
 8.8382
 8.8382
 8.8382
 8.8382
 8.8382
 8.8382
 8.8382
 8.8382
 8.8382
 8.8382
 8.8382
 8.8382
 8.8382
 8.8382
 8.8382
 8.8382
 8.8382
 8.8382
 8.8382
 8.8382
 8.8382
 8.8382
 8.8382
 8.8382
 8.8382
 8.8382
 8.8382
