31.4793
53.9957
72.8353
85.2051
91.6248
94.2911
95.1602
95.3496
95.3445
95.3099
95.2857
95.2739
95.2692
95.2678
95.2675
95.2676
95.2677
95.2677
95.2677
95.2677
95.2677
95.2677
95.2677
95.2677
95.2677
95.2677
95.2677
95.2677
95.2677
95.2677
95.2677
95.2677
95.2677
95.2677
95.2677
95.2677
95.2677
95.2677
95.2677
95.2677
95.2677
95.2677
95.2677
95.2677
95.2677
95.2677
95.2677
95.2677
95.2677
95.2677
95.2677
95.2677
95.2677
95.2677
95.2677
95.2677
95.2677
95.2677
95.2677
95.2677
95.2677
95.2677
95.2677
95.2677
95.2677
95.2677
95.2677
95.2677
95.2677
95.2677
95.2677
95.2677
95.2677
95.2677
95.2677
95.2677
95.2677
95.2677
95.2677
95.2677
95.2677
95.2677
95.2677
95.2677
95.2677
95.2677
95.2677
95.2677
95.2677
95.2677
95.2677
95.2677
95.2677
95.2677
95.2677
95.2677
95.2677
95.2677
95.2677
95.2677
