0.954189
0.901063
0.850383
0.811393
0.787183
0.774882
0.769721
0.767967
0.767537
0.767512
0.767564
0.767606
0.767628
0.767636
0.767639
 0.76764
 0.76764
 0.76764
 0.76764
 0.76764
 0.76764
 0.76764
 0.76764
 0.76764
 0.76764
 0.76764
 0.76764
 0.76764
 0.76764
 0.76764
 0.76764
 0.76764
 0.76764
 0.76764
 0.76764
 0.76764
 0.76764
 0.76764
 0.76764
 0.76764
 0.76764
 0.76764
 0.76764
 0.76764
 0.76764
 0.76764
 0.76764
 0.76764
 0.76764
 0.76764
 0.76764
 0.76764
 0.76764
 0.76764
 0.76764
 0.76764
 0.76764
 0.76764
 0.76764
 0.76764
 0.76764
 0.76764
 0.76764
 0.76764
 0.76764
 0.76764
 0.76764
 0.76764
 0.76764
 0.76764
 0.76764
 0.76764
 0.76764
 0.76764
 0.76764
 0.76764
 0.76764
 0.76764
 0.76764
 0.76764
 0.76764
 0.76764
 0.76764
 0.76764
 0.76764
 0.76764
 0.76764
 0.76764
 0.76764
 0.76764
 0.76764
 0.76764
 0.76764
 0.76764
 0.76764
 0.76764
 0.76764
 0.76764
 0.76764
 0.76764
