0.0219277
0.0449397
0.0642257
0.0769173
0.0835242
0.0862795
0.0871834
0.0873837
0.0873806
0.0873458
0.0873211
0.0873089
0.0873041
0.0873027
0.0873024
0.0873024
0.0873025
0.0873025
0.0873025
0.0873026
0.0873026
0.0873026
0.0873026
0.0873026
0.0873026
0.0873026
0.0873026
0.0873026
0.0873026
0.0873026
0.0873026
0.0873026
0.0873026
0.0873026
0.0873026
0.0873026
0.0873026
0.0873026
0.0873026
0.0873026
0.0873026
0.0873026
0.0873026
0.0873026
0.0873026
0.0873026
0.0873026
0.0873026
0.0873026
0.0873026
0.0873026
0.0873026
0.0873026
0.0873026
0.0873026
0.0873026
0.0873026
0.0873026
0.0873026
0.0873026
0.0873026
0.0873026
0.0873026
0.0873026
0.0873026
0.0873026
0.0873026
0.0873026
0.0873026
0.0873026
0.0873026
0.0873026
0.0873026
0.0873026
0.0873026
0.0873026
0.0873026
0.0873026
0.0873026
0.0873026
0.0873026
0.0873026
0.0873026
0.0873026
0.0873026
0.0873026
0.0873026
0.0873026
0.0873026
0.0873026
0.0873026
0.0873026
0.0873026
0.0873026
0.0873026
0.0873026
0.0873026
0.0873026
0.0873026
0.0873026
