9.60057
8.46657
6.67841
5.70985
5.89727
6.40683
6.75231
6.83271
6.72949
6.58859
6.51421
6.51857
6.55857
6.59199
6.60229
6.59496
 6.5832
6.57629
6.57593
6.57904
  6.582
6.58311
6.58265
6.58167
6.58103
6.58094
6.58118
6.58143
6.58155
6.58152
6.58144
6.58138
6.58137
6.58139
6.58141
6.58142
6.58142
6.58141
6.58141
6.58141
6.58141
6.58141
6.58141
6.58141
6.58141
6.58141
6.58141
6.58141
6.58141
6.58141
6.58141
6.58141
6.58141
6.58141
6.58141
6.58141
6.58141
6.58141
6.58141
6.58141
6.58141
6.58141
6.58141
6.58141
6.58141
6.58141
6.58141
6.58141
6.58141
6.58141
6.58141
6.58141
6.58141
6.58141
6.58141
6.58141
6.58141
6.58141
6.58141
6.58141
6.58141
6.58141
6.58141
6.58141
6.58141
6.58141
6.58141
6.58141
6.58141
6.58141
6.58141
6.58141
6.58141
6.58141
6.58141
6.58141
6.58141
6.58141
6.58141
6.58141
