46.8542
129.793
187.896
150.708
107.566
91.6087
93.4266
103.048
111.962
115.029
113.059
109.869
108.035
107.938
108.755
109.545
109.849
109.727
109.467
109.295
 109.27
109.332
  109.4
109.431
109.425
109.404
109.388
109.384
109.389
109.395
109.398
109.398
109.396
109.394
109.394
109.394
109.395
109.395
109.395
109.395
109.395
109.395
109.395
109.395
109.395
109.395
109.395
109.395
109.395
109.395
109.395
109.395
109.395
109.395
109.395
109.395
109.395
109.395
109.395
109.395
109.395
109.395
109.395
109.395
109.395
109.395
109.395
109.395
109.395
109.395
109.395
109.395
109.395
109.395
109.395
109.395
109.395
109.395
109.395
109.395
109.395
109.395
109.395
109.395
109.395
109.395
109.395
109.395
109.395
109.395
109.395
109.395
109.395
109.395
109.395
109.395
109.395
109.395
109.395
109.395
