0.920114
0.693314
0.335683
 0.14197
0.179453
0.281366
0.350462
0.366543
0.345898
0.317718
0.302842
0.303715
0.311714
0.318397
0.320459
0.318993
0.316641
0.315258
0.315187
0.315807
  0.3164
0.316623
 0.31653
0.316335
0.316207
0.316188
0.316235
0.316286
0.316309
0.316304
0.316288
0.316277
0.316274
0.316277
0.316282
0.316284
0.316284
0.316283
0.316282
0.316281
0.316281
0.316282
0.316282
0.316282
0.316282
0.316282
0.316282
0.316282
0.316282
0.316282
0.316282
0.316282
0.316282
0.316282
0.316282
0.316282
0.316282
0.316282
0.316282
0.316282
0.316282
0.316282
0.316282
0.316282
0.316282
0.316282
0.316282
0.316282
0.316282
0.316282
0.316282
0.316282
0.316282
0.316282
0.316282
0.316282
0.316282
0.316282
0.316282
0.316282
0.316282
0.316282
0.316282
0.316282
0.316282
0.316282
0.316282
0.316282
0.316282
0.316282
0.316282
0.316282
0.316282
0.316282
0.316282
0.316282
0.316282
0.316282
0.316282
0.316282
