  0.03763
 0.122552
 0.183048
 0.146463
 0.102695
0.0860625
0.0875498
0.0971871
 0.106295
 0.109536
 0.107621
 0.104395
 0.102502
  0.10237
 0.103184
  0.10399
 0.104309
 0.104193
 0.103931
 0.103754
 0.103725
 0.103787
 0.103856
 0.103888
 0.103883
 0.103861
 0.103845
 0.103841
 0.103846
 0.103852
 0.103855
 0.103855
 0.103853
 0.103852
 0.103851
 0.103851
 0.103852
 0.103852
 0.103852
 0.103852
 0.103852
 0.103852
 0.103852
 0.103852
 0.103852
 0.103852
 0.103852
 0.103852
 0.103852
 0.103852
 0.103852
 0.103852
 0.103852
 0.103852
 0.103852
 0.103852
 0.103852
 0.103852
 0.103852
 0.103852
 0.103852
 0.103852
 0.103852
 0.103852
 0.103852
 0.103852
 0.103852
 0.103852
 0.103852
 0.103852
 0.103852
 0.103852
 0.103852
 0.103852
 0.103852
 0.103852
 0.103852
 0.103852
 0.103852
 0.103852
 0.103852
 0.103852
 0.103852
 0.103852
 0.103852
 0.103852
 0.103852
 0.103852
 0.103852
 0.103852
 0.103852
 0.103852
 0.103852
 0.103852
 0.103852
 0.103852
 0.103852
 0.103852
 0.103852
 0.103852
