9.71649
9.24125
8.65047
8.17199
7.95227
7.92493
7.96271
 7.9957
8.00909
8.00998
8.00711
8.00485
8.00399
8.00397
8.00418
8.00434
8.00439
8.00439
8.00437
8.00436
8.00436
8.00436
8.00436
8.00436
8.00436
8.00436
8.00436
8.00436
8.00436
8.00436
8.00436
8.00436
8.00436
8.00436
8.00436
8.00436
8.00436
8.00436
8.00436
8.00436
8.00436
8.00436
8.00436
8.00436
8.00436
8.00436
8.00436
8.00436
8.00436
8.00436
8.00436
8.00436
8.00436
8.00436
8.00436
8.00436
8.00436
8.00436
8.00436
8.00436
8.00436
8.00436
8.00436
8.00436
8.00436
8.00436
8.00436
8.00436
8.00436
8.00436
8.00436
8.00436
8.00436
8.00436
8.00436
8.00436
8.00436
8.00436
8.00436
8.00436
8.00436
8.00436
8.00436
8.00436
8.00436
8.00436
8.00436
8.00436
8.00436
8.00436
8.00436
8.00436
8.00436
8.00436
8.00436
8.00436
8.00436
8.00436
8.00436
8.00436
