36.4368
75.1419
112.474
131.013
132.004
127.509
124.248
123.124
123.165
123.487
123.705
123.776
123.769
123.745
 123.73
123.726
123.727
123.729
 123.73
 123.73
 123.73
 123.73
 123.73
 123.73
 123.73
 123.73
 123.73
 123.73
 123.73
 123.73
 123.73
 123.73
 123.73
 123.73
 123.73
 123.73
 123.73
 123.73
 123.73
 123.73
 123.73
 123.73
 123.73
 123.73
 123.73
 123.73
 123.73
 123.73
 123.73
 123.73
 123.73
 123.73
 123.73
 123.73
 123.73
 123.73
 123.73
 123.73
 123.73
 123.73
 123.73
 123.73
 123.73
 123.73
 123.73
 123.73
 123.73
 123.73
 123.73
 123.73
 123.73
 123.73
 123.73
 123.73
 123.73
 123.73
 123.73
 123.73
 123.73
 123.73
 123.73
 123.73
 123.73
 123.73
 123.73
 123.73
 123.73
 123.73
 123.73
 123.73
 123.73
 123.73
 123.73
 123.73
 123.73
 123.73
 123.73
 123.73
 123.73
 123.73
