0.943298
0.848249
0.730094
0.634399
0.590454
0.584986
0.592542
0.599141
0.601818
0.601996
0.601423
0.600969
0.600797
0.600794
0.600837
0.600867
0.600878
0.600878
0.600875
0.600873
0.600872
0.600872
0.600872
0.600872
0.600873
0.600873
0.600873
0.600873
0.600873
0.600873
0.600873
0.600873
0.600873
0.600873
0.600873
0.600873
0.600873
0.600873
0.600873
0.600873
0.600873
0.600873
0.600873
0.600873
0.600873
0.600873
0.600873
0.600873
0.600873
0.600873
0.600873
0.600873
0.600873
0.600873
0.600873
0.600873
0.600873
0.600873
0.600873
0.600873
0.600873
0.600873
0.600873
0.600873
0.600873
0.600873
0.600873
0.600873
0.600873
0.600873
0.600873
0.600873
0.600873
0.600873
0.600873
0.600873
0.600873
0.600873
0.600873
0.600873
0.600873
0.600873
0.600873
0.600873
0.600873
0.600873
0.600873
0.600873
0.600873
0.600873
0.600873
0.600873
0.600873
0.600873
0.600873
0.600873
0.600873
0.600873
0.600873
0.600873
