0.0269903
0.0665664
 0.104873
 0.124082
 0.125304
 0.120792
  0.11746
 0.116291
 0.116319
 0.116643
 0.116867
  0.11694
 0.116934
  0.11691
 0.116895
 0.116891
 0.116891
 0.116893
 0.116894
 0.116894
 0.116894
 0.116894
 0.116894
 0.116894
 0.116894
 0.116894
 0.116894
 0.116894
 0.116894
 0.116894
 0.116894
 0.116894
 0.116894
 0.116894
 0.116894
 0.116894
 0.116894
 0.116894
 0.116894
 0.116894
 0.116894
 0.116894
 0.116894
 0.116894
 0.116894
 0.116894
 0.116894
 0.116894
 0.116894
 0.116894
 0.116894
 0.116894
 0.116894
 0.116894
 0.116894
 0.116894
 0.116894
 0.116894
 0.116894
 0.116894
 0.116894
 0.116894
 0.116894
 0.116894
 0.116894
 0.116894
 0.116894
 0.116894
 0.116894
 0.116894
 0.116894
 0.116894
 0.116894
 0.116894
 0.116894
 0.116894
 0.116894
 0.116894
 0.116894
 0.116894
 0.116894
 0.116894
 0.116894
 0.116894
 0.116894
 0.116894
 0.116894
 0.116894
 0.116894
 0.116894
 0.116894
 0.116894
 0.116894
 0.116894
 0.116894
 0.116894
 0.116894
 0.116894
 0.116894
 0.116894
