9.75354
9.42802
9.08486
8.80988
8.64674
8.57693
8.55812
8.55819
8.56187
8.56448
8.56564
8.56597
8.56598
8.56592
8.56588
8.56586
8.56585
8.56585
8.56585
8.56586
8.56586
8.56586
8.56586
8.56586
8.56586
8.56586
8.56586
8.56586
8.56586
8.56586
8.56586
8.56586
8.56586
8.56586
8.56586
8.56586
8.56586
8.56586
8.56586
8.56586
8.56586
8.56586
8.56586
8.56586
8.56586
8.56586
8.56586
8.56586
8.56586
8.56586
8.56586
8.56586
8.56586
8.56586
8.56586
8.56586
8.56586
8.56586
8.56586
8.56586
8.56586
8.56586
8.56586
8.56586
8.56586
8.56586
8.56586
8.56586
8.56586
8.56586
8.56586
8.56586
8.56586
8.56586
8.56586
8.56586
8.56586
8.56586
8.56586
8.56586
8.56586
8.56586
8.56586
8.56586
8.56586
8.56586
8.56586
8.56586
8.56586
8.56586
8.56586
8.56586
8.56586
8.56586
8.56586
8.56586
8.56586
8.56586
8.56586
8.56586
