33.0682
60.3313
84.7281
100.281
106.985
108.605
108.419
107.972
107.689
107.573
107.545
107.547
107.554
107.559
107.561
107.561
107.561
107.561
107.561
107.561
107.561
107.561
107.561
107.561
107.561
107.561
107.561
107.561
107.561
107.561
107.561
107.561
107.561
107.561
107.561
107.561
107.561
107.561
107.561
107.561
107.561
107.561
107.561
107.561
107.561
107.561
107.561
107.561
107.561
107.561
107.561
107.561
107.561
107.561
107.561
107.561
107.561
107.561
107.561
107.561
107.561
107.561
107.561
107.561
107.561
107.561
107.561
107.561
107.561
107.561
107.561
107.561
107.561
107.561
107.561
107.561
107.561
107.561
107.561
107.561
107.561
107.561
107.561
107.561
107.561
107.561
107.561
107.561
107.561
107.561
107.561
107.561
107.561
107.561
107.561
107.561
107.561
107.561
107.561
107.561
