0.950709
0.885603
0.816973
0.761977
0.729347
0.715387
0.711624
0.711637
0.712374
0.712897
0.713129
0.713194
0.713196
0.713184
0.713176
0.713172
0.713171
0.713171
0.713171
0.713171
0.713171
0.713171
0.713171
0.713171
0.713171
0.713171
0.713171
0.713171
0.713171
0.713171
0.713171
0.713171
0.713171
0.713171
0.713171
0.713171
0.713171
0.713171
0.713171
0.713171
0.713171
0.713171
0.713171
0.713171
0.713171
0.713171
0.713171
0.713171
0.713171
0.713171
0.713171
0.713171
0.713171
0.713171
0.713171
0.713171
0.713171
0.713171
0.713171
0.713171
0.713171
0.713171
0.713171
0.713171
0.713171
0.713171
0.713171
0.713171
0.713171
0.713171
0.713171
0.713171
0.713171
0.713171
0.713171
0.713171
0.713171
0.713171
0.713171
0.713171
0.713171
0.713171
0.713171
0.713171
0.713171
0.713171
0.713171
0.713171
0.713171
0.713171
0.713171
0.713171
0.713171
0.713171
0.713171
0.713171
0.713171
0.713171
0.713171
0.713171
