0.0235502
0.0514175
0.0764073
0.0923948
0.0993316
 0.101038
  0.10087
 0.100418
 0.100129
 0.100009
0.0999791
0.0999809
0.0999879
0.0999926
0.0999946
0.0999952
0.0999952
 0.099995
 0.099995
0.0999949
0.0999949
0.0999949
0.0999949
0.0999949
0.0999949
0.0999949
0.0999949
0.0999949
0.0999949
0.0999949
0.0999949
0.0999949
0.0999949
0.0999949
0.0999949
0.0999949
0.0999949
0.0999949
0.0999949
0.0999949
0.0999949
0.0999949
0.0999949
0.0999949
0.0999949
0.0999949
0.0999949
0.0999949
0.0999949
0.0999949
0.0999949
0.0999949
0.0999949
0.0999949
0.0999949
0.0999949
0.0999949
0.0999949
0.0999949
0.0999949
0.0999949
0.0999949
0.0999949
0.0999949
0.0999949
0.0999949
0.0999949
0.0999949
0.0999949
0.0999949
0.0999949
0.0999949
0.0999949
0.0999949
0.0999949
0.0999949
0.0999949
0.0999949
0.0999949
0.0999949
0.0999949
0.0999949
0.0999949
0.0999949
0.0999949
0.0999949
0.0999949
0.0999949
0.0999949
0.0999949
0.0999949
0.0999949
0.0999949
0.0999949
0.0999949
0.0999949
0.0999949
0.0999949
0.0999949
0.0999949
