9.68667
9.06912
 8.2251
7.57718
7.37949
7.45034
7.55713
7.61034
7.61521
7.60176
7.59039
7.58644
7.58721
7.58901
7.59007
7.59027
7.59007
7.58987
7.58978
7.58978
7.58981
7.58983
7.58984
7.58984
7.58983
7.58983
7.58983
7.58983
7.58983
7.58983
7.58983
7.58983
7.58983
7.58983
7.58983
7.58983
7.58983
7.58983
7.58983
7.58983
7.58983
7.58983
7.58983
7.58983
7.58983
7.58983
7.58983
7.58983
7.58983
7.58983
7.58983
7.58983
7.58983
7.58983
7.58983
7.58983
7.58983
7.58983
7.58983
7.58983
7.58983
7.58983
7.58983
7.58983
7.58983
7.58983
7.58983
7.58983
7.58983
7.58983
7.58983
7.58983
7.58983
7.58983
7.58983
7.58983
7.58983
7.58983
7.58983
7.58983
7.58983
7.58983
7.58983
7.58983
7.58983
7.58983
7.58983
7.58983
7.58983
7.58983
7.58983
7.58983
7.58983
7.58983
7.58983
7.58983
7.58983
7.58983
7.58983
7.58983
