39.1341
88.1996
135.443
149.414
 139.67
129.342
125.263
125.435
126.845
127.827
128.088
127.963
 127.79
127.705
127.698
 127.72
127.738
127.744
127.743
 127.74
127.738
127.738
127.738
127.739
127.739
127.739
127.739
127.739
127.739
127.739
127.739
127.739
127.739
127.739
127.739
127.739
127.739
127.739
127.739
127.739
127.739
127.739
127.739
127.739
127.739
127.739
127.739
127.739
127.739
127.739
127.739
127.739
127.739
127.739
127.739
127.739
127.739
127.739
127.739
127.739
127.739
127.739
127.739
127.739
127.739
127.739
127.739
127.739
127.739
127.739
127.739
127.739
127.739
127.739
127.739
127.739
127.739
127.739
127.739
127.739
127.739
127.739
127.739
127.739
127.739
127.739
127.739
127.739
127.739
127.739
127.739
127.739
127.739
127.739
127.739
127.739
127.739
127.739
127.739
127.739
