0.937333
0.813824
 0.64502
0.515436
0.475899
0.490068
0.511427
0.522068
0.523043
0.520352
0.518078
0.517289
0.517441
0.517802
0.518015
0.518054
0.518014
0.517973
0.517956
0.517957
0.517963
0.517967
0.517968
0.517967
0.517967
0.517966
0.517966
0.517966
0.517967
0.517967
0.517967
0.517967
0.517967
0.517967
0.517967
0.517967
0.517967
0.517967
0.517967
0.517967
0.517967
0.517967
0.517967
0.517967
0.517967
0.517967
0.517967
0.517967
0.517967
0.517967
0.517967
0.517967
0.517967
0.517967
0.517967
0.517967
0.517967
0.517967
0.517967
0.517967
0.517967
0.517967
0.517967
0.517967
0.517967
0.517967
0.517967
0.517967
0.517967
0.517967
0.517967
0.517967
0.517967
0.517967
0.517967
0.517967
0.517967
0.517967
0.517967
0.517967
0.517967
0.517967
0.517967
0.517967
0.517967
0.517967
0.517967
0.517967
0.517967
0.517967
0.517967
0.517967
0.517967
0.517967
0.517967
0.517967
0.517967
0.517967
0.517967
0.517967
