0.0297449
0.0799298
 0.128503
 0.143269
 0.133627
 0.123123
 0.118895
 0.119014
 0.120434
  0.12144
 0.121715
 0.121593
 0.121417
 0.121329
 0.121321
 0.121343
 0.121362
 0.121368
 0.121367
 0.121364
 0.121362
 0.121362
 0.121362
 0.121363
 0.121363
 0.121363
 0.121363
 0.121363
 0.121363
 0.121363
 0.121363
 0.121363
 0.121363
 0.121363
 0.121363
 0.121363
 0.121363
 0.121363
 0.121363
 0.121363
 0.121363
 0.121363
 0.121363
 0.121363
 0.121363
 0.121363
 0.121363
 0.121363
 0.121363
 0.121363
 0.121363
 0.121363
 0.121363
 0.121363
 0.121363
 0.121363
 0.121363
 0.121363
 0.121363
 0.121363
 0.121363
 0.121363
 0.121363
 0.121363
 0.121363
 0.121363
 0.121363
 0.121363
 0.121363
 0.121363
 0.121363
 0.121363
 0.121363
 0.121363
 0.121363
 0.121363
 0.121363
 0.121363
 0.121363
 0.121363
 0.121363
 0.121363
 0.121363
 0.121363
 0.121363
 0.121363
 0.121363
 0.121363
 0.121363
 0.121363
 0.121363
 0.121363
 0.121363
 0.121363
 0.121363
 0.121363
 0.121363
 0.121363
 0.121363
 0.121363
