 28.704
44.0149
54.7937
61.4777
65.2436
67.2293
68.2323
68.7257
68.9646
69.0793
69.1341
69.1601
69.1725
69.1784
69.1812
69.1825
69.1832
69.1835
69.1836
69.1837
69.1837
69.1837
69.1837
69.1837
69.1837
69.1837
69.1837
69.1837
69.1837
69.1837
69.1837
69.1837
69.1837
69.1837
69.1837
69.1837
69.1837
69.1837
69.1837
69.1837
69.1837
69.1837
69.1837
69.1837
69.1837
69.1837
69.1837
69.1837
69.1837
69.1837
69.1837
69.1837
69.1837
69.1837
69.1837
69.1837
69.1837
69.1837
69.1837
69.1837
69.1837
69.1837
69.1837
69.1837
69.1837
69.1837
69.1837
69.1837
69.1837
69.1837
69.1837
69.1837
69.1837
69.1837
69.1837
69.1837
69.1837
69.1837
69.1837
69.1837
69.1837
69.1837
69.1837
69.1837
69.1837
69.1837
69.1837
69.1837
69.1837
69.1837
69.1837
69.1837
69.1837
69.1837
69.1837
69.1837
69.1837
69.1837
69.1837
69.1837
