9.80122
9.62406
9.48808
9.39673
9.34168
9.31111
9.29509
9.28701
9.28303
 9.2811
9.28018
9.27974
9.27953
9.27943
9.27938
9.27936
9.27935
9.27934
9.27934
9.27934
9.27934
9.27934
9.27934
9.27934
9.27934
9.27934
9.27934
9.27934
9.27934
9.27934
9.27934
9.27934
9.27934
9.27934
9.27934
9.27934
9.27934
9.27934
9.27934
9.27934
9.27934
9.27934
9.27934
9.27934
9.27934
9.27934
9.27934
9.27934
9.27934
9.27934
9.27934
9.27934
9.27934
9.27934
9.27934
9.27934
9.27934
9.27934
9.27934
9.27934
9.27934
9.27934
9.27934
9.27934
9.27934
9.27934
9.27934
9.27934
9.27934
9.27934
9.27934
9.27934
9.27934
9.27934
9.27934
9.27934
9.27934
9.27934
9.27934
9.27934
9.27934
9.27934
9.27934
9.27934
9.27934
9.27934
9.27934
9.27934
9.27934
9.27934
9.27934
9.27934
9.27934
9.27934
9.27934
9.27934
9.27934
9.27934
9.27934
9.27934
