0.960244
0.924812
0.897616
0.879346
0.868336
0.862222
0.859018
0.857402
0.856606
0.856221
0.856036
0.855947
0.855905
0.855885
0.855876
0.855871
0.855869
0.855868
0.855868
0.855867
0.855867
0.855867
0.855867
0.855867
0.855867
0.855867
0.855867
0.855867
0.855867
0.855867
0.855867
0.855867
0.855867
0.855867
0.855867
0.855867
0.855867
0.855867
0.855867
0.855867
0.855867
0.855867
0.855867
0.855867
0.855867
0.855867
0.855867
0.855867
0.855867
0.855867
0.855867
0.855867
0.855867
0.855867
0.855867
0.855867
0.855867
0.855867
0.855867
0.855867
0.855867
0.855867
0.855867
0.855867
0.855867
0.855867
0.855867
0.855867
0.855867
0.855867
0.855867
0.855867
0.855867
0.855867
0.855867
0.855867
0.855867
0.855867
0.855867
0.855867
0.855867
0.855867
0.855867
0.855867
0.855867
0.855867
0.855867
0.855867
0.855867
0.855867
0.855867
0.855867
0.855867
0.855867
0.855867
0.855867
0.855867
0.855867
0.855867
0.855867
