0.0190937
0.0347382
0.0457632
 0.052607
0.0564666
0.0585032
0.0595325
0.0600391
0.0602844
0.0604022
0.0604585
0.0604853
 0.060498
 0.060504
0.0605069
0.0605083
0.0605089
0.0605092
0.0605094
0.0605094
0.0605095
0.0605095
0.0605095
0.0605095
0.0605095
0.0605095
0.0605095
0.0605095
0.0605095
0.0605095
0.0605095
0.0605095
0.0605095
0.0605095
0.0605095
0.0605095
0.0605095
0.0605095
0.0605095
0.0605095
0.0605095
0.0605095
0.0605095
0.0605095
0.0605095
0.0605095
0.0605095
0.0605095
0.0605095
0.0605095
0.0605095
0.0605095
0.0605095
0.0605095
0.0605095
0.0605095
0.0605095
0.0605095
0.0605095
0.0605095
0.0605095
0.0605095
0.0605095
0.0605095
0.0605095
0.0605095
0.0605095
0.0605095
0.0605095
0.0605095
0.0605095
0.0605095
0.0605095
0.0605095
0.0605095
0.0605095
0.0605095
0.0605095
0.0605095
0.0605095
0.0605095
0.0605095
0.0605095
0.0605095
0.0605095
0.0605095
0.0605095
0.0605095
0.0605095
0.0605095
0.0605095
0.0605095
0.0605095
0.0605095
0.0605095
0.0605095
0.0605095
0.0605095
0.0605095
0.0605095
