2.96838
2.96114
2.95954
2.95919
2.95911
 2.9591
2.95909
2.95909
2.95909
2.95909
2.95909
2.95909
2.95909
2.95909
2.95909
2.95909
2.95909
2.95909
2.95909
2.95909
2.95909
2.95909
2.95909
2.95909
2.95909
2.95909
2.95909
2.95909
2.95909
2.95909
2.95909
2.95909
2.95909
2.95909
2.95909
2.95909
2.95909
2.95909
2.95909
2.95909
2.95909
2.95909
2.95909
2.95909
2.95909
2.95909
2.95909
2.95909
2.95909
2.95909
2.95909
2.95909
2.95909
2.95909
2.95909
2.95909
2.95909
2.95909
2.95909
2.95909
2.95909
2.95909
2.95909
2.95909
2.95909
2.95909
2.95909
2.95909
2.95909
2.95909
2.95909
2.95909
2.95909
2.95909
2.95909
2.95909
2.95909
2.95909
2.95909
2.95909
2.95909
2.95909
2.95909
2.95909
2.95909
2.95909
2.95909
2.95909
2.95909
2.95909
2.95909
2.95909
2.95909
2.95909
2.95909
2.95909
2.95909
2.95909
2.95909
2.95909
