3.85876
4.04187
4.08048
4.08858
4.09028
4.09063
4.09071
4.09072
4.09073
4.09073
4.09073
4.09073
4.09073
4.09073
4.09073
4.09073
4.09073
4.09073
4.09073
4.09073
4.09073
4.09073
4.09073
4.09073
4.09073
4.09073
4.09073
4.09073
4.09073
4.09073
4.09073
4.09073
4.09073
4.09073
4.09073
4.09073
4.09073
4.09073
4.09073
4.09073
4.09073
4.09073
4.09073
4.09073
4.09073
4.09073
4.09073
4.09073
4.09073
4.09073
4.09073
4.09073
4.09073
4.09073
4.09073
4.09073
4.09073
4.09073
4.09073
4.09073
4.09073
4.09073
4.09073
4.09073
4.09073
4.09073
4.09073
4.09073
4.09073
4.09073
4.09073
4.09073
4.09073
4.09073
4.09073
4.09073
4.09073
4.09073
4.09073
4.09073
4.09073
4.09073
4.09073
4.09073
4.09073
4.09073
4.09073
4.09073
4.09073
4.09073
4.09073
4.09073
4.09073
4.09073
4.09073
4.09073
4.09073
4.09073
4.09073
4.09073
