0.978917
0.974094
0.973024
0.972792
0.972742
0.972731
0.972729
0.972729
0.972729
0.972728
0.972728
0.972728
0.972728
0.972728
0.972728
0.972728
0.972728
0.972728
0.972728
0.972728
0.972728
0.972728
0.972728
0.972728
0.972728
0.972728
0.972728
0.972728
0.972728
0.972728
0.972728
0.972728
0.972728
0.972728
0.972728
0.972728
0.972728
0.972728
0.972728
0.972728
0.972728
0.972728
0.972728
0.972728
0.972728
0.972728
0.972728
0.972728
0.972728
0.972728
0.972728
0.972728
0.972728
0.972728
0.972728
0.972728
0.972728
0.972728
0.972728
0.972728
0.972728
0.972728
0.972728
0.972728
0.972728
0.972728
0.972728
0.972728
0.972728
0.972728
0.972728
0.972728
0.972728
0.972728
0.972728
0.972728
0.972728
0.972728
0.972728
0.972728
0.972728
0.972728
0.972728
0.972728
0.972728
0.972728
0.972728
0.972728
0.972728
0.972728
0.972728
0.972728
0.972728
0.972728
0.972728
0.972728
0.972728
0.972728
0.972728
0.972728
