0.0102343
0.0124222
0.0128844
0.0129815
0.0130019
0.0130062
0.0130071
0.0130072
0.0130073
0.0130073
0.0130073
0.0130073
0.0130073
0.0130073
0.0130073
0.0130073
0.0130073
0.0130073
0.0130073
0.0130073
0.0130073
0.0130073
0.0130073
0.0130073
0.0130073
0.0130073
0.0130073
0.0130073
0.0130073
0.0130073
0.0130073
0.0130073
0.0130073
0.0130073
0.0130073
0.0130073
0.0130073
0.0130073
0.0130073
0.0130073
0.0130073
0.0130073
0.0130073
0.0130073
0.0130073
0.0130073
0.0130073
0.0130073
0.0130073
0.0130073
0.0130073
0.0130073
0.0130073
0.0130073
0.0130073
0.0130073
0.0130073
0.0130073
0.0130073
0.0130073
0.0130073
0.0130073
0.0130073
0.0130073
0.0130073
0.0130073
0.0130073
0.0130073
0.0130073
0.0130073
0.0130073
0.0130073
0.0130073
0.0130073
0.0130073
0.0130073
0.0130073
0.0130073
0.0130073
0.0130073
0.0130073
0.0130073
0.0130073
0.0130073
0.0130073
0.0130073
0.0130073
0.0130073
0.0130073
0.0130073
0.0130073
0.0130073
0.0130073
0.0130073
0.0130073
0.0130073
0.0130073
0.0130073
0.0130073
0.0130073
