27.1658
39.1022
46.4777
50.6648
52.9141
54.0827
54.6784
54.9788
55.1295
55.2049
55.2425
55.2613
55.2707
55.2753
55.2776
55.2788
55.2794
55.2797
55.2798
55.2799
55.2799
55.2799
  55.28
  55.28
  55.28
  55.28
  55.28
  55.28
  55.28
  55.28
  55.28
  55.28
  55.28
  55.28
  55.28
  55.28
  55.28
  55.28
  55.28
  55.28
  55.28
  55.28
  55.28
  55.28
  55.28
  55.28
  55.28
  55.28
  55.28
  55.28
  55.28
  55.28
  55.28
  55.28
  55.28
  55.28
  55.28
  55.28
  55.28
  55.28
  55.28
  55.28
  55.28
  55.28
  55.28
  55.28
  55.28
  55.28
  55.28
  55.28
  55.28
  55.28
  55.28
  55.28
  55.28
  55.28
  55.28
  55.28
  55.28
  55.28
  55.28
  55.28
  55.28
  55.28
  55.28
  55.28
  55.28
  55.28
  55.28
  55.28
  55.28
  55.28
  55.28
  55.28
  55.28
  55.28
  55.28
  55.28
  55.28
  55.28
