9.81793
9.68117
9.59076
9.53664
9.50644
9.49036
9.48203
 9.4778
9.47566
9.47459
9.47406
9.47379
9.47366
9.47359
9.47356
9.47354
9.47353
9.47353
9.47353
9.47353
9.47352
9.47352
9.47352
9.47352
9.47352
9.47352
9.47352
9.47352
9.47352
9.47352
9.47352
9.47352
9.47352
9.47352
9.47352
9.47352
9.47352
9.47352
9.47352
9.47352
9.47352
9.47352
9.47352
9.47352
9.47352
9.47352
9.47352
9.47352
9.47352
9.47352
9.47352
9.47352
9.47352
9.47352
9.47352
9.47352
9.47352
9.47352
9.47352
9.47352
9.47352
9.47352
9.47352
9.47352
9.47352
9.47352
9.47352
9.47352
9.47352
9.47352
9.47352
9.47352
9.47352
9.47352
9.47352
9.47352
9.47352
9.47352
9.47352
9.47352
9.47352
9.47352
9.47352
9.47352
9.47352
9.47352
9.47352
9.47352
9.47352
9.47352
9.47352
9.47352
9.47352
9.47352
9.47352
9.47352
9.47352
9.47352
9.47352
9.47352
