0.963586
0.936235
0.918153
0.907328
0.901288
0.898072
0.896407
 0.89556
0.895133
0.894919
0.894811
0.894758
0.894731
0.894718
0.894711
0.894708
0.894706
0.894706
0.894705
0.894705
0.894705
0.894705
0.894705
0.894705
0.894705
0.894705
0.894705
0.894705
0.894705
0.894705
0.894705
0.894705
0.894705
0.894705
0.894705
0.894705
0.894705
0.894705
0.894705
0.894705
0.894705
0.894705
0.894705
0.894705
0.894705
0.894705
0.894705
0.894705
0.894705
0.894705
0.894705
0.894705
0.894705
0.894705
0.894705
0.894705
0.894705
0.894705
0.894705
0.894705
0.894705
0.894705
0.894705
0.894705
0.894705
0.894705
0.894705
0.894705
0.894705
0.894705
0.894705
0.894705
0.894705
0.894705
0.894705
0.894705
0.894705
0.894705
0.894705
0.894705
0.894705
0.894705
0.894705
0.894705
0.894705
0.894705
0.894705
0.894705
0.894705
0.894705
0.894705
0.894705
0.894705
0.894705
0.894705
0.894705
0.894705
0.894705
0.894705
0.894705
