0.0175231
0.0297182
0.0372595
0.0415436
0.0438461
0.0450428
0.0456529
0.0459606
 0.046115
0.0461922
0.0462308
  0.04625
0.0462596
0.0462644
0.0462668
0.0462679
0.0462685
0.0462688
 0.046269
0.0462691
0.0462691
0.0462691
0.0462691
0.0462691
0.0462691
0.0462691
0.0462691
0.0462691
0.0462691
0.0462691
0.0462691
0.0462691
0.0462691
0.0462691
0.0462691
0.0462691
0.0462691
0.0462691
0.0462691
0.0462691
0.0462691
0.0462691
0.0462691
0.0462691
0.0462691
0.0462691
0.0462691
0.0462691
0.0462691
0.0462691
0.0462691
0.0462691
0.0462691
0.0462691
0.0462691
0.0462691
0.0462691
0.0462691
0.0462691
0.0462691
0.0462691
0.0462691
0.0462691
0.0462691
0.0462691
0.0462691
0.0462691
0.0462691
0.0462691
0.0462691
0.0462691
0.0462691
0.0462691
0.0462691
0.0462691
0.0462691
0.0462691
0.0462691
0.0462691
0.0462691
0.0462691
0.0462691
0.0462691
0.0462691
0.0462691
0.0462691
0.0462691
0.0462691
0.0462691
0.0462691
0.0462691
0.0462691
0.0462691
0.0462691
0.0462691
0.0462691
0.0462691
0.0462691
0.0462691
0.0462691
