25.9382
 35.504
40.7201
43.3997
44.7302
45.3788
45.6921
45.8427
45.9149
45.9495
45.9661
 45.974
45.9778
45.9796
45.9805
45.9809
45.9811
45.9812
45.9812
45.9812
45.9813
45.9813
45.9813
45.9813
45.9813
45.9813
45.9813
45.9813
45.9813
45.9813
45.9813
45.9813
45.9813
45.9813
45.9813
45.9813
45.9813
45.9813
45.9813
45.9813
45.9813
45.9813
45.9813
45.9813
45.9813
45.9813
45.9813
45.9813
45.9813
45.9813
45.9813
45.9813
45.9813
45.9813
45.9813
45.9813
45.9813
45.9813
45.9813
45.9813
45.9813
45.9813
45.9813
45.9813
45.9813
45.9813
45.9813
45.9813
45.9813
45.9813
45.9813
45.9813
45.9813
45.9813
45.9813
45.9813
45.9813
45.9813
45.9813
45.9813
45.9813
45.9813
45.9813
45.9813
45.9813
45.9813
45.9813
45.9813
45.9813
45.9813
45.9813
45.9813
45.9813
45.9813
45.9813
45.9813
45.9813
45.9813
45.9813
45.9813
