9.83123
9.72244
9.65977
9.62634
9.60935
9.60096
9.59687
 9.5949
9.59396
 9.5935
9.59329
9.59318
9.59313
9.59311
 9.5931
9.59309
9.59309
9.59309
9.59309
9.59309
9.59309
9.59309
9.59309
9.59309
9.59309
9.59309
9.59309
9.59309
9.59309
9.59309
9.59309
9.59309
9.59309
9.59309
9.59309
9.59309
9.59309
9.59309
9.59309
9.59309
9.59309
9.59309
9.59309
9.59309
9.59309
9.59309
9.59309
9.59309
9.59309
9.59309
9.59309
9.59309
9.59309
9.59309
9.59309
9.59309
9.59309
9.59309
9.59309
9.59309
9.59309
9.59309
9.59309
9.59309
9.59309
9.59309
9.59309
9.59309
9.59309
9.59309
9.59309
9.59309
9.59309
9.59309
9.59309
9.59309
9.59309
9.59309
9.59309
9.59309
9.59309
9.59309
9.59309
9.59309
9.59309
9.59309
9.59309
9.59309
9.59309
9.59309
9.59309
9.59309
9.59309
9.59309
9.59309
9.59309
9.59309
9.59309
9.59309
9.59309
