0.966246
0.944489
0.931954
0.925268
 0.92187
0.920192
0.919375
0.918981
0.918791
0.918701
0.918657
0.918636
0.918626
0.918622
0.918619
0.918618
0.918618
0.918617
0.918617
0.918617
0.918617
0.918617
0.918617
0.918617
0.918617
0.918617
0.918617
0.918617
0.918617
0.918617
0.918617
0.918617
0.918617
0.918617
0.918617
0.918617
0.918617
0.918617
0.918617
0.918617
0.918617
0.918617
0.918617
0.918617
0.918617
0.918617
0.918617
0.918617
0.918617
0.918617
0.918617
0.918617
0.918617
0.918617
0.918617
0.918617
0.918617
0.918617
0.918617
0.918617
0.918617
0.918617
0.918617
0.918617
0.918617
0.918617
0.918617
0.918617
0.918617
0.918617
0.918617
0.918617
0.918617
0.918617
0.918617
0.918617
0.918617
0.918617
0.918617
0.918617
0.918617
0.918617
0.918617
0.918617
0.918617
0.918617
0.918617
0.918617
0.918617
0.918617
0.918617
0.918617
0.918617
0.918617
0.918617
0.918617
0.918617
0.918617
0.918617
0.918617
