0.0162697
 0.026042
0.0313741
0.0341145
0.0354756
0.0361393
0.0364598
0.0366139
0.0366878
0.0367232
0.0367402
0.0367483
0.0367522
 0.036754
0.0367549
0.0367553
0.0367555
0.0367556
0.0367557
0.0367557
0.0367557
0.0367557
0.0367557
0.0367557
0.0367557
0.0367557
0.0367557
0.0367557
0.0367557
0.0367557
0.0367557
0.0367557
0.0367557
0.0367557
0.0367557
0.0367557
0.0367557
0.0367557
0.0367557
0.0367557
0.0367557
0.0367557
0.0367557
0.0367557
0.0367557
0.0367557
0.0367557
0.0367557
0.0367557
0.0367557
0.0367557
0.0367557
0.0367557
0.0367557
0.0367557
0.0367557
0.0367557
0.0367557
0.0367557
0.0367557
0.0367557
0.0367557
0.0367557
0.0367557
0.0367557
0.0367557
0.0367557
0.0367557
0.0367557
0.0367557
0.0367557
0.0367557
0.0367557
0.0367557
0.0367557
0.0367557
0.0367557
0.0367557
0.0367557
0.0367557
0.0367557
0.0367557
0.0367557
0.0367557
0.0367557
0.0367557
0.0367557
0.0367557
0.0367557
0.0367557
0.0367557
0.0367557
0.0367557
0.0367557
0.0367557
0.0367557
0.0367557
0.0367557
0.0367557
0.0367557
