23.8211
29.9716
32.5364
 33.574
33.9884
34.1529
34.2181
34.2439
34.2541
34.2582
34.2598
34.2604
34.2606
34.2607
34.2608
34.2608
34.2608
34.2608
34.2608
34.2608
34.2608
34.2608
34.2608
34.2608
34.2608
34.2608
34.2608
34.2608
34.2608
34.2608
34.2608
34.2608
34.2608
34.2608
34.2608
34.2608
34.2608
34.2608
34.2608
34.2608
34.2608
34.2608
34.2608
34.2608
34.2608
34.2608
34.2608
34.2608
34.2608
34.2608
34.2608
34.2608
34.2608
34.2608
34.2608
34.2608
34.2608
34.2608
34.2608
34.2608
34.2608
34.2608
34.2608
34.2608
34.2608
34.2608
34.2608
34.2608
34.2608
34.2608
34.2608
34.2608
34.2608
34.2608
34.2608
34.2608
34.2608
34.2608
34.2608
34.2608
34.2608
34.2608
34.2608
34.2608
34.2608
34.2608
34.2608
34.2608
34.2608
34.2608
34.2608
34.2608
34.2608
34.2608
34.2608
34.2608
34.2608
34.2608
34.2608
34.2608
