9.85409
9.78497
9.75504
9.74268
 9.7377
9.73572
9.73493
9.73462
9.73449
9.73444
9.73443
9.73442
9.73441
9.73441
9.73441
9.73441
9.73441
9.73441
9.73441
9.73441
9.73441
9.73441
9.73441
9.73441
9.73441
9.73441
9.73441
9.73441
9.73441
9.73441
9.73441
9.73441
9.73441
9.73441
9.73441
9.73441
9.73441
9.73441
9.73441
9.73441
9.73441
9.73441
9.73441
9.73441
9.73441
9.73441
9.73441
9.73441
9.73441
9.73441
9.73441
9.73441
9.73441
9.73441
9.73441
9.73441
9.73441
9.73441
9.73441
9.73441
9.73441
9.73441
9.73441
9.73441
9.73441
9.73441
9.73441
9.73441
9.73441
9.73441
9.73441
9.73441
9.73441
9.73441
9.73441
9.73441
9.73441
9.73441
9.73441
9.73441
9.73441
9.73441
9.73441
9.73441
9.73441
9.73441
9.73441
9.73441
9.73441
9.73441
9.73441
9.73441
9.73441
9.73441
9.73441
9.73441
9.73441
9.73441
9.73441
9.73441
