0.970818
0.956995
0.951007
0.948536
0.947541
0.947143
0.946986
0.946923
0.946899
0.946889
0.946885
0.946883
0.946883
0.946883
0.946883
0.946882
0.946882
0.946882
0.946882
0.946882
0.946882
0.946882
0.946882
0.946882
0.946882
0.946882
0.946882
0.946882
0.946882
0.946882
0.946882
0.946882
0.946882
0.946882
0.946882
0.946882
0.946882
0.946882
0.946882
0.946882
0.946882
0.946882
0.946882
0.946882
0.946882
0.946882
0.946882
0.946882
0.946882
0.946882
0.946882
0.946882
0.946882
0.946882
0.946882
0.946882
0.946882
0.946882
0.946882
0.946882
0.946882
0.946882
0.946882
0.946882
0.946882
0.946882
0.946882
0.946882
0.946882
0.946882
0.946882
0.946882
0.946882
0.946882
0.946882
0.946882
0.946882
0.946882
0.946882
0.946882
0.946882
0.946882
0.946882
0.946882
0.946882
0.946882
0.946882
0.946882
0.946882
0.946882
0.946882
0.946882
0.946882
0.946882
0.946882
0.946882
0.946882
0.946882
0.946882
0.946882
