0.0141081
0.0203906
0.0230115
0.0240721
0.0244956
0.0246638
0.0247305
0.0247569
0.0247673
0.0247714
0.0247731
0.0247737
 0.024774
0.0247741
0.0247741
0.0247741
0.0247741
0.0247741
0.0247741
0.0247741
0.0247741
0.0247741
0.0247741
0.0247741
0.0247741
0.0247741
0.0247741
0.0247741
0.0247741
0.0247741
0.0247741
0.0247741
0.0247741
0.0247741
0.0247741
0.0247741
0.0247741
0.0247741
0.0247741
0.0247741
0.0247741
0.0247741
0.0247741
0.0247741
0.0247741
0.0247741
0.0247741
0.0247741
0.0247741
0.0247741
0.0247741
0.0247741
0.0247741
0.0247741
0.0247741
0.0247741
0.0247741
0.0247741
0.0247741
0.0247741
0.0247741
0.0247741
0.0247741
0.0247741
0.0247741
0.0247741
0.0247741
0.0247741
0.0247741
0.0247741
0.0247741
0.0247741
0.0247741
0.0247741
0.0247741
0.0247741
0.0247741
0.0247741
0.0247741
0.0247741
0.0247741
0.0247741
0.0247741
0.0247741
0.0247741
0.0247741
0.0247741
0.0247741
0.0247741
0.0247741
0.0247741
0.0247741
0.0247741
0.0247741
0.0247741
0.0247741
0.0247741
0.0247741
0.0247741
0.0247741
