26.2336
36.3437
42.0354
45.0379
46.5621
47.3196
47.6918
47.8737
47.9623
48.0054
48.0263
48.0365
48.0414
48.0438
 48.045
48.0456
48.0458
 48.046
 48.046
48.0461
48.0461
48.0461
48.0461
48.0461
48.0461
48.0461
48.0461
48.0461
48.0461
48.0461
48.0461
48.0461
48.0461
48.0461
48.0461
48.0461
48.0461
48.0461
48.0461
48.0461
48.0461
48.0461
48.0461
48.0461
48.0461
48.0461
48.0461
48.0461
48.0461
48.0461
48.0461
48.0461
48.0461
48.0461
48.0461
48.0461
48.0461
48.0461
48.0461
48.0461
48.0461
48.0461
48.0461
48.0461
48.0461
48.0461
48.0461
48.0461
48.0461
48.0461
48.0461
48.0461
48.0461
48.0461
48.0461
48.0461
48.0461
48.0461
48.0461
48.0461
48.0461
48.0461
48.0461
48.0461
48.0461
48.0461
48.0461
48.0461
48.0461
48.0461
48.0461
48.0461
48.0461
48.0461
48.0461
48.0461
48.0461
48.0461
48.0461
48.0461
