9.82803
9.71286
9.64415
 9.6064
9.58672
9.57679
9.57187
9.56945
9.56827
 9.5677
9.56742
9.56728
9.56721
9.56718
9.56717
9.56716
9.56716
9.56715
9.56715
9.56715
9.56715
9.56715
9.56715
9.56715
9.56715
9.56715
9.56715
9.56715
9.56715
9.56715
9.56715
9.56715
9.56715
9.56715
9.56715
9.56715
9.56715
9.56715
9.56715
9.56715
9.56715
9.56715
9.56715
9.56715
9.56715
9.56715
9.56715
9.56715
9.56715
9.56715
9.56715
9.56715
9.56715
9.56715
9.56715
9.56715
9.56715
9.56715
9.56715
9.56715
9.56715
9.56715
9.56715
9.56715
9.56715
9.56715
9.56715
9.56715
9.56715
9.56715
9.56715
9.56715
9.56715
9.56715
9.56715
9.56715
9.56715
9.56715
9.56715
9.56715
9.56715
9.56715
9.56715
9.56715
9.56715
9.56715
9.56715
9.56715
9.56715
9.56715
9.56715
9.56715
9.56715
9.56715
9.56715
9.56715
9.56715
9.56715
9.56715
9.56715
