0.965606
0.942571
 0.92883
0.921279
0.917344
0.915358
0.914373
 0.91389
0.913654
0.913539
0.913483
0.913456
0.913443
0.913436
0.913433
0.913432
0.913431
0.913431
0.913431
0.913431
 0.91343
 0.91343
 0.91343
 0.91343
 0.91343
 0.91343
 0.91343
 0.91343
 0.91343
 0.91343
 0.91343
 0.91343
 0.91343
 0.91343
 0.91343
 0.91343
 0.91343
 0.91343
 0.91343
 0.91343
 0.91343
 0.91343
 0.91343
 0.91343
 0.91343
 0.91343
 0.91343
 0.91343
 0.91343
 0.91343
 0.91343
 0.91343
 0.91343
 0.91343
 0.91343
 0.91343
 0.91343
 0.91343
 0.91343
 0.91343
 0.91343
 0.91343
 0.91343
 0.91343
 0.91343
 0.91343
 0.91343
 0.91343
 0.91343
 0.91343
 0.91343
 0.91343
 0.91343
 0.91343
 0.91343
 0.91343
 0.91343
 0.91343
 0.91343
 0.91343
 0.91343
 0.91343
 0.91343
 0.91343
 0.91343
 0.91343
 0.91343
 0.91343
 0.91343
 0.91343
 0.91343
 0.91343
 0.91343
 0.91343
 0.91343
 0.91343
 0.91343
 0.91343
 0.91343
 0.91343
