0.0165713
0.0268998
0.0327184
0.0357894
0.0373489
 0.038124
 0.038505
0.0386911
0.0387818
0.0388259
0.0388474
0.0388578
0.0388629
0.0388653
0.0388665
0.0388671
0.0388674
0.0388675
0.0388676
0.0388676
0.0388676
0.0388676
0.0388676
0.0388676
0.0388676
0.0388676
0.0388676
0.0388676
0.0388676
0.0388676
0.0388676
0.0388676
0.0388676
0.0388676
0.0388676
0.0388676
0.0388676
0.0388676
0.0388676
0.0388676
0.0388676
0.0388676
0.0388676
0.0388676
0.0388676
0.0388676
0.0388676
0.0388676
0.0388676
0.0388676
0.0388676
0.0388676
0.0388676
0.0388676
0.0388676
0.0388676
0.0388676
0.0388676
0.0388676
0.0388676
0.0388676
0.0388676
0.0388676
0.0388676
0.0388676
0.0388676
0.0388676
0.0388676
0.0388676
0.0388676
0.0388676
0.0388676
0.0388676
0.0388676
0.0388676
0.0388676
0.0388676
0.0388676
0.0388676
0.0388676
0.0388676
0.0388676
0.0388676
0.0388676
0.0388676
0.0388676
0.0388676
0.0388676
0.0388676
0.0388676
0.0388676
0.0388676
0.0388676
0.0388676
0.0388676
0.0388676
0.0388676
0.0388676
0.0388676
0.0388676
