9.87797
 9.8395
 9.8282
9.82498
9.82407
9.82381
9.82374
9.82372
9.82371
9.82371
9.82371
9.82371
9.82371
9.82371
9.82371
9.82371
9.82371
9.82371
9.82371
9.82371
9.82371
9.82371
9.82371
9.82371
9.82371
9.82371
9.82371
9.82371
9.82371
9.82371
9.82371
9.82371
9.82371
9.82371
9.82371
9.82371
9.82371
9.82371
9.82371
9.82371
9.82371
9.82371
9.82371
9.82371
9.82371
9.82371
9.82371
9.82371
9.82371
9.82371
9.82371
9.82371
9.82371
9.82371
9.82371
9.82371
9.82371
9.82371
9.82371
9.82371
9.82371
9.82371
9.82371
9.82371
9.82371
9.82371
9.82371
9.82371
9.82371
9.82371
9.82371
9.82371
9.82371
9.82371
9.82371
9.82371
9.82371
9.82371
9.82371
9.82371
9.82371
9.82371
9.82371
9.82371
9.82371
9.82371
9.82371
9.82371
9.82371
9.82371
9.82371
9.82371
9.82371
9.82371
9.82371
9.82371
9.82371
9.82371
9.82371
9.82371
