21.5996
25.0615
26.0531
26.3334
26.4123
26.4345
26.4408
26.4425
 26.443
26.4432
26.4432
26.4432
26.4432
26.4432
26.4432
26.4432
26.4432
26.4432
26.4432
26.4432
26.4432
26.4432
26.4432
26.4432
26.4432
26.4432
26.4432
26.4432
26.4432
26.4432
26.4432
26.4432
26.4432
26.4432
26.4432
26.4432
26.4432
26.4432
26.4432
26.4432
26.4432
26.4432
26.4432
26.4432
26.4432
26.4432
26.4432
26.4432
26.4432
26.4432
26.4432
26.4432
26.4432
26.4432
26.4432
26.4432
26.4432
26.4432
26.4432
26.4432
26.4432
26.4432
26.4432
26.4432
26.4432
26.4432
26.4432
26.4432
26.4432
26.4432
26.4432
26.4432
26.4432
26.4432
26.4432
26.4432
26.4432
26.4432
26.4432
26.4432
26.4432
26.4432
26.4432
26.4432
26.4432
26.4432
26.4432
26.4432
26.4432
26.4432
26.4432
26.4432
26.4432
26.4432
26.4432
26.4432
26.4432
26.4432
26.4432
26.4432
