0.975593
0.967901
0.965641
0.964996
0.964814
0.964762
0.964748
0.964744
0.964743
0.964743
0.964742
0.964742
0.964742
0.964742
0.964742
0.964742
0.964742
0.964742
0.964742
0.964742
0.964742
0.964742
0.964742
0.964742
0.964742
0.964742
0.964742
0.964742
0.964742
0.964742
0.964742
0.964742
0.964742
0.964742
0.964742
0.964742
0.964742
0.964742
0.964742
0.964742
0.964742
0.964742
0.964742
0.964742
0.964742
0.964742
0.964742
0.964742
0.964742
0.964742
0.964742
0.964742
0.964742
0.964742
0.964742
0.964742
0.964742
0.964742
0.964742
0.964742
0.964742
0.964742
0.964742
0.964742
0.964742
0.964742
0.964742
0.964742
0.964742
0.964742
0.964742
0.964742
0.964742
0.964742
0.964742
0.964742
0.964742
0.964742
0.964742
0.964742
0.964742
0.964742
0.964742
0.964742
0.964742
0.964742
0.964742
0.964742
0.964742
0.964742
0.964742
0.964742
0.964742
0.964742
0.964742
0.964742
0.964742
0.964742
0.964742
0.964742
