  0.01184
0.0153758
0.0163888
0.0166752
0.0167558
0.0167785
0.0167849
0.0167867
0.0167872
0.0167873
0.0167874
0.0167874
0.0167874
0.0167874
0.0167874
0.0167874
0.0167874
0.0167874
0.0167874
0.0167874
0.0167874
0.0167874
0.0167874
0.0167874
0.0167874
0.0167874
0.0167874
0.0167874
0.0167874
0.0167874
0.0167874
0.0167874
0.0167874
0.0167874
0.0167874
0.0167874
0.0167874
0.0167874
0.0167874
0.0167874
0.0167874
0.0167874
0.0167874
0.0167874
0.0167874
0.0167874
0.0167874
0.0167874
0.0167874
0.0167874
0.0167874
0.0167874
0.0167874
0.0167874
0.0167874
0.0167874
0.0167874
0.0167874
0.0167874
0.0167874
0.0167874
0.0167874
0.0167874
0.0167874
0.0167874
0.0167874
0.0167874
0.0167874
0.0167874
0.0167874
0.0167874
0.0167874
0.0167874
0.0167874
0.0167874
0.0167874
0.0167874
0.0167874
0.0167874
0.0167874
0.0167874
0.0167874
0.0167874
0.0167874
0.0167874
0.0167874
0.0167874
0.0167874
0.0167874
0.0167874
0.0167874
0.0167874
0.0167874
0.0167874
0.0167874
0.0167874
0.0167874
0.0167874
0.0167874
0.0167874
