9.63215
8.70531
7.29327
6.40457
6.41458
6.75024
6.99511
7.05768
7.00333
6.92977
6.89338
6.89567
6.91296
6.92594
6.92908
6.92606
6.92226
6.92047
6.92065
6.92157
6.92223
6.92237
6.92221
6.92201
6.92192
6.92194
6.92198
6.92202
6.92202
6.92202
6.92201
  6.922
  6.922
  6.922
6.92201
6.92201
6.92201
6.92201
  6.922
6.92201
6.92201
6.92201
6.92201
6.92201
6.92201
6.92201
6.92201
6.92201
6.92201
6.92201
6.92201
6.92201
6.92201
6.92201
6.92201
6.92201
6.92201
6.92201
6.92201
6.92201
6.92201
6.92201
6.92201
6.92201
6.92201
6.92201
6.92201
6.92201
6.92201
6.92201
6.92201
6.92201
6.92201
6.92201
6.92201
6.92201
6.92201
6.92201
6.92201
6.92201
6.92201
6.92201
6.92201
6.92201
6.92201
6.92201
6.92201
6.92201
6.92201
6.92201
6.92201
6.92201
6.92201
6.92201
6.92201
6.92201
6.92201
6.92201
6.92201
6.92201
