44.0341
114.048
172.476
159.045
 126.06
110.398
109.651
115.387
120.784
122.699
121.856
120.368
119.535
119.491
119.811
120.091
120.181
120.133
120.056
120.014
120.013
 120.03
120.045
120.049
120.046
120.042
 120.04
 120.04
120.041
120.042
120.042
120.042
120.042
120.042
120.042
120.042
120.042
120.042
120.042
120.042
120.042
120.042
120.042
120.042
120.042
120.042
120.042
120.042
120.042
120.042
120.042
120.042
120.042
120.042
120.042
120.042
120.042
120.042
120.042
120.042
120.042
120.042
120.042
120.042
120.042
120.042
120.042
120.042
120.042
120.042
120.042
120.042
120.042
120.042
120.042
120.042
120.042
120.042
120.042
120.042
120.042
120.042
120.042
120.042
120.042
120.042
120.042
120.042
120.042
120.042
120.042
120.042
120.042
120.042
120.042
120.042
120.042
120.042
120.042
120.042
