0.926429
0.741063
0.458654
0.280914
0.282915
0.350047
0.399022
0.411536
0.400666
0.385955
0.378677
0.379133
0.382592
0.385189
0.385817
0.385213
0.384453
0.384095
0.384131
0.384313
0.384446
0.384475
0.384442
0.384402
0.384385
0.384387
0.384397
0.384404
0.384405
0.384403
0.384401
  0.3844
  0.3844
0.384401
0.384401
0.384401
0.384401
0.384401
0.384401
0.384401
0.384401
0.384401
0.384401
0.384401
0.384401
0.384401
0.384401
0.384401
0.384401
0.384401
0.384401
0.384401
0.384401
0.384401
0.384401
0.384401
0.384401
0.384401
0.384401
0.384401
0.384401
0.384401
0.384401
0.384401
0.384401
0.384401
0.384401
0.384401
0.384401
0.384401
0.384401
0.384401
0.384401
0.384401
0.384401
0.384401
0.384401
0.384401
0.384401
0.384401
0.384401
0.384401
0.384401
0.384401
0.384401
0.384401
0.384401
0.384401
0.384401
0.384401
0.384401
0.384401
0.384401
0.384401
0.384401
0.384401
0.384401
0.384401
0.384401
0.384401
