0.0347494
 0.106407
 0.166851
 0.154183
 0.120854
 0.104694
 0.103692
 0.109424
  0.11493
 0.116939
 0.116124
 0.114619
 0.113759
 0.113702
 0.114022
 0.114308
 0.114403
 0.114356
 0.114279
 0.114235
 0.114233
 0.114251
 0.114265
  0.11427
 0.114267
 0.114263
 0.114261
 0.114261
 0.114262
 0.114263
 0.114263
 0.114263
 0.114262
 0.114262
 0.114262
 0.114262
 0.114262
 0.114262
 0.114262
 0.114262
 0.114262
 0.114262
 0.114262
 0.114262
 0.114262
 0.114262
 0.114262
 0.114262
 0.114262
 0.114262
 0.114262
 0.114262
 0.114262
 0.114262
 0.114262
 0.114262
 0.114262
 0.114262
 0.114262
 0.114262
 0.114262
 0.114262
 0.114262
 0.114262
 0.114262
 0.114262
 0.114262
 0.114262
 0.114262
 0.114262
 0.114262
 0.114262
 0.114262
 0.114262
 0.114262
 0.114262
 0.114262
 0.114262
 0.114262
 0.114262
 0.114262
 0.114262
 0.114262
 0.114262
 0.114262
 0.114262
 0.114262
 0.114262
 0.114262
 0.114262
 0.114262
 0.114262
 0.114262
 0.114262
 0.114262
 0.114262
 0.114262
 0.114262
 0.114262
 0.114262
