23.7021
29.6857
32.1379
 33.114
33.4979
 33.648
33.7066
33.7295
33.7384
33.7419
33.7432
33.7438
 33.744
33.7441
33.7441
33.7441
33.7441
33.7441
33.7441
33.7441
33.7441
33.7441
33.7441
33.7441
33.7441
33.7441
33.7441
33.7441
33.7441
33.7441
33.7441
33.7441
33.7441
33.7441
33.7441
33.7441
33.7441
33.7441
33.7441
33.7441
33.7441
33.7441
33.7441
33.7441
33.7441
33.7441
33.7441
33.7441
33.7441
33.7441
33.7441
33.7441
33.7441
33.7441
33.7441
33.7441
33.7441
33.7441
33.7441
33.7441
33.7441
33.7441
33.7441
33.7441
33.7441
33.7441
33.7441
33.7441
33.7441
33.7441
33.7441
33.7441
33.7441
33.7441
33.7441
33.7441
33.7441
33.7441
33.7441
33.7441
33.7441
33.7441
33.7441
33.7441
33.7441
33.7441
33.7441
33.7441
33.7441
33.7441
33.7441
33.7441
33.7441
33.7441
33.7441
33.7441
33.7441
33.7441
33.7441
33.7441
