9.85537
9.78817
9.75959
  9.748
 9.7434
9.74159
9.74088
9.74061
 9.7405
9.74046
9.74044
9.74043
9.74043
9.74043
9.74043
9.74043
9.74043
9.74043
9.74043
9.74043
9.74043
9.74043
9.74043
9.74043
9.74043
9.74043
9.74043
9.74043
9.74043
9.74043
9.74043
9.74043
9.74043
9.74043
9.74043
9.74043
9.74043
9.74043
9.74043
9.74043
9.74043
9.74043
9.74043
9.74043
9.74043
9.74043
9.74043
9.74043
9.74043
9.74043
9.74043
9.74043
9.74043
9.74043
9.74043
9.74043
9.74043
9.74043
9.74043
9.74043
9.74043
9.74043
9.74043
9.74043
9.74043
9.74043
9.74043
9.74043
9.74043
9.74043
9.74043
9.74043
9.74043
9.74043
9.74043
9.74043
9.74043
9.74043
9.74043
9.74043
9.74043
9.74043
9.74043
9.74043
9.74043
9.74043
9.74043
9.74043
9.74043
9.74043
9.74043
9.74043
9.74043
9.74043
9.74043
9.74043
9.74043
9.74043
9.74043
9.74043
