0.971074
0.957635
0.951918
0.949599
0.948679
0.948318
0.948176
0.948121
  0.9481
0.948091
0.948088
0.948087
0.948086
0.948086
0.948086
0.948086
0.948086
0.948086
0.948086
0.948086
0.948086
0.948086
0.948086
0.948086
0.948086
0.948086
0.948086
0.948086
0.948086
0.948086
0.948086
0.948086
0.948086
0.948086
0.948086
0.948086
0.948086
0.948086
0.948086
0.948086
0.948086
0.948086
0.948086
0.948086
0.948086
0.948086
0.948086
0.948086
0.948086
0.948086
0.948086
0.948086
0.948086
0.948086
0.948086
0.948086
0.948086
0.948086
0.948086
0.948086
0.948086
0.948086
0.948086
0.948086
0.948086
0.948086
0.948086
0.948086
0.948086
0.948086
0.948086
0.948086
0.948086
0.948086
0.948086
0.948086
0.948086
0.948086
0.948086
0.948086
0.948086
0.948086
0.948086
0.948086
0.948086
0.948086
0.948086
0.948086
0.948086
0.948086
0.948086
0.948086
0.948086
0.948086
0.948086
0.948086
0.948086
0.948086
0.948086
0.948086
