0.0139866
0.0200985
0.0226043
0.0236021
0.0239944
0.0241479
0.0242078
0.0242312
0.0242403
0.0242439
0.0242453
0.0242458
 0.024246
0.0242461
0.0242461
0.0242461
0.0242461
0.0242461
0.0242461
0.0242461
0.0242461
0.0242461
0.0242461
0.0242461
0.0242461
0.0242461
0.0242461
0.0242461
0.0242461
0.0242461
0.0242461
0.0242461
0.0242461
0.0242461
0.0242461
0.0242461
0.0242461
0.0242461
0.0242461
0.0242461
0.0242461
0.0242461
0.0242461
0.0242461
0.0242461
0.0242461
0.0242461
0.0242461
0.0242461
0.0242461
0.0242461
0.0242461
0.0242461
0.0242461
0.0242461
0.0242461
0.0242461
0.0242461
0.0242461
0.0242461
0.0242461
0.0242461
0.0242461
0.0242461
0.0242461
0.0242461
0.0242461
0.0242461
0.0242461
0.0242461
0.0242461
0.0242461
0.0242461
0.0242461
0.0242461
0.0242461
0.0242461
0.0242461
0.0242461
0.0242461
0.0242461
0.0242461
0.0242461
0.0242461
0.0242461
0.0242461
0.0242461
0.0242461
0.0242461
0.0242461
0.0242461
0.0242461
0.0242461
0.0242461
0.0242461
0.0242461
0.0242461
0.0242461
0.0242461
0.0242461
