19.6481
21.4613
21.7933
21.8537
21.8647
21.8667
21.8671
21.8671
21.8671
21.8671
21.8671
21.8671
21.8671
21.8671
21.8671
21.8671
21.8671
21.8671
21.8671
21.8671
21.8671
21.8671
21.8671
21.8671
21.8671
21.8671
21.8671
21.8671
21.8671
21.8671
21.8671
21.8671
21.8671
21.8671
21.8671
21.8671
21.8671
21.8671
21.8671
21.8671
21.8671
21.8671
21.8671
21.8671
21.8671
21.8671
21.8671
21.8671
21.8671
21.8671
21.8671
21.8671
21.8671
21.8671
21.8671
21.8671
21.8671
21.8671
21.8671
21.8671
21.8671
21.8671
21.8671
21.8671
21.8671
21.8671
21.8671
21.8671
21.8671
21.8671
21.8671
21.8671
21.8671
21.8671
21.8671
21.8671
21.8671
21.8671
21.8671
21.8671
21.8671
21.8671
21.8671
21.8671
21.8671
21.8671
21.8671
21.8671
21.8671
21.8671
21.8671
21.8671
21.8671
21.8671
21.8671
21.8671
21.8671
21.8671
21.8671
21.8671
