9.89884
9.87888
9.87516
9.87448
9.87435
9.87433
9.87433
9.87433
9.87433
9.87433
9.87433
9.87433
9.87433
9.87433
9.87433
9.87433
9.87433
9.87433
9.87433
9.87433
9.87433
9.87433
9.87433
9.87433
9.87433
9.87433
9.87433
9.87433
9.87433
9.87433
9.87433
9.87433
9.87433
9.87433
9.87433
9.87433
9.87433
9.87433
9.87433
9.87433
9.87433
9.87433
9.87433
9.87433
9.87433
9.87433
9.87433
9.87433
9.87433
9.87433
9.87433
9.87433
9.87433
9.87433
9.87433
9.87433
9.87433
9.87433
9.87433
9.87433
9.87433
9.87433
9.87433
9.87433
9.87433
9.87433
9.87433
9.87433
9.87433
9.87433
9.87433
9.87433
9.87433
9.87433
9.87433
9.87433
9.87433
9.87433
9.87433
9.87433
9.87433
9.87433
9.87433
9.87433
9.87433
9.87433
9.87433
9.87433
9.87433
9.87433
9.87433
9.87433
9.87433
9.87433
9.87433
9.87433
9.87433
9.87433
9.87433
9.87433
