0.979768
0.975776
0.975032
0.974896
0.974871
0.974866
0.974866
0.974865
0.974865
0.974865
0.974865
0.974865
0.974865
0.974865
0.974865
0.974865
0.974865
0.974865
0.974865
0.974865
0.974865
0.974865
0.974865
0.974865
0.974865
0.974865
0.974865
0.974865
0.974865
0.974865
0.974865
0.974865
0.974865
0.974865
0.974865
0.974865
0.974865
0.974865
0.974865
0.974865
0.974865
0.974865
0.974865
0.974865
0.974865
0.974865
0.974865
0.974865
0.974865
0.974865
0.974865
0.974865
0.974865
0.974865
0.974865
0.974865
0.974865
0.974865
0.974865
0.974865
0.974865
0.974865
0.974865
0.974865
0.974865
0.974865
0.974865
0.974865
0.974865
0.974865
0.974865
0.974865
0.974865
0.974865
0.974865
0.974865
0.974865
0.974865
0.974865
0.974865
0.974865
0.974865
0.974865
0.974865
0.974865
0.974865
0.974865
0.974865
0.974865
0.974865
0.974865
0.974865
0.974865
0.974865
0.974865
0.974865
0.974865
0.974865
0.974865
0.974865
