0.00984772
 0.0116994
 0.0120385
 0.0121002
 0.0121115
 0.0121135
 0.0121139
 0.0121139
  0.012114
  0.012114
  0.012114
  0.012114
  0.012114
  0.012114
  0.012114
  0.012114
  0.012114
  0.012114
  0.012114
  0.012114
  0.012114
  0.012114
  0.012114
  0.012114
  0.012114
  0.012114
  0.012114
  0.012114
  0.012114
  0.012114
  0.012114
  0.012114
  0.012114
  0.012114
  0.012114
  0.012114
  0.012114
  0.012114
  0.012114
  0.012114
  0.012114
  0.012114
  0.012114
  0.012114
  0.012114
  0.012114
  0.012114
  0.012114
  0.012114
  0.012114
  0.012114
  0.012114
  0.012114
  0.012114
  0.012114
  0.012114
  0.012114
  0.012114
  0.012114
  0.012114
  0.012114
  0.012114
  0.012114
  0.012114
  0.012114
  0.012114
  0.012114
  0.012114
  0.012114
  0.012114
  0.012114
  0.012114
  0.012114
  0.012114
  0.012114
  0.012114
  0.012114
  0.012114
  0.012114
  0.012114
  0.012114
  0.012114
  0.012114
  0.012114
  0.012114
  0.012114
  0.012114
  0.012114
  0.012114
  0.012114
  0.012114
  0.012114
  0.012114
  0.012114
  0.012114
  0.012114
  0.012114
  0.012114
  0.012114
  0.012114
