 26.085
35.9191
41.3681
44.2051
45.6296
 46.331
46.6728
46.8384
46.9185
46.9572
46.9759
46.9849
46.9892
46.9913
46.9923
46.9928
46.9931
46.9932
46.9932
46.9933
46.9933
46.9933
46.9933
46.9933
46.9933
46.9933
46.9933
46.9933
46.9933
46.9933
46.9933
46.9933
46.9933
46.9933
46.9933
46.9933
46.9933
46.9933
46.9933
46.9933
46.9933
46.9933
46.9933
46.9933
46.9933
46.9933
46.9933
46.9933
46.9933
46.9933
46.9933
46.9933
46.9933
46.9933
46.9933
46.9933
46.9933
46.9933
46.9933
46.9933
46.9933
46.9933
46.9933
46.9933
46.9933
46.9933
46.9933
46.9933
46.9933
46.9933
46.9933
46.9933
46.9933
46.9933
46.9933
46.9933
46.9933
46.9933
46.9933
46.9933
46.9933
46.9933
46.9933
46.9933
46.9933
46.9933
46.9933
46.9933
46.9933
46.9933
46.9933
46.9933
46.9933
46.9933
46.9933
46.9933
46.9933
46.9933
46.9933
46.9933
