9.82964
9.71771
9.65209
9.61656
9.59827
9.58914
9.58465
9.58246
9.58141
9.58089
9.58065
9.58053
9.58047
9.58044
9.58043
9.58042
9.58042
9.58042
9.58042
9.58042
9.58042
9.58042
9.58042
9.58042
9.58042
9.58042
9.58042
9.58042
9.58042
9.58042
9.58042
9.58042
9.58042
9.58042
9.58042
9.58042
9.58042
9.58042
9.58042
9.58042
9.58042
9.58042
9.58042
9.58042
9.58042
9.58042
9.58042
9.58042
9.58042
9.58042
9.58042
9.58042
9.58042
9.58042
9.58042
9.58042
9.58042
9.58042
9.58042
9.58042
9.58042
9.58042
9.58042
9.58042
9.58042
9.58042
9.58042
9.58042
9.58042
9.58042
9.58042
9.58042
9.58042
9.58042
9.58042
9.58042
9.58042
9.58042
9.58042
9.58042
9.58042
9.58042
9.58042
9.58042
9.58042
9.58042
9.58042
9.58042
9.58042
9.58042
9.58042
9.58042
9.58042
9.58042
9.58042
9.58042
9.58042
9.58042
9.58042
9.58042
