0.965928
0.943541
0.930417
0.923311
0.919654
0.917827
 0.91693
0.916493
0.916281
0.916179
0.916129
0.916106
0.916094
0.916089
0.916086
0.916085
0.916084
0.916084
0.916084
0.916083
0.916083
0.916083
0.916083
0.916083
0.916083
0.916083
0.916083
0.916083
0.916083
0.916083
0.916083
0.916083
0.916083
0.916083
0.916083
0.916083
0.916083
0.916083
0.916083
0.916083
0.916083
0.916083
0.916083
0.916083
0.916083
0.916083
0.916083
0.916083
0.916083
0.916083
0.916083
0.916083
0.916083
0.916083
0.916083
0.916083
0.916083
0.916083
0.916083
0.916083
0.916083
0.916083
0.916083
0.916083
0.916083
0.916083
0.916083
0.916083
0.916083
0.916083
0.916083
0.916083
0.916083
0.916083
0.916083
0.916083
0.916083
0.916083
0.916083
0.916083
0.916083
0.916083
0.916083
0.916083
0.916083
0.916083
0.916083
0.916083
0.916083
0.916083
0.916083
0.916083
0.916083
0.916083
0.916083
0.916083
0.916083
0.916083
0.916083
0.916083
