0.0164195
0.0264661
0.0320364
0.0349379
0.0363953
 0.037113
0.0374627
0.0376323
0.0377143
0.0377539
 0.037773
0.0377822
0.0377866
0.0377888
0.0377898
0.0377903
0.0377905
0.0377907
0.0377907
0.0377907
0.0377908
0.0377908
0.0377908
0.0377908
0.0377908
0.0377908
0.0377908
0.0377908
0.0377908
0.0377908
0.0377908
0.0377908
0.0377908
0.0377908
0.0377908
0.0377908
0.0377908
0.0377908
0.0377908
0.0377908
0.0377908
0.0377908
0.0377908
0.0377908
0.0377908
0.0377908
0.0377908
0.0377908
0.0377908
0.0377908
0.0377908
0.0377908
0.0377908
0.0377908
0.0377908
0.0377908
0.0377908
0.0377908
0.0377908
0.0377908
0.0377908
0.0377908
0.0377908
0.0377908
0.0377908
0.0377908
0.0377908
0.0377908
0.0377908
0.0377908
0.0377908
0.0377908
0.0377908
0.0377908
0.0377908
0.0377908
0.0377908
0.0377908
0.0377908
0.0377908
0.0377908
0.0377908
0.0377908
0.0377908
0.0377908
0.0377908
0.0377908
0.0377908
0.0377908
0.0377908
0.0377908
0.0377908
0.0377908
0.0377908
0.0377908
0.0377908
0.0377908
0.0377908
0.0377908
0.0377908
