57.6868
191.337
191.569
73.5226
27.0815
14.2325
11.1928
12.1152
16.2208
24.5612
38.6472
57.1533
71.3475
71.1071
59.3745
46.6066
38.1027
 34.199
33.9527
 36.498
40.9705
 46.106
50.1901
51.7776
50.6618
47.9163
44.9733
42.8282
41.8757
42.0754
 43.122
44.5561
45.8731
46.6707
46.7848
46.3232
45.5701
44.8365
44.3457
44.1903
44.3417
44.6878
45.0816
45.3903
 45.534
45.5025
 45.344
45.1372
44.9577
44.8553
44.8447
44.9089
45.0118
45.1129
 45.181
45.2019
45.1792
45.1297
45.0748
45.0329
45.0141
45.0193
45.0416
45.0703
 45.095
45.1089
  45.11
45.1007
45.0863
45.0723
45.0631
45.0604
45.0638
45.0707
45.0783
 45.084
45.0865
45.0857
45.0825
45.0786
45.0752
45.0733
45.0732
45.0745
45.0765
45.0785
45.0797
45.0801
45.0796
45.0786
45.0775
45.0768
45.0764
45.0766
 45.077
45.0776
 45.078
45.0783
45.0783
45.0781
