9.47797
7.36144
3.93911
 2.7556
3.25691
4.13329
4.97533
5.67931
6.20974
6.53235
6.59301
6.33905
5.81741
5.26046
4.93149
4.89804
5.06516
5.31187
 5.5489
5.72008
5.79452
5.76584
5.65642
5.51474
5.39613
5.33672
5.34165
5.39259
5.46222
 5.5254
5.56497
  5.574
5.55576
5.52136
5.48511
 5.4591
5.44939
5.45534
5.47147
5.49047
5.50585
5.51367
5.51312
5.50616
5.49635
5.48738
5.48191
5.48088
5.48363
5.48846
5.49341
5.49691
5.49818
5.49732
5.49506
 5.4924
5.49028
5.48923
5.48935
5.49035
5.49172
5.49294
5.49368
5.49381
5.49341
5.49273
5.49205
5.49157
5.49141
5.49153
5.49185
5.49222
5.49251
5.49265
5.49263
5.49249
 5.4923
5.49213
5.49203
5.49202
5.49207
5.49217
5.49226
5.49233
5.49235
5.49233
5.49228
5.49223
5.49219
5.49217
5.49218
 5.4922
5.49223
5.49225
5.49226
5.49226
5.49226
5.49224
5.49223
5.49222
