   0.895595
   0.472289
  -0.212177
  -0.448879
  -0.348618
  -0.173342
-0.00493458
   0.135862
   0.241947
    0.30647
   0.318602
    0.26781
   0.163482
  0.0520918
 -0.0137011
 -0.0203918
  0.0130318
  0.0623739
    0.10978
   0.144016
   0.158904
   0.153168
   0.131284
   0.102949
  0.0792263
   0.067343
  0.0683307
  0.0785189
  0.0924447
   0.105081
   0.112995
     0.1148
   0.111152
   0.104273
  0.0970229
  0.0918198
  0.0898779
   0.091067
  0.0942936
  0.0980943
   0.101171
   0.102734
   0.102625
   0.101233
  0.0992697
  0.0974768
  0.0963822
  0.0961761
  0.0967261
  0.0976924
   0.098682
  0.0993816
  0.0996366
  0.0994642
  0.0990112
  0.0984805
  0.0980554
   0.097846
  0.0978704
  0.0980697
  0.0983431
   0.098589
  0.0987366
  0.0987613
  0.0986822
  0.0985468
  0.0984097
  0.0983142
   0.098281
  0.0983069
  0.0983709
  0.0984445
  0.0985027
  0.0985306
  0.0985262
  0.0984978
  0.0984597
  0.0984259
  0.0984059
  0.0984031
  0.0984145
  0.0984335
  0.0984524
  0.0984654
  0.0984697
  0.0984658
  0.0984568
  0.0984466
  0.0984387
  0.0984349
  0.0984357
  0.0984397
   0.098445
  0.0984497
  0.0984524
  0.0984527
   0.098451
  0.0984484
  0.0984458
   0.098444
