 0.0486958
  0.185833
  0.189525
 0.0714818
 0.0240652
 0.0102013
0.00628027
0.00650094
 0.0101122
  0.018211
 0.0323779
 0.0513276
  0.066192
 0.0665118
  0.054993
 0.0421299
 0.0333713
 0.0291789
 0.0286907
 0.0310888
 0.0355313
 0.0407477
 0.0449835
 0.0467302
 0.0457229
 0.0430097
  0.040032
 0.0378138
 0.0367813
 0.0369192
 0.0379364
 0.0393759
 0.0407246
  0.041565
 0.0417169
 0.0412769
  0.040526
 0.0397789
 0.0392669
 0.0390908
 0.0392281
 0.0395699
 0.0399682
  0.040287
 0.0404421
 0.0404193
 0.0402648
 0.0400568
 0.0398728
 0.0397645
 0.0397487
 0.0398101
 0.0399127
 0.0400157
 0.0400868
 0.0401106
 0.0400898
 0.0400409
 0.0399854
  0.039942
 0.0399216
 0.0399256
 0.0399474
 0.0399762
 0.0400016
 0.0400163
 0.0400181
 0.0400092
 0.0399948
 0.0399806
 0.0399709
 0.0399679
 0.0399709
 0.0399778
 0.0399855
 0.0399915
 0.0399942
 0.0399935
 0.0399904
 0.0399864
 0.0399829
 0.0399809
 0.0399807
  0.039982
  0.039984
  0.039986
 0.0399873
 0.0399877
 0.0399873
 0.0399863
 0.0399852
 0.0399844
  0.039984
 0.0399842
 0.0399846
 0.0399852
 0.0399856
 0.0399859
 0.0399859
 0.0399857
