9.85279
 9.7817
9.75034
9.73718
 9.7318
9.72961
9.72874
9.72838
9.72824
9.72818
9.72816
9.72815
9.72815
9.72815
9.72815
9.72815
9.72815
9.72815
9.72815
9.72815
9.72815
9.72815
9.72815
9.72815
9.72815
9.72815
9.72815
9.72815
9.72815
9.72815
9.72815
9.72815
9.72815
9.72815
9.72815
9.72815
9.72815
9.72815
9.72815
9.72815
9.72815
9.72815
9.72815
9.72815
9.72815
9.72815
9.72815
9.72815
9.72815
9.72815
9.72815
9.72815
9.72815
9.72815
9.72815
9.72815
9.72815
9.72815
9.72815
9.72815
9.72815
9.72815
9.72815
9.72815
9.72815
9.72815
9.72815
9.72815
9.72815
9.72815
9.72815
9.72815
9.72815
9.72815
9.72815
9.72815
9.72815
9.72815
9.72815
9.72815
9.72815
9.72815
9.72815
9.72815
9.72815
9.72815
9.72815
9.72815
9.72815
9.72815
9.72815
9.72815
9.72815
9.72815
9.72815
9.72815
9.72815
9.72815
9.72815
9.72815
