23.9415
30.2638
32.9462
 34.049
34.4961
34.6763
34.7487
34.7778
34.7895
34.7942
34.7961
34.7968
34.7971
34.7973
34.7973
34.7973
34.7973
34.7973
34.7973
34.7973
34.7973
34.7973
34.7973
34.7973
34.7973
34.7973
34.7973
34.7973
34.7973
34.7973
34.7973
34.7973
34.7973
34.7973
34.7973
34.7973
34.7973
34.7973
34.7973
34.7973
34.7973
34.7973
34.7973
34.7973
34.7973
34.7973
34.7973
34.7973
34.7973
34.7973
34.7973
34.7973
34.7973
34.7973
34.7973
34.7973
34.7973
34.7973
34.7973
34.7973
34.7973
34.7973
34.7973
34.7973
34.7973
34.7973
34.7973
34.7973
34.7973
34.7973
34.7973
34.7973
34.7973
34.7973
34.7973
34.7973
34.7973
34.7973
34.7973
34.7973
34.7973
34.7973
34.7973
34.7973
34.7973
34.7973
34.7973
34.7973
34.7973
34.7973
34.7973
34.7973
34.7973
34.7973
34.7973
34.7973
34.7973
34.7973
34.7973
34.7973
