0.970558
 0.95634
0.950069
0.947437
0.946359
0.945923
0.945747
0.945677
0.945648
0.945637
0.945632
 0.94563
 0.94563
0.945629
0.945629
0.945629
0.945629
0.945629
0.945629
0.945629
0.945629
0.945629
0.945629
0.945629
0.945629
0.945629
0.945629
0.945629
0.945629
0.945629
0.945629
0.945629
0.945629
0.945629
0.945629
0.945629
0.945629
0.945629
0.945629
0.945629
0.945629
0.945629
0.945629
0.945629
0.945629
0.945629
0.945629
0.945629
0.945629
0.945629
0.945629
0.945629
0.945629
0.945629
0.945629
0.945629
0.945629
0.945629
0.945629
0.945629
0.945629
0.945629
0.945629
0.945629
0.945629
0.945629
0.945629
0.945629
0.945629
0.945629
0.945629
0.945629
0.945629
0.945629
0.945629
0.945629
0.945629
0.945629
0.945629
0.945629
0.945629
0.945629
0.945629
0.945629
0.945629
0.945629
0.945629
0.945629
0.945629
0.945629
0.945629
0.945629
0.945629
0.945629
0.945629
0.945629
0.945629
0.945629
0.945629
0.945629
