0.0142311
0.0206889
0.0234301
0.0245574
0.0250144
0.0251987
0.0252727
0.0253025
0.0253144
0.0253192
0.0253211
0.0253219
0.0253222
0.0253223
0.0253224
0.0253224
0.0253224
0.0253224
0.0253224
0.0253224
0.0253224
0.0253224
0.0253224
0.0253224
0.0253224
0.0253224
0.0253224
0.0253224
0.0253224
0.0253224
0.0253224
0.0253224
0.0253224
0.0253224
0.0253224
0.0253224
0.0253224
0.0253224
0.0253224
0.0253224
0.0253224
0.0253224
0.0253224
0.0253224
0.0253224
0.0253224
0.0253224
0.0253224
0.0253224
0.0253224
0.0253224
0.0253224
0.0253224
0.0253224
0.0253224
0.0253224
0.0253224
0.0253224
0.0253224
0.0253224
0.0253224
0.0253224
0.0253224
0.0253224
0.0253224
0.0253224
0.0253224
0.0253224
0.0253224
0.0253224
0.0253224
0.0253224
0.0253224
0.0253224
0.0253224
0.0253224
0.0253224
0.0253224
0.0253224
0.0253224
0.0253224
0.0253224
0.0253224
0.0253224
0.0253224
0.0253224
0.0253224
0.0253224
0.0253224
0.0253224
0.0253224
0.0253224
0.0253224
0.0253224
0.0253224
0.0253224
0.0253224
0.0253224
0.0253224
0.0253224
