 9.8264
9.70789
9.63596
9.59585
9.57469
 9.5639
9.55851
9.55584
9.55452
9.55388
9.55357
9.55341
9.55334
 9.5533
9.55328
9.55327
9.55327
9.55327
9.55326
9.55326
9.55326
9.55326
9.55326
9.55326
9.55326
9.55326
9.55326
9.55326
9.55326
9.55326
9.55326
9.55326
9.55326
9.55326
9.55326
9.55326
9.55326
9.55326
9.55326
9.55326
9.55326
9.55326
9.55326
9.55326
9.55326
9.55326
9.55326
9.55326
9.55326
9.55326
9.55326
9.55326
9.55326
9.55326
9.55326
9.55326
9.55326
9.55326
9.55326
9.55326
9.55326
9.55326
9.55326
9.55326
9.55326
9.55326
9.55326
9.55326
9.55326
9.55326
9.55326
9.55326
9.55326
9.55326
9.55326
9.55326
9.55326
9.55326
9.55326
9.55326
9.55326
9.55326
9.55326
9.55326
9.55326
9.55326
9.55326
9.55326
9.55326
9.55326
9.55326
9.55326
9.55326
9.55326
9.55326
9.55326
9.55326
9.55326
9.55326
9.55326
