26.3842
36.7779
42.7225
45.8992
47.5288
48.3459
48.7505
48.9497
49.0473
49.0952
49.1186
  49.13
49.1356
49.1383
49.1397
49.1403
49.1407
49.1408
49.1409
49.1409
49.1409
 49.141
 49.141
 49.141
 49.141
 49.141
 49.141
 49.141
 49.141
 49.141
 49.141
 49.141
 49.141
 49.141
 49.141
 49.141
 49.141
 49.141
 49.141
 49.141
 49.141
 49.141
 49.141
 49.141
 49.141
 49.141
 49.141
 49.141
 49.141
 49.141
 49.141
 49.141
 49.141
 49.141
 49.141
 49.141
 49.141
 49.141
 49.141
 49.141
 49.141
 49.141
 49.141
 49.141
 49.141
 49.141
 49.141
 49.141
 49.141
 49.141
 49.141
 49.141
 49.141
 49.141
 49.141
 49.141
 49.141
 49.141
 49.141
 49.141
 49.141
 49.141
 49.141
 49.141
 49.141
 49.141
 49.141
 49.141
 49.141
 49.141
 49.141
 49.141
 49.141
 49.141
 49.141
 49.141
 49.141
 49.141
 49.141
 49.141
