 0.96528
0.941577
0.927192
 0.91917
0.914938
 0.91278
0.911701
0.911167
0.910905
0.910776
0.910713
0.910682
0.910667
 0.91066
0.910656
0.910654
0.910654
0.910653
0.910653
0.910653
0.910653
0.910653
0.910653
0.910653
0.910653
0.910653
0.910653
0.910653
0.910653
0.910653
0.910653
0.910653
0.910653
0.910653
0.910653
0.910653
0.910653
0.910653
0.910653
0.910653
0.910653
0.910653
0.910653
0.910653
0.910653
0.910653
0.910653
0.910653
0.910653
0.910653
0.910653
0.910653
0.910653
0.910653
0.910653
0.910653
0.910653
0.910653
0.910653
0.910653
0.910653
0.910653
0.910653
0.910653
0.910653
0.910653
0.910653
0.910653
0.910653
0.910653
0.910653
0.910653
0.910653
0.910653
0.910653
0.910653
0.910653
0.910653
0.910653
0.910653
0.910653
0.910653
0.910653
0.910653
0.910653
0.910653
0.910653
0.910653
0.910653
0.910653
0.910653
0.910653
0.910653
0.910653
0.910653
0.910653
0.910653
0.910653
0.910653
0.910653
