 0.016725
0.0273434
0.0334208
  0.03667
0.0383375
0.0391737
0.0395879
0.0397917
0.0398917
0.0399407
0.0399646
0.0399764
0.0399821
0.0399849
0.0399863
0.0399869
0.0399873
0.0399874
0.0399875
0.0399875
0.0399876
0.0399876
0.0399876
0.0399876
0.0399876
0.0399876
0.0399876
0.0399876
0.0399876
0.0399876
0.0399876
0.0399876
0.0399876
0.0399876
0.0399876
0.0399876
0.0399876
0.0399876
0.0399876
0.0399876
0.0399876
0.0399876
0.0399876
0.0399876
0.0399876
0.0399876
0.0399876
0.0399876
0.0399876
0.0399876
0.0399876
0.0399876
0.0399876
0.0399876
0.0399876
0.0399876
0.0399876
0.0399876
0.0399876
0.0399876
0.0399876
0.0399876
0.0399876
0.0399876
0.0399876
0.0399876
0.0399876
0.0399876
0.0399876
0.0399876
0.0399876
0.0399876
0.0399876
0.0399876
0.0399876
0.0399876
0.0399876
0.0399876
0.0399876
0.0399876
0.0399876
0.0399876
0.0399876
0.0399876
0.0399876
0.0399876
0.0399876
0.0399876
0.0399876
0.0399876
0.0399876
0.0399876
0.0399876
0.0399876
0.0399876
0.0399876
0.0399876
0.0399876
0.0399876
0.0399876
