19.6273
19.3604
19.2106
19.1392
19.1082
19.0952
19.0899
19.0878
19.0869
19.0866
19.0865
19.0864
19.0864
19.0864
19.0864
19.0864
19.0864
19.0864
19.0864
19.0864
19.0864
19.0864
19.0864
19.0864
19.0864
19.0864
19.0864
19.0864
19.0864
19.0864
19.0864
19.0864
19.0864
19.0864
19.0864
19.0864
19.0864
19.0864
19.0864
19.0864
19.0864
19.0864
19.0864
19.0864
19.0864
19.0864
19.0864
19.0864
19.0864
19.0864
19.0864
19.0864
19.0864
19.0864
19.0864
19.0864
19.0864
19.0864
19.0864
19.0864
19.0864
19.0864
19.0864
19.0864
19.0864
19.0864
19.0864
19.0864
19.0864
19.0864
19.0864
19.0864
19.0864
19.0864
19.0864
19.0864
19.0864
19.0864
19.0864
19.0864
19.0864
19.0864
19.0864
19.0864
19.0864
19.0864
19.0864
19.0864
19.0864
19.0864
19.0864
19.0864
19.0864
19.0864
19.0864
19.0864
19.0864
19.0864
19.0864
19.0864
