90.9831
138.113
 163.03
174.467
179.345
181.356
182.174
182.504
182.637
182.691
182.712
182.721
182.725
182.726
182.726
182.727
182.727
182.727
182.727
182.727
182.727
182.727
182.727
182.727
182.727
182.727
182.727
182.727
182.727
182.727
182.727
182.727
182.727
182.727
182.727
182.727
182.727
182.727
182.727
182.727
182.727
182.727
182.727
182.727
182.727
182.727
182.727
182.727
182.727
182.727
182.727
182.727
182.727
182.727
182.727
182.727
182.727
182.727
182.727
182.727
182.727
182.727
182.727
182.727
182.727
182.727
182.727
182.727
182.727
182.727
182.727
182.727
182.727
182.727
182.727
182.727
182.727
182.727
182.727
182.727
182.727
182.727
182.727
182.727
182.727
182.727
182.727
182.727
182.727
182.727
182.727
182.727
182.727
182.727
182.727
182.727
182.727
182.727
182.727
182.727
