0.962728
0.936041
0.921063
0.913923
0.910816
0.909522
0.908994
0.908781
0.908695
 0.90866
0.908646
 0.90864
0.908638
0.908637
0.908637
0.908637
0.908637
0.908637
0.908637
0.908637
0.908637
0.908637
0.908637
0.908637
0.908637
0.908637
0.908637
0.908637
0.908637
0.908637
0.908637
0.908637
0.908637
0.908637
0.908637
0.908637
0.908637
0.908637
0.908637
0.908637
0.908637
0.908637
0.908637
0.908637
0.908637
0.908637
0.908637
0.908637
0.908637
0.908637
0.908637
0.908637
0.908637
0.908637
0.908637
0.908637
0.908637
0.908637
0.908637
0.908637
0.908637
0.908637
0.908637
0.908637
0.908637
0.908637
0.908637
0.908637
0.908637
0.908637
0.908637
0.908637
0.908637
0.908637
0.908637
0.908637
0.908637
0.908637
0.908637
0.908637
0.908637
0.908637
0.908637
0.908637
0.908637
0.908637
0.908637
0.908637
0.908637
0.908637
0.908637
0.908637
0.908637
0.908637
0.908637
0.908637
0.908637
0.908637
0.908637
0.908637
