0.0179286
0.0298374
0.0361355
 0.039027
0.0402604
0.0407691
0.0409758
0.0410594
 0.041093
0.0411066
 0.041112
0.0411142
0.0411151
0.0411155
0.0411156
0.0411157
0.0411157
0.0411157
0.0411157
0.0411157
0.0411157
0.0411157
0.0411157
0.0411157
0.0411157
0.0411157
0.0411157
0.0411157
0.0411157
0.0411157
0.0411157
0.0411157
0.0411157
0.0411157
0.0411157
0.0411157
0.0411157
0.0411157
0.0411157
0.0411157
0.0411157
0.0411157
0.0411157
0.0411157
0.0411157
0.0411157
0.0411157
0.0411157
0.0411157
0.0411157
0.0411157
0.0411157
0.0411157
0.0411157
0.0411157
0.0411157
0.0411157
0.0411157
0.0411157
0.0411157
0.0411157
0.0411157
0.0411157
0.0411157
0.0411157
0.0411157
0.0411157
0.0411157
0.0411157
0.0411157
0.0411157
0.0411157
0.0411157
0.0411157
0.0411157
0.0411157
0.0411157
0.0411157
0.0411157
0.0411157
0.0411157
0.0411157
0.0411157
0.0411157
0.0411157
0.0411157
0.0411157
0.0411157
0.0411157
0.0411157
0.0411157
0.0411157
0.0411157
0.0411157
0.0411157
0.0411157
0.0411157
0.0411157
0.0411157
0.0411157
