1860.56
947.105
1189.67
1147.01
1148.86
1153.63
1150.24
1151.97
1151.21
1151.51
 1151.4
1151.44
1151.43
1151.43
1151.43
1151.43
1151.43
1151.43
1151.43
1151.43
1151.43
1151.43
1151.43
1151.43
1151.43
1151.43
1151.43
1151.43
1151.43
1151.43
1151.43
1151.43
1151.43
1151.43
1151.43
1151.43
1151.43
1151.43
1151.43
1151.43
1151.43
1151.43
1151.43
1151.43
1151.43
1151.43
1151.43
1151.43
1151.43
1151.43
1151.43
1151.43
1151.43
1151.43
1151.43
1151.43
1151.43
1151.43
1151.43
1151.43
1151.43
1151.43
1151.43
1151.43
1151.43
1151.43
1151.43
1151.43
1151.43
1151.43
1151.43
1151.43
1151.43
1151.43
1151.43
1151.43
1151.43
1151.43
1151.43
1151.43
1151.43
1151.43
1151.43
1151.43
1151.43
1151.43
1151.43
1151.43
1151.43
1151.43
1151.43
1151.43
1151.43
1151.43
1151.43
1151.43
1151.43
1151.43
1151.43
1151.43
