24.9604
20.4475
22.0996
21.2385
21.5812
21.4517
21.4969
21.4823
21.4866
21.4855
21.4857
21.4857
21.4857
21.4857
21.4857
21.4857
21.4857
21.4857
21.4857
21.4857
21.4857
21.4857
21.4857
21.4857
21.4857
21.4857
21.4857
21.4857
21.4857
21.4857
21.4857
21.4857
21.4857
21.4857
21.4857
21.4857
21.4857
21.4857
21.4857
21.4857
21.4857
21.4857
21.4857
21.4857
21.4857
21.4857
21.4857
21.4857
21.4857
21.4857
21.4857
21.4857
21.4857
21.4857
21.4857
21.4857
21.4857
21.4857
21.4857
21.4857
21.4857
21.4857
21.4857
21.4857
21.4857
21.4857
21.4857
21.4857
21.4857
21.4857
21.4857
21.4857
21.4857
21.4857
21.4857
21.4857
21.4857
21.4857
21.4857
21.4857
21.4857
21.4857
21.4857
21.4857
21.4857
21.4857
21.4857
21.4857
21.4857
21.4857
21.4857
21.4857
21.4857
21.4857
21.4857
21.4857
21.4857
21.4857
21.4857
21.4857
