0.512749
0.239245
0.339373
0.287181
0.307953
0.300106
0.302844
0.301957
0.302219
0.302152
0.302165
0.302164
0.302163
0.302164
0.302164
0.302164
0.302164
0.302164
0.302164
0.302164
0.302164
0.302164
0.302164
0.302164
0.302164
0.302164
0.302164
0.302164
0.302164
0.302164
0.302164
0.302164
0.302164
0.302164
0.302164
0.302164
0.302164
0.302164
0.302164
0.302164
0.302164
0.302164
0.302164
0.302164
0.302164
0.302164
0.302164
0.302164
0.302164
0.302164
0.302164
0.302164
0.302164
0.302164
0.302164
0.302164
0.302164
0.302164
0.302164
0.302164
0.302164
0.302164
0.302164
0.302164
0.302164
0.302164
0.302164
0.302164
0.302164
0.302164
0.302164
0.302164
0.302164
0.302164
0.302164
0.302164
0.302164
0.302164
0.302164
0.302164
0.302164
0.302164
0.302164
0.302164
0.302164
0.302164
0.302164
0.302164
0.302164
0.302164
0.302164
0.302164
0.302164
0.302164
0.302164
0.302164
0.302164
0.302164
0.302164
0.302164
