 0.169071
0.0853511
  0.10754
 0.103691
  0.10383
 0.104281
 0.103964
 0.104125
 0.104055
 0.104083
 0.104073
 0.104076
 0.104075
 0.104075
 0.104075
 0.104075
 0.104075
 0.104075
 0.104075
 0.104075
 0.104075
 0.104075
 0.104075
 0.104075
 0.104075
 0.104075
 0.104075
 0.104075
 0.104075
 0.104075
 0.104075
 0.104075
 0.104075
 0.104075
 0.104075
 0.104075
 0.104075
 0.104075
 0.104075
 0.104075
 0.104075
 0.104075
 0.104075
 0.104075
 0.104075
 0.104075
 0.104075
 0.104075
 0.104075
 0.104075
 0.104075
 0.104075
 0.104075
 0.104075
 0.104075
 0.104075
 0.104075
 0.104075
 0.104075
 0.104075
 0.104075
 0.104075
 0.104075
 0.104075
 0.104075
 0.104075
 0.104075
 0.104075
 0.104075
 0.104075
 0.104075
 0.104075
 0.104075
 0.104075
 0.104075
 0.104075
 0.104075
 0.104075
 0.104075
 0.104075
 0.104075
 0.104075
 0.104075
 0.104075
 0.104075
 0.104075
 0.104075
 0.104075
 0.104075
 0.104075
 0.104075
 0.104075
 0.104075
 0.104075
 0.104075
 0.104075
 0.104075
 0.104075
 0.104075
 0.104075
