9.86848
 9.8191
9.80194
9.79619
9.79428
9.79366
9.79345
9.79339
9.79336
9.79336
9.79336
9.79335
9.79335
9.79335
9.79335
9.79335
9.79335
9.79335
9.79335
9.79335
9.79335
9.79335
9.79335
9.79335
9.79335
9.79335
9.79335
9.79335
9.79335
9.79335
9.79335
9.79335
9.79335
9.79335
9.79335
9.79335
9.79335
9.79335
9.79335
9.79335
9.79335
9.79335
9.79335
9.79335
9.79335
9.79335
9.79335
9.79335
9.79335
9.79335
9.79335
9.79335
9.79335
9.79335
9.79335
9.79335
9.79335
9.79335
9.79335
9.79335
9.79335
9.79335
9.79335
9.79335
9.79335
9.79335
9.79335
9.79335
9.79335
9.79335
9.79335
9.79335
9.79335
9.79335
9.79335
9.79335
9.79335
9.79335
9.79335
9.79335
9.79335
9.79335
9.79335
9.79335
9.79335
9.79335
9.79335
9.79335
9.79335
9.79335
9.79335
9.79335
9.79335
9.79335
9.79335
9.79335
9.79335
9.79335
9.79335
9.79335
