22.4838
26.9088
28.4012
28.8953
29.0578
29.1111
29.1286
29.1343
29.1362
29.1368
 29.137
29.1371
29.1371
29.1371
29.1371
29.1371
29.1371
29.1371
29.1371
29.1371
29.1371
29.1371
29.1371
29.1371
29.1371
29.1371
29.1371
29.1371
29.1371
29.1371
29.1371
29.1371
29.1371
29.1371
29.1371
29.1371
29.1371
29.1371
29.1371
29.1371
29.1371
29.1371
29.1371
29.1371
29.1371
29.1371
29.1371
29.1371
29.1371
29.1371
29.1371
29.1371
29.1371
29.1371
29.1371
29.1371
29.1371
29.1371
29.1371
29.1371
29.1371
29.1371
29.1371
29.1371
29.1371
29.1371
29.1371
29.1371
29.1371
29.1371
29.1371
29.1371
29.1371
29.1371
29.1371
29.1371
29.1371
29.1371
29.1371
29.1371
29.1371
29.1371
29.1371
29.1371
29.1371
29.1371
29.1371
29.1371
29.1371
29.1371
29.1371
29.1371
29.1371
29.1371
29.1371
29.1371
29.1371
29.1371
29.1371
29.1371
