0.973695
0.963819
0.960388
0.959237
0.958857
0.958732
0.958691
0.958677
0.958673
0.958671
0.958671
0.958671
0.958671
0.958671
0.958671
0.958671
0.958671
0.958671
0.958671
0.958671
0.958671
0.958671
0.958671
0.958671
0.958671
0.958671
0.958671
0.958671
0.958671
0.958671
0.958671
0.958671
0.958671
0.958671
0.958671
0.958671
0.958671
0.958671
0.958671
0.958671
0.958671
0.958671
0.958671
0.958671
0.958671
0.958671
0.958671
0.958671
0.958671
0.958671
0.958671
0.958671
0.958671
0.958671
0.958671
0.958671
0.958671
0.958671
0.958671
0.958671
0.958671
0.958671
0.958671
0.958671
0.958671
0.958671
0.958671
0.958671
0.958671
0.958671
0.958671
0.958671
0.958671
0.958671
0.958671
0.958671
0.958671
0.958671
0.958671
0.958671
0.958671
0.958671
0.958671
0.958671
0.958671
0.958671
0.958671
0.958671
0.958671
0.958671
0.958671
0.958671
0.958671
0.958671
0.958671
0.958671
0.958671
0.958671
0.958671
0.958671
