0.0127428
0.0172623
0.0187871
 0.019292
0.0194581
0.0195125
0.0195304
0.0195363
0.0195382
0.0195388
 0.019539
0.0195391
0.0195391
0.0195391
0.0195391
0.0195391
0.0195391
0.0195391
0.0195391
0.0195391
0.0195391
0.0195391
0.0195391
0.0195391
0.0195391
0.0195391
0.0195391
0.0195391
0.0195391
0.0195391
0.0195391
0.0195391
0.0195391
0.0195391
0.0195391
0.0195391
0.0195391
0.0195391
0.0195391
0.0195391
0.0195391
0.0195391
0.0195391
0.0195391
0.0195391
0.0195391
0.0195391
0.0195391
0.0195391
0.0195391
0.0195391
0.0195391
0.0195391
0.0195391
0.0195391
0.0195391
0.0195391
0.0195391
0.0195391
0.0195391
0.0195391
0.0195391
0.0195391
0.0195391
0.0195391
0.0195391
0.0195391
0.0195391
0.0195391
0.0195391
0.0195391
0.0195391
0.0195391
0.0195391
0.0195391
0.0195391
0.0195391
0.0195391
0.0195391
0.0195391
0.0195391
0.0195391
0.0195391
0.0195391
0.0195391
0.0195391
0.0195391
0.0195391
0.0195391
0.0195391
0.0195391
0.0195391
0.0195391
0.0195391
0.0195391
0.0195391
0.0195391
0.0195391
0.0195391
0.0195391
