9.43004
6.86012
2.74571
1.25776
1.33241
1.73789
2.18783
2.62638
3.04224
3.43334
3.79974
4.14189
4.46013
4.75448
5.02438
5.26846
5.48405
5.66665
5.80905
5.90053
5.92668
5.87166
5.72534
5.49586
5.21946
4.95326
4.74953
4.63361
4.60279
 4.6389
4.72048
4.82868
4.94877
5.06952
 5.1822
5.27966
5.35582
5.40547
5.42467
5.41155
5.36753
5.29825
5.21359
5.12616
5.04848
 4.9902
4.95636
4.94745
4.96048
4.99047
5.03166
5.07836
5.12536
5.16814
5.20305
5.22734
5.23936
5.23869
5.22622
5.20417
5.17581
5.14507
5.11587
5.09161
5.07464
 5.0661
5.06592
5.07309
5.08591
5.10231
5.12015
5.13739
5.15228
5.16348
5.17016
5.17199
5.16921
5.16254
5.15309
5.14218
5.13122
5.12146
5.11389
5.10915
5.10745
5.10865
 5.1123
5.11773
5.12414
5.13074
5.13679
5.14168
  5.145
5.14654
5.14631
 5.1445
5.14147
5.13768
5.13363
 5.1298
