  61.874
 213.691
 172.693
 44.5217
 9.54585
 2.54086
 1.05076
0.725798
0.695691
 0.76574
0.890903
 1.06637
 1.30296
  1.6228
 2.06152
 2.67438
 3.54575
 4.80166
 6.62043
 9.22505
 12.8169
 17.3869
 22.3961
 26.5792
 28.4113
 27.2321
 23.8209
 19.6565
 15.8796
 12.9683
 10.9545
 9.70034
 9.05155
 8.89112
 9.14545
 9.77332
 10.7483
 12.0365
 13.5701
 15.2219
 16.7957
 18.0511
 18.7713
 18.8454
 18.3158
 17.3542
 16.1868
 15.0193
 13.9969
 13.2005
 12.6617
 12.3819
 12.3453
 12.5265
 12.8926
 13.4013
 14.0001
 14.6255
 15.2077
 15.6785
 15.9838
 16.0946
 16.0131
 15.7706
 15.4182
 15.0148
 14.6155
 14.2649
 13.9938
 13.8192
 13.7467
 13.7716
 13.8816
 14.0578
 14.2767
 14.5118
 14.7363
 14.9258
 15.0613
 15.1314
  15.134
 15.0756
 14.9697
 14.8339
 14.6874
 14.5479
   14.43
 14.3441
 14.2957
  14.286
 14.3118
 14.3669
 14.4426
 14.5286
 14.6145
  14.691
 14.7502
 14.7872
 14.7999
 14.7894
