   0.886008
   0.372025
  -0.450858
  -0.748448
  -0.733517
  -0.652421
  -0.562434
  -0.474723
  -0.391552
  -0.313331
  -0.240051
  -0.171622
  -0.107973
 -0.0491037
 0.00487698
  0.0536914
  0.0968104
    0.13333
   0.161811
   0.180107
   0.185337
   0.174331
   0.145068
  0.0991723
   0.043893
-0.00934802
 -0.0500944
 -0.0732772
 -0.0794429
 -0.0722196
 -0.0559043
 -0.0342632
 -0.0102456
   0.013904
  0.0364392
  0.0559324
  0.0711639
  0.0810942
  0.0849334
  0.0823105
  0.0735066
  0.0596501
  0.0427183
  0.0252314
 0.00969693
-0.00196002
-0.00872736
 -0.0105098
-0.00790419
-0.00190694
 0.00633222
  0.0156726
  0.0250717
  0.0336288
  0.0406094
  0.0454673
  0.0478718
  0.0477372
   0.045244
  0.0408335
  0.0351624
  0.0290131
  0.0231747
  0.0183225
  0.0149285
  0.0132193
  0.0131842
  0.0146181
  0.0171816
  0.0204627
  0.0240304
   0.027478
  0.0304561
  0.0326969
  0.0340312
  0.0343974
  0.0338416
   0.032508
  0.0306175
   0.028437
  0.0262443
   0.024292
  0.0227787
  0.0218294
  0.0214898
  0.0217305
  0.0224604
  0.0235453
   0.024828
  0.0261478
  0.0273571
  0.0283359
  0.0290003
  0.0293087
   0.029262
     0.0289
  0.0282939
  0.0275357
  0.0267254
  0.0259594
