   0.0529737
     0.20892
    0.171664
    0.043701
   0.0082964
 0.000811076
 -0.00114856
 -0.00191978
 -0.00237025
 -0.00269455
 -0.00293822
 -0.00310658
 -0.00318906
 -0.00316332
 -0.00299279
 -0.00262028
 -0.00195788
-0.000873725
 0.000819567
   0.0033581
   0.0069598
   0.0116316
   0.0168391
   0.0212963
   0.0234261
   0.0225039
    0.019264
   0.0151746
   0.0113908
  0.00841352
  0.00629698
  0.00492086
  0.00414422
   0.0038602
  0.00400329
  0.00453905
  0.00544694
    0.006698
  0.00822768
  0.00990943
   0.0115436
   0.0128817
   0.0136946
   0.0138578
   0.0134014
   0.0124889
   0.0113439
   0.0101736
  0.00912769
  0.00829292
  0.00770712
  0.00737726
  0.00729282
  0.00743272
  0.00776719
  0.00825653
  0.00884919
  0.00948166
   0.0100823
   0.0105801
   0.0109172
   0.0110602
   0.0110073
   0.0107868
   0.0104481
   0.0100492
  0.00964609
   0.0092847
  0.00899784
  0.00880498
  0.00871367
  0.00872145
   0.0088175
  0.00898417
  0.00919853
  0.00943418
  0.00966377
   0.0098619
   0.0100082
   0.0100901
   0.0101038
   0.0100547
  0.00995536
    0.009823
   0.0096767
  0.00953457
  0.00941184
  0.00931957
  0.00926424
  0.00924772
  0.00926772
  0.00931844
  0.00939147
  0.00947678
  0.00956387
  0.00964292
  0.00970582
  0.00974701
  0.00976394
  0.00975713
