19.2377
20.7832
21.0358
21.0769
21.0835
21.0846
21.0848
21.0848
21.0848
21.0848
21.0848
21.0848
21.0848
21.0848
21.0848
21.0848
21.0848
21.0848
21.0848
21.0848
21.0848
21.0848
21.0848
21.0848
21.0848
21.0848
21.0848
21.0848
21.0848
21.0848
21.0848
21.0848
21.0848
21.0848
21.0848
21.0848
21.0848
21.0848
21.0848
21.0848
21.0848
21.0848
21.0848
21.0848
21.0848
21.0848
21.0848
21.0848
21.0848
21.0848
21.0848
21.0848
21.0848
21.0848
21.0848
21.0848
21.0848
21.0848
21.0848
21.0848
21.0848
21.0848
21.0848
21.0848
21.0848
21.0848
21.0848
21.0848
21.0848
21.0848
21.0848
21.0848
21.0848
21.0848
21.0848
21.0848
21.0848
21.0848
21.0848
21.0848
21.0848
21.0848
21.0848
21.0848
21.0848
21.0848
21.0848
21.0848
21.0848
21.0848
21.0848
21.0848
21.0848
21.0848
21.0848
21.0848
21.0848
21.0848
21.0848
21.0848
