9.90322
9.88623
9.88341
9.88295
9.88288
9.88286
9.88286
9.88286
9.88286
9.88286
9.88286
9.88286
9.88286
9.88286
9.88286
9.88286
9.88286
9.88286
9.88286
9.88286
9.88286
9.88286
9.88286
9.88286
9.88286
9.88286
9.88286
9.88286
9.88286
9.88286
9.88286
9.88286
9.88286
9.88286
9.88286
9.88286
9.88286
9.88286
9.88286
9.88286
9.88286
9.88286
9.88286
9.88286
9.88286
9.88286
9.88286
9.88286
9.88286
9.88286
9.88286
9.88286
9.88286
9.88286
9.88286
9.88286
9.88286
9.88286
9.88286
9.88286
9.88286
9.88286
9.88286
9.88286
9.88286
9.88286
9.88286
9.88286
9.88286
9.88286
9.88286
9.88286
9.88286
9.88286
9.88286
9.88286
9.88286
9.88286
9.88286
9.88286
9.88286
9.88286
9.88286
9.88286
9.88286
9.88286
9.88286
9.88286
9.88286
9.88286
9.88286
9.88286
9.88286
9.88286
9.88286
9.88286
9.88286
9.88286
9.88286
9.88286
