0.980643
0.977247
0.976683
 0.97659
0.976575
0.976573
0.976572
0.976572
0.976572
0.976572
0.976572
0.976572
0.976572
0.976572
0.976572
0.976572
0.976572
0.976572
0.976572
0.976572
0.976572
0.976572
0.976572
0.976572
0.976572
0.976572
0.976572
0.976572
0.976572
0.976572
0.976572
0.976572
0.976572
0.976572
0.976572
0.976572
0.976572
0.976572
0.976572
0.976572
0.976572
0.976572
0.976572
0.976572
0.976572
0.976572
0.976572
0.976572
0.976572
0.976572
0.976572
0.976572
0.976572
0.976572
0.976572
0.976572
0.976572
0.976572
0.976572
0.976572
0.976572
0.976572
0.976572
0.976572
0.976572
0.976572
0.976572
0.976572
0.976572
0.976572
0.976572
0.976572
0.976572
0.976572
0.976572
0.976572
0.976572
0.976572
0.976572
0.976572
0.976572
0.976572
0.976572
0.976572
0.976572
0.976572
0.976572
0.976572
0.976572
0.976572
0.976572
0.976572
0.976572
0.976572
0.976572
0.976572
0.976572
0.976572
0.976572
0.976572
