0.00942877
 0.0110071
  0.011265
  0.011307
 0.0113138
 0.0113149
 0.0113151
 0.0113151
 0.0113151
 0.0113151
 0.0113151
 0.0113151
 0.0113151
 0.0113151
 0.0113151
 0.0113151
 0.0113151
 0.0113151
 0.0113151
 0.0113151
 0.0113151
 0.0113151
 0.0113151
 0.0113151
 0.0113151
 0.0113151
 0.0113151
 0.0113151
 0.0113151
 0.0113151
 0.0113151
 0.0113151
 0.0113151
 0.0113151
 0.0113151
 0.0113151
 0.0113151
 0.0113151
 0.0113151
 0.0113151
 0.0113151
 0.0113151
 0.0113151
 0.0113151
 0.0113151
 0.0113151
 0.0113151
 0.0113151
 0.0113151
 0.0113151
 0.0113151
 0.0113151
 0.0113151
 0.0113151
 0.0113151
 0.0113151
 0.0113151
 0.0113151
 0.0113151
 0.0113151
 0.0113151
 0.0113151
 0.0113151
 0.0113151
 0.0113151
 0.0113151
 0.0113151
 0.0113151
 0.0113151
 0.0113151
 0.0113151
 0.0113151
 0.0113151
 0.0113151
 0.0113151
 0.0113151
 0.0113151
 0.0113151
 0.0113151
 0.0113151
 0.0113151
 0.0113151
 0.0113151
 0.0113151
 0.0113151
 0.0113151
 0.0113151
 0.0113151
 0.0113151
 0.0113151
 0.0113151
 0.0113151
 0.0113151
 0.0113151
 0.0113151
 0.0113151
 0.0113151
 0.0113151
 0.0113151
 0.0113151
