18.5523
19.7079
 19.861
19.8813
19.8839
19.8843
19.8843
19.8843
19.8843
19.8843
19.8843
19.8843
19.8843
19.8843
19.8843
19.8843
19.8843
19.8843
19.8843
19.8843
19.8843
19.8843
19.8843
19.8843
19.8843
19.8843
19.8843
19.8843
19.8843
19.8843
19.8843
19.8843
19.8843
19.8843
19.8843
19.8843
19.8843
19.8843
19.8843
19.8843
19.8843
19.8843
19.8843
19.8843
19.8843
19.8843
19.8843
19.8843
19.8843
19.8843
19.8843
19.8843
19.8843
19.8843
19.8843
19.8843
19.8843
19.8843
19.8843
19.8843
19.8843
19.8843
19.8843
19.8843
19.8843
19.8843
19.8843
19.8843
19.8843
19.8843
19.8843
19.8843
19.8843
19.8843
19.8843
19.8843
19.8843
19.8843
19.8843
19.8843
19.8843
19.8843
19.8843
19.8843
19.8843
19.8843
19.8843
19.8843
19.8843
19.8843
19.8843
19.8843
19.8843
19.8843
19.8843
19.8843
19.8843
19.8843
19.8843
19.8843
