9.91052
9.89786
9.89615
9.89593
 9.8959
9.89589
9.89589
9.89589
9.89589
9.89589
9.89589
9.89589
9.89589
9.89589
9.89589
9.89589
9.89589
9.89589
9.89589
9.89589
9.89589
9.89589
9.89589
9.89589
9.89589
9.89589
9.89589
9.89589
9.89589
9.89589
9.89589
9.89589
9.89589
9.89589
9.89589
9.89589
9.89589
9.89589
9.89589
9.89589
9.89589
9.89589
9.89589
9.89589
9.89589
9.89589
9.89589
9.89589
9.89589
9.89589
9.89589
9.89589
9.89589
9.89589
9.89589
9.89589
9.89589
9.89589
9.89589
9.89589
9.89589
9.89589
9.89589
9.89589
9.89589
9.89589
9.89589
9.89589
9.89589
9.89589
9.89589
9.89589
9.89589
9.89589
9.89589
9.89589
9.89589
9.89589
9.89589
9.89589
9.89589
9.89589
9.89589
9.89589
9.89589
9.89589
9.89589
9.89589
9.89589
9.89589
9.89589
9.89589
9.89589
9.89589
9.89589
9.89589
9.89589
9.89589
9.89589
9.89589
