0.982103
0.979571
0.979231
0.979186
 0.97918
0.979179
0.979179
0.979179
0.979179
0.979179
0.979179
0.979179
0.979179
0.979179
0.979179
0.979179
0.979179
0.979179
0.979179
0.979179
0.979179
0.979179
0.979179
0.979179
0.979179
0.979179
0.979179
0.979179
0.979179
0.979179
0.979179
0.979179
0.979179
0.979179
0.979179
0.979179
0.979179
0.979179
0.979179
0.979179
0.979179
0.979179
0.979179
0.979179
0.979179
0.979179
0.979179
0.979179
0.979179
0.979179
0.979179
0.979179
0.979179
0.979179
0.979179
0.979179
0.979179
0.979179
0.979179
0.979179
0.979179
0.979179
0.979179
0.979179
0.979179
0.979179
0.979179
0.979179
0.979179
0.979179
0.979179
0.979179
0.979179
0.979179
0.979179
0.979179
0.979179
0.979179
0.979179
0.979179
0.979179
0.979179
0.979179
0.979179
0.979179
0.979179
0.979179
0.979179
0.979179
0.979179
0.979179
0.979179
0.979179
0.979179
0.979179
0.979179
0.979179
0.979179
0.979179
0.979179
