0.00872907
0.00990918
 0.0100655
 0.0100862
 0.0100889
 0.0100893
 0.0100893
 0.0100893
 0.0100893
 0.0100893
 0.0100893
 0.0100893
 0.0100893
 0.0100893
 0.0100893
 0.0100893
 0.0100893
 0.0100893
 0.0100893
 0.0100893
 0.0100893
 0.0100893
 0.0100893
 0.0100893
 0.0100893
 0.0100893
 0.0100893
 0.0100893
 0.0100893
 0.0100893
 0.0100893
 0.0100893
 0.0100893
 0.0100893
 0.0100893
 0.0100893
 0.0100893
 0.0100893
 0.0100893
 0.0100893
 0.0100893
 0.0100893
 0.0100893
 0.0100893
 0.0100893
 0.0100893
 0.0100893
 0.0100893
 0.0100893
 0.0100893
 0.0100893
 0.0100893
 0.0100893
 0.0100893
 0.0100893
 0.0100893
 0.0100893
 0.0100893
 0.0100893
 0.0100893
 0.0100893
 0.0100893
 0.0100893
 0.0100893
 0.0100893
 0.0100893
 0.0100893
 0.0100893
 0.0100893
 0.0100893
 0.0100893
 0.0100893
 0.0100893
 0.0100893
 0.0100893
 0.0100893
 0.0100893
 0.0100893
 0.0100893
 0.0100893
 0.0100893
 0.0100893
 0.0100893
 0.0100893
 0.0100893
 0.0100893
 0.0100893
 0.0100893
 0.0100893
 0.0100893
 0.0100893
 0.0100893
 0.0100893
 0.0100893
 0.0100893
 0.0100893
 0.0100893
 0.0100893
 0.0100893
 0.0100893
