40.1078
  93.14
143.503
153.926
139.526
127.497
123.677
124.696
126.761
127.956
128.128
127.846
127.582
127.484
127.501
127.547
127.575
 127.58
127.574
127.568
127.566
127.566
127.567
127.568
127.568
127.568
127.568
127.568
127.568
127.568
127.568
127.568
127.568
127.568
127.568
127.568
127.568
127.568
127.568
127.568
127.568
127.568
127.568
127.568
127.568
127.568
127.568
127.568
127.568
127.568
127.568
127.568
127.568
127.568
127.568
127.568
127.568
127.568
127.568
127.568
127.568
127.568
127.568
127.568
127.568
127.568
127.568
127.568
127.568
127.568
127.568
127.568
127.568
127.568
127.568
127.568
127.568
127.568
127.568
127.568
127.568
127.568
127.568
127.568
127.568
127.568
127.568
127.568
127.568
127.568
127.568
127.568
127.568
127.568
127.568
127.568
127.568
127.568
127.568
127.568
