9.67587
9.00205
8.05546
 7.3506
7.17843
7.29536
 7.4285
7.48562
  7.483
7.46145
7.44639
7.44265
7.44502
7.44802
7.44942
7.44943
7.44896
7.44861
7.44852
7.44856
7.44863
7.44866
7.44867
7.44866
7.44865
7.44865
7.44865
7.44865
7.44865
7.44865
7.44865
7.44865
7.44865
7.44865
7.44865
7.44865
7.44865
7.44865
7.44865
7.44865
7.44865
7.44865
7.44865
7.44865
7.44865
7.44865
7.44865
7.44865
7.44865
7.44865
7.44865
7.44865
7.44865
7.44865
7.44865
7.44865
7.44865
7.44865
7.44865
7.44865
7.44865
7.44865
7.44865
7.44865
7.44865
7.44865
7.44865
7.44865
7.44865
7.44865
7.44865
7.44865
7.44865
7.44865
7.44865
7.44865
7.44865
7.44865
7.44865
7.44865
7.44865
7.44865
7.44865
7.44865
7.44865
7.44865
7.44865
7.44865
7.44865
7.44865
7.44865
7.44865
7.44865
7.44865
7.44865
7.44865
7.44865
7.44865
7.44865
7.44865
