0.935174
 0.80041
0.611091
0.470121
0.435686
0.459073
0.485699
0.497125
  0.4966
0.492291
0.489278
 0.48853
0.489003
0.489603
0.489883
0.489886
0.489792
0.489723
0.489703
0.489713
0.489726
0.489733
0.489733
0.489731
 0.48973
0.489729
0.489729
 0.48973
 0.48973
 0.48973
 0.48973
 0.48973
 0.48973
 0.48973
 0.48973
 0.48973
 0.48973
 0.48973
 0.48973
 0.48973
 0.48973
 0.48973
 0.48973
 0.48973
 0.48973
 0.48973
 0.48973
 0.48973
 0.48973
 0.48973
 0.48973
 0.48973
 0.48973
 0.48973
 0.48973
 0.48973
 0.48973
 0.48973
 0.48973
 0.48973
 0.48973
 0.48973
 0.48973
 0.48973
 0.48973
 0.48973
 0.48973
 0.48973
 0.48973
 0.48973
 0.48973
 0.48973
 0.48973
 0.48973
 0.48973
 0.48973
 0.48973
 0.48973
 0.48973
 0.48973
 0.48973
 0.48973
 0.48973
 0.48973
 0.48973
 0.48973
 0.48973
 0.48973
 0.48973
 0.48973
 0.48973
 0.48973
 0.48973
 0.48973
 0.48973
 0.48973
 0.48973
 0.48973
 0.48973
 0.48973
