0.0307394
0.0849878
 0.136816
 0.148056
 0.133684
 0.121416
 0.117422
 0.118395
 0.120483
 0.121712
 0.121901
  0.12162
 0.121351
 0.121248
 0.121264
 0.121311
  0.12134
 0.121345
 0.121339
 0.121333
  0.12133
 0.121331
 0.121332
 0.121332
 0.121332
 0.121332
 0.121332
 0.121332
 0.121332
 0.121332
 0.121332
 0.121332
 0.121332
 0.121332
 0.121332
 0.121332
 0.121332
 0.121332
 0.121332
 0.121332
 0.121332
 0.121332
 0.121332
 0.121332
 0.121332
 0.121332
 0.121332
 0.121332
 0.121332
 0.121332
 0.121332
 0.121332
 0.121332
 0.121332
 0.121332
 0.121332
 0.121332
 0.121332
 0.121332
 0.121332
 0.121332
 0.121332
 0.121332
 0.121332
 0.121332
 0.121332
 0.121332
 0.121332
 0.121332
 0.121332
 0.121332
 0.121332
 0.121332
 0.121332
 0.121332
 0.121332
 0.121332
 0.121332
 0.121332
 0.121332
 0.121332
 0.121332
 0.121332
 0.121332
 0.121332
 0.121332
 0.121332
 0.121332
 0.121332
 0.121332
 0.121332
 0.121332
 0.121332
 0.121332
 0.121332
 0.121332
 0.121332
 0.121332
 0.121332
 0.121332
