9.84035
9.74864
 9.7011
9.67799
9.66716
9.66218
9.65992
9.65889
9.65843
9.65822
9.65812
9.65808
9.65806
9.65805
9.65805
9.65805
9.65805
9.65805
9.65805
9.65805
9.65805
9.65805
9.65805
9.65805
9.65805
9.65805
9.65805
9.65805
9.65805
9.65805
9.65805
9.65805
9.65805
9.65805
9.65805
9.65805
9.65805
9.65805
9.65805
9.65805
9.65805
9.65805
9.65805
9.65805
9.65805
9.65805
9.65805
9.65805
9.65805
9.65805
9.65805
9.65805
9.65805
9.65805
9.65805
9.65805
9.65805
9.65805
9.65805
9.65805
9.65805
9.65805
9.65805
9.65805
9.65805
9.65805
9.65805
9.65805
9.65805
9.65805
9.65805
9.65805
9.65805
9.65805
9.65805
9.65805
9.65805
9.65805
9.65805
9.65805
9.65805
9.65805
9.65805
9.65805
9.65805
9.65805
9.65805
9.65805
9.65805
9.65805
9.65805
9.65805
9.65805
9.65805
9.65805
9.65805
9.65805
9.65805
9.65805
9.65805
