25.0948
33.1985
37.2043
39.0952
39.9669
40.3641
40.5441
40.6255
40.6622
40.6787
40.6862
40.6896
40.6911
40.6918
40.6921
40.6922
40.6923
40.6923
40.6924
40.6924
40.6924
40.6924
40.6924
40.6924
40.6924
40.6924
40.6924
40.6924
40.6924
40.6924
40.6924
40.6924
40.6924
40.6924
40.6924
40.6924
40.6924
40.6924
40.6924
40.6924
40.6924
40.6924
40.6924
40.6924
40.6924
40.6924
40.6924
40.6924
40.6924
40.6924
40.6924
40.6924
40.6924
40.6924
40.6924
40.6924
40.6924
40.6924
40.6924
40.6924
40.6924
40.6924
40.6924
40.6924
40.6924
40.6924
40.6924
40.6924
40.6924
40.6924
40.6924
40.6924
40.6924
40.6924
40.6924
40.6924
40.6924
40.6924
40.6924
40.6924
40.6924
40.6924
40.6924
40.6924
40.6924
40.6924
40.6924
40.6924
40.6924
40.6924
40.6924
40.6924
40.6924
40.6924
40.6924
40.6924
40.6924
40.6924
40.6924
40.6924
