0.968069
0.949728
0.940219
0.935598
0.933432
0.932436
0.931984
0.931778
0.931686
0.931644
0.931625
0.931616
0.931613
0.931611
 0.93161
 0.93161
 0.93161
 0.93161
 0.93161
0.931609
0.931609
0.931609
0.931609
0.931609
0.931609
0.931609
0.931609
0.931609
0.931609
0.931609
0.931609
0.931609
0.931609
0.931609
0.931609
0.931609
0.931609
0.931609
0.931609
0.931609
0.931609
0.931609
0.931609
0.931609
0.931609
0.931609
0.931609
0.931609
0.931609
0.931609
0.931609
0.931609
0.931609
0.931609
0.931609
0.931609
0.931609
0.931609
0.931609
0.931609
0.931609
0.931609
0.931609
0.931609
0.931609
0.931609
0.931609
0.931609
0.931609
0.931609
0.931609
0.931609
0.931609
0.931609
0.931609
0.931609
0.931609
0.931609
0.931609
0.931609
0.931609
0.931609
0.931609
0.931609
0.931609
0.931609
0.931609
0.931609
0.931609
0.931609
0.931609
0.931609
0.931609
0.931609
0.931609
0.931609
0.931609
0.931609
0.931609
0.931609
