0.0154086
0.0236867
 0.027781
0.0297144
0.0306058
0.0310121
0.0311961
0.0312794
0.0313169
0.0313339
0.0313415
 0.031345
0.0313465
0.0313472
0.0313475
0.0313477
0.0313477
0.0313478
0.0313478
0.0313478
0.0313478
0.0313478
0.0313478
0.0313478
0.0313478
0.0313478
0.0313478
0.0313478
0.0313478
0.0313478
0.0313478
0.0313478
0.0313478
0.0313478
0.0313478
0.0313478
0.0313478
0.0313478
0.0313478
0.0313478
0.0313478
0.0313478
0.0313478
0.0313478
0.0313478
0.0313478
0.0313478
0.0313478
0.0313478
0.0313478
0.0313478
0.0313478
0.0313478
0.0313478
0.0313478
0.0313478
0.0313478
0.0313478
0.0313478
0.0313478
0.0313478
0.0313478
0.0313478
0.0313478
0.0313478
0.0313478
0.0313478
0.0313478
0.0313478
0.0313478
0.0313478
0.0313478
0.0313478
0.0313478
0.0313478
0.0313478
0.0313478
0.0313478
0.0313478
0.0313478
0.0313478
0.0313478
0.0313478
0.0313478
0.0313478
0.0313478
0.0313478
0.0313478
0.0313478
0.0313478
0.0313478
0.0313478
0.0313478
0.0313478
0.0313478
0.0313478
0.0313478
0.0313478
0.0313478
0.0313478
