24.3119
31.1789
34.2467
35.5691
36.1297
36.3656
36.4646
 36.506
36.5234
36.5306
36.5337
 36.535
36.5355
36.5357
36.5358
36.5358
36.5359
36.5359
36.5359
36.5359
36.5359
36.5359
36.5359
36.5359
36.5359
36.5359
36.5359
36.5359
36.5359
36.5359
36.5359
36.5359
36.5359
36.5359
36.5359
36.5359
36.5359
36.5359
36.5359
36.5359
36.5359
36.5359
36.5359
36.5359
36.5359
36.5359
36.5359
36.5359
36.5359
36.5359
36.5359
36.5359
36.5359
36.5359
36.5359
36.5359
36.5359
36.5359
36.5359
36.5359
36.5359
36.5359
36.5359
36.5359
36.5359
36.5359
36.5359
36.5359
36.5359
36.5359
36.5359
36.5359
36.5359
36.5359
36.5359
36.5359
36.5359
36.5359
36.5359
36.5359
36.5359
36.5359
36.5359
36.5359
36.5359
36.5359
36.5359
36.5359
36.5359
36.5359
36.5359
36.5359
36.5359
36.5359
36.5359
36.5359
36.5359
36.5359
36.5359
36.5359
