 9.8488
9.77142
 9.7354
 9.7195
9.71269
 9.7098
9.70859
9.70808
9.70787
9.70778
9.70774
9.70772
9.70772
9.70771
9.70771
9.70771
9.70771
9.70771
9.70771
9.70771
9.70771
9.70771
9.70771
9.70771
9.70771
9.70771
9.70771
9.70771
9.70771
9.70771
9.70771
9.70771
9.70771
9.70771
9.70771
9.70771
9.70771
9.70771
9.70771
9.70771
9.70771
9.70771
9.70771
9.70771
9.70771
9.70771
9.70771
9.70771
9.70771
9.70771
9.70771
9.70771
9.70771
9.70771
9.70771
9.70771
9.70771
9.70771
9.70771
9.70771
9.70771
9.70771
9.70771
9.70771
9.70771
9.70771
9.70771
9.70771
9.70771
9.70771
9.70771
9.70771
9.70771
9.70771
9.70771
9.70771
9.70771
9.70771
9.70771
9.70771
9.70771
9.70771
9.70771
9.70771
9.70771
9.70771
9.70771
9.70771
9.70771
9.70771
9.70771
9.70771
9.70771
9.70771
9.70771
9.70771
9.70771
9.70771
9.70771
9.70771
