 0.96976
0.954285
0.947079
0.943901
0.942537
 0.94196
0.941718
0.941616
0.941573
0.941555
0.941548
0.941545
0.941544
0.941543
0.941543
0.941543
0.941543
0.941543
0.941543
0.941543
0.941543
0.941543
0.941543
0.941543
0.941543
0.941543
0.941543
0.941543
0.941543
0.941543
0.941543
0.941543
0.941543
0.941543
0.941543
0.941543
0.941543
0.941543
0.941543
0.941543
0.941543
0.941543
0.941543
0.941543
0.941543
0.941543
0.941543
0.941543
0.941543
0.941543
0.941543
0.941543
0.941543
0.941543
0.941543
0.941543
0.941543
0.941543
0.941543
0.941543
0.941543
0.941543
0.941543
0.941543
0.941543
0.941543
0.941543
0.941543
0.941543
0.941543
0.941543
0.941543
0.941543
0.941543
0.941543
0.941543
0.941543
0.941543
0.941543
0.941543
0.941543
0.941543
0.941543
0.941543
0.941543
0.941543
0.941543
0.941543
0.941543
0.941543
0.941543
0.941543
0.941543
0.941543
0.941543
0.941543
0.941543
0.941543
0.941543
0.941543
