0.0146092
0.0216237
0.0247589
0.0261107
0.0266838
0.0269251
0.0270262
0.0270686
0.0270864
0.0270938
0.0270969
0.0270982
0.0270988
 0.027099
0.0270991
0.0270991
0.0270991
0.0270991
0.0270991
0.0270992
0.0270992
0.0270992
0.0270992
0.0270992
0.0270992
0.0270992
0.0270992
0.0270992
0.0270992
0.0270992
0.0270992
0.0270992
0.0270992
0.0270992
0.0270992
0.0270992
0.0270992
0.0270992
0.0270992
0.0270992
0.0270992
0.0270992
0.0270992
0.0270992
0.0270992
0.0270992
0.0270992
0.0270992
0.0270992
0.0270992
0.0270992
0.0270992
0.0270992
0.0270992
0.0270992
0.0270992
0.0270992
0.0270992
0.0270992
0.0270992
0.0270992
0.0270992
0.0270992
0.0270992
0.0270992
0.0270992
0.0270992
0.0270992
0.0270992
0.0270992
0.0270992
0.0270992
0.0270992
0.0270992
0.0270992
0.0270992
0.0270992
0.0270992
0.0270992
0.0270992
0.0270992
0.0270992
0.0270992
0.0270992
0.0270992
0.0270992
0.0270992
0.0270992
0.0270992
0.0270992
0.0270992
0.0270992
0.0270992
0.0270992
0.0270992
0.0270992
0.0270992
0.0270992
0.0270992
0.0270992
