18.4362
19.5327
19.6725
19.6903
19.6926
19.6928
19.6929
19.6929
19.6929
19.6929
19.6929
19.6929
19.6929
19.6929
19.6929
19.6929
19.6929
19.6929
19.6929
19.6929
19.6929
19.6929
19.6929
19.6929
19.6929
19.6929
19.6929
19.6929
19.6929
19.6929
19.6929
19.6929
19.6929
19.6929
19.6929
19.6929
19.6929
19.6929
19.6929
19.6929
19.6929
19.6929
19.6929
19.6929
19.6929
19.6929
19.6929
19.6929
19.6929
19.6929
19.6929
19.6929
19.6929
19.6929
19.6929
19.6929
19.6929
19.6929
19.6929
19.6929
19.6929
19.6929
19.6929
19.6929
19.6929
19.6929
19.6929
19.6929
19.6929
19.6929
19.6929
19.6929
19.6929
19.6929
19.6929
19.6929
19.6929
19.6929
19.6929
19.6929
19.6929
19.6929
19.6929
19.6929
19.6929
19.6929
19.6929
19.6929
19.6929
19.6929
19.6929
19.6929
19.6929
19.6929
19.6929
19.6929
19.6929
19.6929
19.6929
19.6929
