9.91175
9.89974
9.89819
9.89799
9.89797
9.89796
9.89796
9.89796
9.89796
9.89796
9.89796
9.89796
9.89796
9.89796
9.89796
9.89796
9.89796
9.89796
9.89796
9.89796
9.89796
9.89796
9.89796
9.89796
9.89796
9.89796
9.89796
9.89796
9.89796
9.89796
9.89796
9.89796
9.89796
9.89796
9.89796
9.89796
9.89796
9.89796
9.89796
9.89796
9.89796
9.89796
9.89796
9.89796
9.89796
9.89796
9.89796
9.89796
9.89796
9.89796
9.89796
9.89796
9.89796
9.89796
9.89796
9.89796
9.89796
9.89796
9.89796
9.89796
9.89796
9.89796
9.89796
9.89796
9.89796
9.89796
9.89796
9.89796
9.89796
9.89796
9.89796
9.89796
9.89796
9.89796
9.89796
9.89796
9.89796
9.89796
9.89796
9.89796
9.89796
9.89796
9.89796
9.89796
9.89796
9.89796
9.89796
9.89796
9.89796
9.89796
9.89796
9.89796
9.89796
9.89796
9.89796
9.89796
9.89796
9.89796
9.89796
9.89796
