 0.98235
0.979949
0.979638
0.979599
0.979594
0.979593
0.979593
0.979593
0.979593
0.979593
0.979593
0.979593
0.979593
0.979593
0.979593
0.979593
0.979593
0.979593
0.979593
0.979593
0.979593
0.979593
0.979593
0.979593
0.979593
0.979593
0.979593
0.979593
0.979593
0.979593
0.979593
0.979593
0.979593
0.979593
0.979593
0.979593
0.979593
0.979593
0.979593
0.979593
0.979593
0.979593
0.979593
0.979593
0.979593
0.979593
0.979593
0.979593
0.979593
0.979593
0.979593
0.979593
0.979593
0.979593
0.979593
0.979593
0.979593
0.979593
0.979593
0.979593
0.979593
0.979593
0.979593
0.979593
0.979593
0.979593
0.979593
0.979593
0.979593
0.979593
0.979593
0.979593
0.979593
0.979593
0.979593
0.979593
0.979593
0.979593
0.979593
0.979593
0.979593
0.979593
0.979593
0.979593
0.979593
0.979593
0.979593
0.979593
0.979593
0.979593
0.979593
0.979593
0.979593
0.979593
0.979593
0.979593
0.979593
0.979593
0.979593
0.979593
