0.00861059
0.00973028
0.00987307
0.00989122
0.00989353
0.00989382
0.00989386
0.00989386
0.00989386
0.00989386
0.00989386
0.00989386
0.00989386
0.00989386
0.00989386
0.00989386
0.00989386
0.00989386
0.00989386
0.00989386
0.00989386
0.00989386
0.00989386
0.00989386
0.00989386
0.00989386
0.00989386
0.00989386
0.00989386
0.00989386
0.00989386
0.00989386
0.00989386
0.00989386
0.00989386
0.00989386
0.00989386
0.00989386
0.00989386
0.00989386
0.00989386
0.00989386
0.00989386
0.00989386
0.00989386
0.00989386
0.00989386
0.00989386
0.00989386
0.00989386
0.00989386
0.00989386
0.00989386
0.00989386
0.00989386
0.00989386
0.00989386
0.00989386
0.00989386
0.00989386
0.00989386
0.00989386
0.00989386
0.00989386
0.00989386
0.00989386
0.00989386
0.00989386
0.00989386
0.00989386
0.00989386
0.00989386
0.00989386
0.00989386
0.00989386
0.00989386
0.00989386
0.00989386
0.00989386
0.00989386
0.00989386
0.00989386
0.00989386
0.00989386
0.00989386
0.00989386
0.00989386
0.00989386
0.00989386
0.00989386
0.00989386
0.00989386
0.00989386
0.00989386
0.00989386
0.00989386
0.00989386
0.00989386
0.00989386
0.00989386
