31.6975
54.8395
74.4074
87.2395
93.7808
96.3822
97.1493
97.2636
97.2175
97.1652
97.1351
97.1221
97.1177
97.1168
97.1168
97.1169
97.1171
97.1171
97.1172
97.1172
97.1172
97.1172
97.1172
97.1172
97.1172
97.1172
97.1172
97.1172
97.1172
97.1172
97.1172
97.1172
97.1172
97.1172
97.1172
97.1172
97.1172
97.1172
97.1172
97.1172
97.1172
97.1172
97.1172
97.1172
97.1172
97.1172
97.1172
97.1172
97.1172
97.1172
97.1172
97.1172
97.1172
97.1172
97.1172
97.1172
97.1172
97.1172
97.1172
97.1172
97.1172
97.1172
97.1172
97.1172
97.1172
97.1172
97.1172
97.1172
97.1172
97.1172
97.1172
97.1172
97.1172
97.1172
97.1172
97.1172
97.1172
97.1172
97.1172
97.1172
97.1172
97.1172
97.1172
97.1172
97.1172
97.1172
97.1172
97.1172
97.1172
97.1172
97.1172
97.1172
97.1172
97.1172
97.1172
97.1172
97.1172
97.1172
97.1172
97.1172
