9.76856
9.49511
9.23039
9.02528
8.89837
8.83501
8.80942
8.80141
 8.7999
8.80015
8.80058
8.80085
8.80097
8.80101
8.80103
8.80103
8.80102
8.80102
8.80102
8.80102
8.80102
8.80102
8.80102
8.80102
8.80102
8.80102
8.80102
8.80102
8.80102
8.80102
8.80102
8.80102
8.80102
8.80102
8.80102
8.80102
8.80102
8.80102
8.80102
8.80102
8.80102
8.80102
8.80102
8.80102
8.80102
8.80102
8.80102
8.80102
8.80102
8.80102
8.80102
8.80102
8.80102
8.80102
8.80102
8.80102
8.80102
8.80102
8.80102
8.80102
8.80102
8.80102
8.80102
8.80102
8.80102
8.80102
8.80102
8.80102
8.80102
8.80102
8.80102
8.80102
8.80102
8.80102
8.80102
8.80102
8.80102
8.80102
8.80102
8.80102
8.80102
8.80102
8.80102
8.80102
8.80102
8.80102
8.80102
8.80102
8.80102
8.80102
8.80102
8.80102
8.80102
8.80102
8.80102
8.80102
8.80102
8.80102
8.80102
8.80102
