0.953712
0.899022
0.846078
0.805056
0.779675
0.767001
0.761884
0.760283
0.759981
 0.76003
0.760116
 0.76017
0.760194
0.760203
0.760205
0.760205
0.760205
0.760205
0.760205
0.760205
0.760205
0.760205
0.760205
0.760205
0.760205
0.760205
0.760205
0.760205
0.760205
0.760205
0.760205
0.760205
0.760205
0.760205
0.760205
0.760205
0.760205
0.760205
0.760205
0.760205
0.760205
0.760205
0.760205
0.760205
0.760205
0.760205
0.760205
0.760205
0.760205
0.760205
0.760205
0.760205
0.760205
0.760205
0.760205
0.760205
0.760205
0.760205
0.760205
0.760205
0.760205
0.760205
0.760205
0.760205
0.760205
0.760205
0.760205
0.760205
0.760205
0.760205
0.760205
0.760205
0.760205
0.760205
0.760205
0.760205
0.760205
0.760205
0.760205
0.760205
0.760205
0.760205
0.760205
0.760205
0.760205
0.760205
0.760205
0.760205
0.760205
0.760205
0.760205
0.760205
0.760205
0.760205
0.760205
0.760205
0.760205
0.760205
0.760205
0.760205
