0.0221505
0.0458025
0.0658354
0.0790042
0.0857398
0.0884315
0.0892322
0.0893557
0.0893107
0.0892576
0.0892268
0.0892134
0.0892089
0.0892078
0.0892078
 0.089208
0.0892081
0.0892082
0.0892082
0.0892082
0.0892082
0.0892082
0.0892082
0.0892082
0.0892082
0.0892082
0.0892082
0.0892082
0.0892082
0.0892082
0.0892082
0.0892082
0.0892082
0.0892082
0.0892082
0.0892082
0.0892082
0.0892082
0.0892082
0.0892082
0.0892082
0.0892082
0.0892082
0.0892082
0.0892082
0.0892082
0.0892082
0.0892082
0.0892082
0.0892082
0.0892082
0.0892082
0.0892082
0.0892082
0.0892082
0.0892082
0.0892082
0.0892082
0.0892082
0.0892082
0.0892082
0.0892082
0.0892082
0.0892082
0.0892082
0.0892082
0.0892082
0.0892082
0.0892082
0.0892082
0.0892082
0.0892082
0.0892082
0.0892082
0.0892082
0.0892082
0.0892082
0.0892082
0.0892082
0.0892082
0.0892082
0.0892082
0.0892082
0.0892082
0.0892082
0.0892082
0.0892082
0.0892082
0.0892082
0.0892082
0.0892082
0.0892082
0.0892082
0.0892082
0.0892082
0.0892082
0.0892082
0.0892082
0.0892082
0.0892082
