9.88999
9.86308
 9.8569
9.85551
 9.8552
9.85513
9.85511
9.85511
9.85511
9.85511
9.85511
9.85511
9.85511
9.85511
9.85511
9.85511
9.85511
9.85511
9.85511
9.85511
9.85511
9.85511
9.85511
9.85511
9.85511
9.85511
9.85511
9.85511
9.85511
9.85511
9.85511
9.85511
9.85511
9.85511
9.85511
9.85511
9.85511
9.85511
9.85511
9.85511
9.85511
9.85511
9.85511
9.85511
9.85511
9.85511
9.85511
9.85511
9.85511
9.85511
9.85511
9.85511
9.85511
9.85511
9.85511
9.85511
9.85511
9.85511
9.85511
9.85511
9.85511
9.85511
9.85511
9.85511
9.85511
9.85511
9.85511
9.85511
9.85511
9.85511
9.85511
9.85511
9.85511
9.85511
9.85511
9.85511
9.85511
9.85511
9.85511
9.85511
9.85511
9.85511
9.85511
9.85511
9.85511
9.85511
9.85511
9.85511
9.85511
9.85511
9.85511
9.85511
9.85511
9.85511
9.85511
9.85511
9.85511
9.85511
9.85511
9.85511
