20.4762
22.9114
23.4597
23.5821
23.6094
23.6155
23.6168
23.6172
23.6172
23.6172
23.6172
23.6172
23.6172
23.6172
23.6172
23.6172
23.6172
23.6172
23.6172
23.6172
23.6172
23.6172
23.6172
23.6172
23.6172
23.6172
23.6172
23.6172
23.6172
23.6172
23.6172
23.6172
23.6172
23.6172
23.6172
23.6172
23.6172
23.6172
23.6172
23.6172
23.6172
23.6172
23.6172
23.6172
23.6172
23.6172
23.6172
23.6172
23.6172
23.6172
23.6172
23.6172
23.6172
23.6172
23.6172
23.6172
23.6172
23.6172
23.6172
23.6172
23.6172
23.6172
23.6172
23.6172
23.6172
23.6172
23.6172
23.6172
23.6172
23.6172
23.6172
23.6172
23.6172
23.6172
23.6172
23.6172
23.6172
23.6172
23.6172
23.6172
23.6172
23.6172
23.6172
23.6172
23.6172
23.6172
23.6172
23.6172
23.6172
23.6172
23.6172
23.6172
23.6172
23.6172
23.6172
23.6172
23.6172
23.6172
23.6172
23.6172
