0.977999
0.972617
 0.97138
0.971102
 0.97104
0.971026
0.971023
0.971022
0.971022
0.971022
0.971022
0.971022
0.971022
0.971022
0.971022
0.971022
0.971022
0.971022
0.971022
0.971022
0.971022
0.971022
0.971022
0.971022
0.971022
0.971022
0.971022
0.971022
0.971022
0.971022
0.971022
0.971022
0.971022
0.971022
0.971022
0.971022
0.971022
0.971022
0.971022
0.971022
0.971022
0.971022
0.971022
0.971022
0.971022
0.971022
0.971022
0.971022
0.971022
0.971022
0.971022
0.971022
0.971022
0.971022
0.971022
0.971022
0.971022
0.971022
0.971022
0.971022
0.971022
0.971022
0.971022
0.971022
0.971022
0.971022
0.971022
0.971022
0.971022
0.971022
0.971022
0.971022
0.971022
0.971022
0.971022
0.971022
0.971022
0.971022
0.971022
0.971022
0.971022
0.971022
0.971022
0.971022
0.971022
0.971022
0.971022
0.971022
0.971022
0.971022
0.971022
0.971022
0.971022
0.971022
0.971022
0.971022
0.971022
0.971022
0.971022
0.971022
