0.0106931
0.0131801
0.0137402
0.0138653
0.0138931
0.0138994
0.0139007
0.0139011
0.0139011
0.0139011
0.0139011
0.0139011
0.0139011
0.0139011
0.0139011
0.0139011
0.0139011
0.0139011
0.0139011
0.0139011
0.0139011
0.0139011
0.0139011
0.0139011
0.0139011
0.0139011
0.0139011
0.0139011
0.0139011
0.0139011
0.0139011
0.0139011
0.0139011
0.0139011
0.0139011
0.0139011
0.0139011
0.0139011
0.0139011
0.0139011
0.0139011
0.0139011
0.0139011
0.0139011
0.0139011
0.0139011
0.0139011
0.0139011
0.0139011
0.0139011
0.0139011
0.0139011
0.0139011
0.0139011
0.0139011
0.0139011
0.0139011
0.0139011
0.0139011
0.0139011
0.0139011
0.0139011
0.0139011
0.0139011
0.0139011
0.0139011
0.0139011
0.0139011
0.0139011
0.0139011
0.0139011
0.0139011
0.0139011
0.0139011
0.0139011
0.0139011
0.0139011
0.0139011
0.0139011
0.0139011
0.0139011
0.0139011
0.0139011
0.0139011
0.0139011
0.0139011
0.0139011
0.0139011
0.0139011
0.0139011
0.0139011
0.0139011
0.0139011
0.0139011
0.0139011
0.0139011
0.0139011
0.0139011
0.0139011
0.0139011
