9.77791
9.53442
9.31231
 9.1454
9.04121
8.98604
8.96073
8.95054
8.94695
8.94589
8.94566
8.94565
8.94568
 8.9457
8.94572
8.94572
8.94572
8.94572
8.94572
8.94572
8.94572
8.94572
8.94572
8.94572
8.94572
8.94572
8.94572
8.94572
8.94572
8.94572
8.94572
8.94572
8.94572
8.94572
8.94572
8.94572
8.94572
8.94572
8.94572
8.94572
8.94572
8.94572
8.94572
8.94572
8.94572
8.94572
8.94572
8.94572
8.94572
8.94572
8.94572
8.94572
8.94572
8.94572
8.94572
8.94572
8.94572
8.94572
8.94572
8.94572
8.94572
8.94572
8.94572
8.94572
8.94572
8.94572
8.94572
8.94572
8.94572
8.94572
8.94572
8.94572
8.94572
8.94572
8.94572
8.94572
8.94572
8.94572
8.94572
8.94572
8.94572
8.94572
8.94572
8.94572
8.94572
8.94572
8.94572
8.94572
8.94572
8.94572
8.94572
8.94572
8.94572
8.94572
8.94572
8.94572
8.94572
8.94572
8.94572
8.94572
