30.8416
51.5777
68.3615
79.3672
85.3204
88.0493
89.1303
   89.5
89.6042
89.6238
89.6223
89.6183
89.6156
89.6142
89.6137
89.6135
89.6134
89.6134
89.6134
89.6134
89.6134
89.6134
89.6134
89.6134
89.6134
89.6134
89.6134
89.6134
89.6134
89.6134
89.6134
89.6134
89.6134
89.6134
89.6134
89.6134
89.6134
89.6134
89.6134
89.6134
89.6134
89.6134
89.6134
89.6134
89.6134
89.6134
89.6134
89.6134
89.6134
89.6134
89.6134
89.6134
89.6134
89.6134
89.6134
89.6134
89.6134
89.6134
89.6134
89.6134
89.6134
89.6134
89.6134
89.6134
89.6134
89.6134
89.6134
89.6134
89.6134
89.6134
89.6134
89.6134
89.6134
89.6134
89.6134
89.6134
89.6134
89.6134
89.6134
89.6134
89.6134
89.6134
89.6134
89.6134
89.6134
89.6134
89.6134
89.6134
89.6134
89.6134
89.6134
89.6134
89.6134
89.6134
89.6134
89.6134
89.6134
89.6134
89.6134
89.6134
