0.955583
0.906884
0.862461
0.829081
0.808242
0.797208
0.792146
0.790108
0.789391
0.789178
0.789132
 0.78913
0.789136
0.789141
0.789143
0.789144
0.789145
0.789145
0.789145
0.789145
0.789145
0.789145
0.789145
0.789145
0.789145
0.789145
0.789145
0.789145
0.789145
0.789145
0.789145
0.789145
0.789145
0.789145
0.789145
0.789145
0.789145
0.789145
0.789145
0.789145
0.789145
0.789145
0.789145
0.789145
0.789145
0.789145
0.789145
0.789145
0.789145
0.789145
0.789145
0.789145
0.789145
0.789145
0.789145
0.789145
0.789145
0.789145
0.789145
0.789145
0.789145
0.789145
0.789145
0.789145
0.789145
0.789145
0.789145
0.789145
0.789145
0.789145
0.789145
0.789145
0.789145
0.789145
0.789145
0.789145
0.789145
0.789145
0.789145
0.789145
0.789145
0.789145
0.789145
0.789145
0.789145
0.789145
0.789145
0.789145
0.789145
0.789145
0.789145
0.789145
0.789145
0.789145
0.789145
0.789145
0.789145
0.789145
0.789145
0.789145
