0.0212764
0.0424679
0.0596456
0.0709311
0.0770497
0.0798618
0.0809794
0.0813631
0.0814719
0.0814928
0.0814916
0.0814875
0.0814848
0.0814834
0.0814828
0.0814826
0.0814825
0.0814825
0.0814825
0.0814825
0.0814825
0.0814825
0.0814825
0.0814825
0.0814825
0.0814825
0.0814825
0.0814825
0.0814825
0.0814825
0.0814825
0.0814825
0.0814825
0.0814825
0.0814825
0.0814825
0.0814825
0.0814825
0.0814825
0.0814825
0.0814825
0.0814825
0.0814825
0.0814825
0.0814825
0.0814825
0.0814825
0.0814825
0.0814825
0.0814825
0.0814825
0.0814825
0.0814825
0.0814825
0.0814825
0.0814825
0.0814825
0.0814825
0.0814825
0.0814825
0.0814825
0.0814825
0.0814825
0.0814825
0.0814825
0.0814825
0.0814825
0.0814825
0.0814825
0.0814825
0.0814825
0.0814825
0.0814825
0.0814825
0.0814825
0.0814825
0.0814825
0.0814825
0.0814825
0.0814825
0.0814825
0.0814825
0.0814825
0.0814825
0.0814825
0.0814825
0.0814825
0.0814825
0.0814825
0.0814825
0.0814825
0.0814825
0.0814825
0.0814825
0.0814825
0.0814825
0.0814825
0.0814825
0.0814825
0.0814825
