9.91587
9.90589
9.90476
9.90463
9.90462
9.90462
9.90462
9.90462
9.90462
9.90462
9.90462
9.90462
9.90462
9.90462
9.90462
9.90462
9.90462
9.90462
9.90462
9.90462
9.90462
9.90462
9.90462
9.90462
9.90462
9.90462
9.90462
9.90462
9.90462
9.90462
9.90462
9.90462
9.90462
9.90462
9.90462
9.90462
9.90462
9.90462
9.90462
9.90462
9.90462
9.90462
9.90462
9.90462
9.90462
9.90462
9.90462
9.90462
9.90462
9.90462
9.90462
9.90462
9.90462
9.90462
9.90462
9.90462
9.90462
9.90462
9.90462
9.90462
9.90462
9.90462
9.90462
9.90462
9.90462
9.90462
9.90462
9.90462
9.90462
9.90462
9.90462
9.90462
9.90462
9.90462
9.90462
9.90462
9.90462
9.90462
9.90462
9.90462
9.90462
9.90462
9.90462
9.90462
9.90462
9.90462
9.90462
9.90462
9.90462
9.90462
9.90462
9.90462
9.90462
9.90462
9.90462
9.90462
9.90462
9.90462
9.90462
9.90462
