18.0491
 18.962
19.0638
19.0751
19.0764
19.0765
19.0765
19.0765
19.0765
19.0765
19.0765
19.0765
19.0765
19.0765
19.0765
19.0765
19.0765
19.0765
19.0765
19.0765
19.0765
19.0765
19.0765
19.0765
19.0765
19.0765
19.0765
19.0765
19.0765
19.0765
19.0765
19.0765
19.0765
19.0765
19.0765
19.0765
19.0765
19.0765
19.0765
19.0765
19.0765
19.0765
19.0765
19.0765
19.0765
19.0765
19.0765
19.0765
19.0765
19.0765
19.0765
19.0765
19.0765
19.0765
19.0765
19.0765
19.0765
19.0765
19.0765
19.0765
19.0765
19.0765
19.0765
19.0765
19.0765
19.0765
19.0765
19.0765
19.0765
19.0765
19.0765
19.0765
19.0765
19.0765
19.0765
19.0765
19.0765
19.0765
19.0765
19.0765
19.0765
19.0765
19.0765
19.0765
19.0765
19.0765
19.0765
19.0765
19.0765
19.0765
19.0765
19.0765
19.0765
19.0765
19.0765
19.0765
19.0765
19.0765
19.0765
19.0765
