0.983173
0.981177
0.980952
0.980927
0.980924
0.980924
0.980923
0.980923
0.980923
0.980923
0.980923
0.980923
0.980923
0.980923
0.980923
0.980923
0.980923
0.980923
0.980923
0.980923
0.980923
0.980923
0.980923
0.980923
0.980923
0.980923
0.980923
0.980923
0.980923
0.980923
0.980923
0.980923
0.980923
0.980923
0.980923
0.980923
0.980923
0.980923
0.980923
0.980923
0.980923
0.980923
0.980923
0.980923
0.980923
0.980923
0.980923
0.980923
0.980923
0.980923
0.980923
0.980923
0.980923
0.980923
0.980923
0.980923
0.980923
0.980923
0.980923
0.980923
0.980923
0.980923
0.980923
0.980923
0.980923
0.980923
0.980923
0.980923
0.980923
0.980923
0.980923
0.980923
0.980923
0.980923
0.980923
0.980923
0.980923
0.980923
0.980923
0.980923
0.980923
0.980923
0.980923
0.980923
0.980923
0.980923
0.980923
0.980923
0.980923
0.980923
0.980923
0.980923
0.980923
0.980923
0.980923
0.980923
0.980923
0.980923
0.980923
0.980923
