0.00821534
0.00914758
0.00925153
0.00926309
0.00926437
0.00926452
0.00926453
0.00926454
0.00926454
0.00926454
0.00926454
0.00926454
0.00926454
0.00926454
0.00926454
0.00926454
0.00926454
0.00926454
0.00926454
0.00926454
0.00926454
0.00926454
0.00926454
0.00926454
0.00926454
0.00926454
0.00926454
0.00926454
0.00926454
0.00926454
0.00926454
0.00926454
0.00926454
0.00926454
0.00926454
0.00926454
0.00926454
0.00926454
0.00926454
0.00926454
0.00926454
0.00926454
0.00926454
0.00926454
0.00926454
0.00926454
0.00926454
0.00926454
0.00926454
0.00926454
0.00926454
0.00926454
0.00926454
0.00926454
0.00926454
0.00926454
0.00926454
0.00926454
0.00926454
0.00926454
0.00926454
0.00926454
0.00926454
0.00926454
0.00926454
0.00926454
0.00926454
0.00926454
0.00926454
0.00926454
0.00926454
0.00926454
0.00926454
0.00926454
0.00926454
0.00926454
0.00926454
0.00926454
0.00926454
0.00926454
0.00926454
0.00926454
0.00926454
0.00926454
0.00926454
0.00926454
0.00926454
0.00926454
0.00926454
0.00926454
0.00926454
0.00926454
0.00926454
0.00926454
0.00926454
0.00926454
0.00926454
0.00926454
0.00926454
0.00926454
