18.7311
19.9818
20.1573
20.1818
20.1852
20.1857
20.1858
20.1858
20.1858
20.1858
20.1858
20.1858
20.1858
20.1858
20.1858
20.1858
20.1858
20.1858
20.1858
20.1858
20.1858
20.1858
20.1858
20.1858
20.1858
20.1858
20.1858
20.1858
20.1858
20.1858
20.1858
20.1858
20.1858
20.1858
20.1858
20.1858
20.1858
20.1858
20.1858
20.1858
20.1858
20.1858
20.1858
20.1858
20.1858
20.1858
20.1858
20.1858
20.1858
20.1858
20.1858
20.1858
20.1858
20.1858
20.1858
20.1858
20.1858
20.1858
20.1858
20.1858
20.1858
20.1858
20.1858
20.1858
20.1858
20.1858
20.1858
20.1858
20.1858
20.1858
20.1858
20.1858
20.1858
20.1858
20.1858
20.1858
20.1858
20.1858
20.1858
20.1858
20.1858
20.1858
20.1858
20.1858
20.1858
20.1858
20.1858
20.1858
20.1858
20.1858
20.1858
20.1858
20.1858
20.1858
20.1858
20.1858
20.1858
20.1858
20.1858
20.1858
