9.90861
 9.8949
9.89295
9.89267
9.89264
9.89263
9.89263
9.89263
9.89263
9.89263
9.89263
9.89263
9.89263
9.89263
9.89263
9.89263
9.89263
9.89263
9.89263
9.89263
9.89263
9.89263
9.89263
9.89263
9.89263
9.89263
9.89263
9.89263
9.89263
9.89263
9.89263
9.89263
9.89263
9.89263
9.89263
9.89263
9.89263
9.89263
9.89263
9.89263
9.89263
9.89263
9.89263
9.89263
9.89263
9.89263
9.89263
9.89263
9.89263
9.89263
9.89263
9.89263
9.89263
9.89263
9.89263
9.89263
9.89263
9.89263
9.89263
9.89263
9.89263
9.89263
9.89263
9.89263
9.89263
9.89263
9.89263
9.89263
9.89263
9.89263
9.89263
9.89263
9.89263
9.89263
9.89263
9.89263
9.89263
9.89263
9.89263
9.89263
9.89263
9.89263
9.89263
9.89263
9.89263
9.89263
9.89263
9.89263
9.89263
9.89263
9.89263
9.89263
9.89263
9.89263
9.89263
9.89263
9.89263
9.89263
9.89263
9.89263
