0.981723
 0.97898
0.978589
0.978535
0.978527
0.978526
0.978526
0.978526
0.978526
0.978526
0.978526
0.978526
0.978526
0.978526
0.978526
0.978526
0.978526
0.978526
0.978526
0.978526
0.978526
0.978526
0.978526
0.978526
0.978526
0.978526
0.978526
0.978526
0.978526
0.978526
0.978526
0.978526
0.978526
0.978526
0.978526
0.978526
0.978526
0.978526
0.978526
0.978526
0.978526
0.978526
0.978526
0.978526
0.978526
0.978526
0.978526
0.978526
0.978526
0.978526
0.978526
0.978526
0.978526
0.978526
0.978526
0.978526
0.978526
0.978526
0.978526
0.978526
0.978526
0.978526
0.978526
0.978526
0.978526
0.978526
0.978526
0.978526
0.978526
0.978526
0.978526
0.978526
0.978526
0.978526
0.978526
0.978526
0.978526
0.978526
0.978526
0.978526
0.978526
0.978526
0.978526
0.978526
0.978526
0.978526
0.978526
0.978526
0.978526
0.978526
0.978526
0.978526
0.978526
0.978526
0.978526
0.978526
0.978526
0.978526
0.978526
0.978526
