0.00891165
 0.0101888
  0.010368
 0.0103931
 0.0103966
  0.010397
 0.0103971
 0.0103971
 0.0103971
 0.0103971
 0.0103971
 0.0103971
 0.0103971
 0.0103971
 0.0103971
 0.0103971
 0.0103971
 0.0103971
 0.0103971
 0.0103971
 0.0103971
 0.0103971
 0.0103971
 0.0103971
 0.0103971
 0.0103971
 0.0103971
 0.0103971
 0.0103971
 0.0103971
 0.0103971
 0.0103971
 0.0103971
 0.0103971
 0.0103971
 0.0103971
 0.0103971
 0.0103971
 0.0103971
 0.0103971
 0.0103971
 0.0103971
 0.0103971
 0.0103971
 0.0103971
 0.0103971
 0.0103971
 0.0103971
 0.0103971
 0.0103971
 0.0103971
 0.0103971
 0.0103971
 0.0103971
 0.0103971
 0.0103971
 0.0103971
 0.0103971
 0.0103971
 0.0103971
 0.0103971
 0.0103971
 0.0103971
 0.0103971
 0.0103971
 0.0103971
 0.0103971
 0.0103971
 0.0103971
 0.0103971
 0.0103971
 0.0103971
 0.0103971
 0.0103971
 0.0103971
 0.0103971
 0.0103971
 0.0103971
 0.0103971
 0.0103971
 0.0103971
 0.0103971
 0.0103971
 0.0103971
 0.0103971
 0.0103971
 0.0103971
 0.0103971
 0.0103971
 0.0103971
 0.0103971
 0.0103971
 0.0103971
 0.0103971
 0.0103971
 0.0103971
 0.0103971
 0.0103971
 0.0103971
 0.0103971
