9.69702
9.13108
8.38017
7.78972
7.57628
7.60758
7.68948
7.73719
7.74706
7.73992
7.73183
7.72815
7.72794
7.72888
7.72961
7.72986
7.72982
7.72972
7.72965
7.72964
7.72965
7.72966
7.72966
7.72966
7.72966
7.72966
7.72966
7.72966
7.72966
7.72966
7.72966
7.72966
7.72966
7.72966
7.72966
7.72966
7.72966
7.72966
7.72966
7.72966
7.72966
7.72966
7.72966
7.72966
7.72966
7.72966
7.72966
7.72966
7.72966
7.72966
7.72966
7.72966
7.72966
7.72966
7.72966
7.72966
7.72966
7.72966
7.72966
7.72966
7.72966
7.72966
7.72966
7.72966
7.72966
7.72966
7.72966
7.72966
7.72966
7.72966
7.72966
7.72966
7.72966
7.72966
7.72966
7.72966
7.72966
7.72966
7.72966
7.72966
7.72966
7.72966
7.72966
7.72966
7.72966
7.72966
7.72966
7.72966
7.72966
7.72966
7.72966
7.72966
7.72966
7.72966
7.72966
7.72966
7.72966
7.72966
7.72966
7.72966
