38.1988
83.5623
127.534
143.945
138.382
129.945
125.891
125.423
126.274
127.031
 127.32
127.301
127.201
127.135
127.118
127.125
127.135
 127.14
127.141
 127.14
127.139
127.139
127.139
127.139
127.139
127.139
127.139
127.139
127.139
127.139
127.139
127.139
127.139
127.139
127.139
127.139
127.139
127.139
127.139
127.139
127.139
127.139
127.139
127.139
127.139
127.139
127.139
127.139
127.139
127.139
127.139
127.139
127.139
127.139
127.139
127.139
127.139
127.139
127.139
127.139
127.139
127.139
127.139
127.139
127.139
127.139
127.139
127.139
127.139
127.139
127.139
127.139
127.139
127.139
127.139
127.139
127.139
127.139
127.139
127.139
127.139
127.139
127.139
127.139
127.139
127.139
127.139
127.139
127.139
127.139
127.139
127.139
127.139
127.139
127.139
127.139
127.139
127.139
127.139
127.139
