0.939405
0.826217
0.676034
0.557943
0.515256
0.521516
0.537896
0.547439
0.549412
0.547984
0.546366
0.545631
0.545588
0.545776
0.545923
0.545972
0.545964
0.545943
0.545931
0.545928
 0.54593
0.545932
0.545933
0.545933
0.545933
0.545932
0.545932
0.545932
0.545932
0.545932
0.545932
0.545932
0.545932
0.545932
0.545932
0.545932
0.545932
0.545932
0.545932
0.545932
0.545932
0.545932
0.545932
0.545932
0.545932
0.545932
0.545932
0.545932
0.545932
0.545932
0.545932
0.545932
0.545932
0.545932
0.545932
0.545932
0.545932
0.545932
0.545932
0.545932
0.545932
0.545932
0.545932
0.545932
0.545932
0.545932
0.545932
0.545932
0.545932
0.545932
0.545932
0.545932
0.545932
0.545932
0.545932
0.545932
0.545932
0.545932
0.545932
0.545932
0.545932
0.545932
0.545932
0.545932
0.545932
0.545932
0.545932
0.545932
0.545932
0.545932
0.545932
0.545932
0.545932
0.545932
0.545932
0.545932
0.545932
0.545932
0.545932
0.545932
