0.0287896
0.0751831
 0.120357
 0.137531
 0.132127
 0.123573
 0.119396
 0.118875
 0.119724
 0.120496
 0.120796
  0.12078
  0.12068
 0.120612
 0.120594
 0.120601
 0.120612
 0.120617
 0.120618
 0.120617
 0.120616
 0.120615
 0.120615
 0.120615
 0.120615
 0.120615
 0.120615
 0.120615
 0.120615
 0.120615
 0.120615
 0.120615
 0.120615
 0.120615
 0.120615
 0.120615
 0.120615
 0.120615
 0.120615
 0.120615
 0.120615
 0.120615
 0.120615
 0.120615
 0.120615
 0.120615
 0.120615
 0.120615
 0.120615
 0.120615
 0.120615
 0.120615
 0.120615
 0.120615
 0.120615
 0.120615
 0.120615
 0.120615
 0.120615
 0.120615
 0.120615
 0.120615
 0.120615
 0.120615
 0.120615
 0.120615
 0.120615
 0.120615
 0.120615
 0.120615
 0.120615
 0.120615
 0.120615
 0.120615
 0.120615
 0.120615
 0.120615
 0.120615
 0.120615
 0.120615
 0.120615
 0.120615
 0.120615
 0.120615
 0.120615
 0.120615
 0.120615
 0.120615
 0.120615
 0.120615
 0.120615
 0.120615
 0.120615
 0.120615
 0.120615
 0.120615
 0.120615
 0.120615
 0.120615
 0.120615
