33.3073
61.3223
86.6003
102.574
 109.18
110.524
110.127
109.579
109.267
109.153
109.133
109.141
109.151
109.157
109.159
109.159
109.159
109.159
109.159
109.159
109.159
109.159
109.159
109.159
109.159
109.159
109.159
109.159
109.159
109.159
109.159
109.159
109.159
109.159
109.159
109.159
109.159
109.159
109.159
109.159
109.159
109.159
109.159
109.159
109.159
109.159
109.159
109.159
109.159
109.159
109.159
109.159
109.159
109.159
109.159
109.159
109.159
109.159
109.159
109.159
109.159
109.159
109.159
109.159
109.159
109.159
109.159
109.159
109.159
109.159
109.159
109.159
109.159
109.159
109.159
109.159
109.159
109.159
109.159
109.159
109.159
109.159
109.159
109.159
109.159
109.159
109.159
109.159
109.159
109.159
109.159
109.159
109.159
109.159
109.159
109.159
109.159
109.159
109.159
109.159
