9.75092
9.41579
9.05764
8.76949
8.60037
8.53061
  8.514
8.51599
8.52069
8.52365
8.52483
8.52509
8.52504
8.52496
 8.5249
8.52488
8.52488
8.52488
8.52488
8.52488
8.52488
8.52488
8.52488
8.52488
8.52488
8.52488
8.52488
8.52488
8.52488
8.52488
8.52488
8.52488
8.52488
8.52488
8.52488
8.52488
8.52488
8.52488
8.52488
8.52488
8.52488
8.52488
8.52488
8.52488
8.52488
8.52488
8.52488
8.52488
8.52488
8.52488
8.52488
8.52488
8.52488
8.52488
8.52488
8.52488
8.52488
8.52488
8.52488
8.52488
8.52488
8.52488
8.52488
8.52488
8.52488
8.52488
8.52488
8.52488
8.52488
8.52488
8.52488
8.52488
8.52488
8.52488
8.52488
8.52488
8.52488
8.52488
8.52488
8.52488
8.52488
8.52488
8.52488
8.52488
8.52488
8.52488
8.52488
8.52488
8.52488
8.52488
8.52488
8.52488
8.52488
8.52488
8.52488
8.52488
8.52488
8.52488
8.52488
8.52488
