0.950184
0.883157
0.811528
0.753897
0.720074
0.706122
  0.7028
0.703199
0.704139
 0.70473
0.704966
0.705018
0.705008
0.704991
0.704981
0.704977
0.704976
0.704976
0.704976
0.704977
0.704977
0.704977
0.704977
0.704977
0.704977
0.704977
0.704977
0.704977
0.704977
0.704977
0.704977
0.704977
0.704977
0.704977
0.704977
0.704977
0.704977
0.704977
0.704977
0.704977
0.704977
0.704977
0.704977
0.704977
0.704977
0.704977
0.704977
0.704977
0.704977
0.704977
0.704977
0.704977
0.704977
0.704977
0.704977
0.704977
0.704977
0.704977
0.704977
0.704977
0.704977
0.704977
0.704977
0.704977
0.704977
0.704977
0.704977
0.704977
0.704977
0.704977
0.704977
0.704977
0.704977
0.704977
0.704977
0.704977
0.704977
0.704977
0.704977
0.704977
0.704977
0.704977
0.704977
0.704977
0.704977
0.704977
0.704977
0.704977
0.704977
0.704977
0.704977
0.704977
0.704977
0.704977
0.704977
0.704977
0.704977
0.704977
0.704977
0.704977
