0.0237943
0.0524308
0.0783259
0.0947525
 0.101596
 0.103024
  0.10264
 0.102084
 0.101764
 0.101646
 0.101625
 0.101633
 0.101643
 0.101648
  0.10165
 0.101651
 0.101651
  0.10165
  0.10165
  0.10165
  0.10165
  0.10165
  0.10165
  0.10165
  0.10165
  0.10165
  0.10165
  0.10165
  0.10165
  0.10165
  0.10165
  0.10165
  0.10165
  0.10165
  0.10165
  0.10165
  0.10165
  0.10165
  0.10165
  0.10165
  0.10165
  0.10165
  0.10165
  0.10165
  0.10165
  0.10165
  0.10165
  0.10165
  0.10165
  0.10165
  0.10165
  0.10165
  0.10165
  0.10165
  0.10165
  0.10165
  0.10165
  0.10165
  0.10165
  0.10165
  0.10165
  0.10165
  0.10165
  0.10165
  0.10165
  0.10165
  0.10165
  0.10165
  0.10165
  0.10165
  0.10165
  0.10165
  0.10165
  0.10165
  0.10165
  0.10165
  0.10165
  0.10165
  0.10165
  0.10165
  0.10165
  0.10165
  0.10165
  0.10165
  0.10165
  0.10165
  0.10165
  0.10165
  0.10165
  0.10165
  0.10165
  0.10165
  0.10165
  0.10165
  0.10165
  0.10165
  0.10165
  0.10165
  0.10165
  0.10165
