9.66075
8.90395
7.80493
7.02718
6.90521
7.09313
7.26354
7.32357
7.30669
7.27105
 7.2502
7.24769
7.25348
7.25877
7.26062
7.26007
7.25896
7.25834
7.25827
7.25845
7.25861
7.25867
7.25865
7.25862
 7.2586
7.25859
 7.2586
7.25861
7.25861
7.25861
7.25861
 7.2586
 7.2586
 7.2586
7.25861
7.25861
7.25861
7.25861
7.25861
7.25861
7.25861
7.25861
7.25861
7.25861
7.25861
7.25861
7.25861
7.25861
7.25861
7.25861
7.25861
7.25861
7.25861
7.25861
7.25861
7.25861
7.25861
7.25861
7.25861
7.25861
7.25861
7.25861
7.25861
7.25861
7.25861
7.25861
7.25861
7.25861
7.25861
7.25861
7.25861
7.25861
7.25861
7.25861
7.25861
7.25861
7.25861
7.25861
7.25861
7.25861
7.25861
7.25861
7.25861
7.25861
7.25861
7.25861
7.25861
7.25861
7.25861
7.25861
7.25861
7.25861
7.25861
7.25861
7.25861
7.25861
7.25861
7.25861
7.25861
7.25861
