41.4687
100.221
154.305
158.086
136.988
123.125
120.082
122.542
125.627
127.079
127.016
 126.43
126.014
125.916
125.995
126.091
126.135
126.132
126.114
126.101
126.098
126.101
126.104
126.105
126.105
126.104
126.104
126.104
126.104
126.104
126.104
126.104
126.104
126.104
126.104
126.104
126.104
126.104
126.104
126.104
126.104
126.104
126.104
126.104
126.104
126.104
126.104
126.104
126.104
126.104
126.104
126.104
126.104
126.104
126.104
126.104
126.104
126.104
126.104
126.104
126.104
126.104
126.104
126.104
126.104
126.104
126.104
126.104
126.104
126.104
126.104
126.104
126.104
126.104
126.104
126.104
126.104
126.104
126.104
126.104
126.104
126.104
126.104
126.104
126.104
126.104
126.104
126.104
126.104
126.104
126.104
126.104
126.104
126.104
126.104
126.104
126.104
126.104
126.104
126.104
