0.932149
0.780791
0.560986
0.405436
0.381042
0.418625
0.452708
0.464715
0.461338
0.454209
 0.45004
0.449537
0.450696
0.451754
0.452125
0.452014
0.451793
0.451667
0.451654
 0.45169
0.451723
0.451734
 0.45173
0.451723
0.451719
0.451719
 0.45172
0.451721
0.451721
0.451721
0.451721
0.451721
0.451721
0.451721
0.451721
0.451721
0.451721
0.451721
0.451721
0.451721
0.451721
0.451721
0.451721
0.451721
0.451721
0.451721
0.451721
0.451721
0.451721
0.451721
0.451721
0.451721
0.451721
0.451721
0.451721
0.451721
0.451721
0.451721
0.451721
0.451721
0.451721
0.451721
0.451721
0.451721
0.451721
0.451721
0.451721
0.451721
0.451721
0.451721
0.451721
0.451721
0.451721
0.451721
0.451721
0.451721
0.451721
0.451721
0.451721
0.451721
0.451721
0.451721
0.451721
0.451721
0.451721
0.451721
0.451721
0.451721
0.451721
0.451721
0.451721
0.451721
0.451721
0.451721
0.451721
0.451721
0.451721
0.451721
0.451721
0.451721
