0.0321292
0.0922396
  0.14798
 0.152584
 0.131396
 0.117204
 0.113958
 0.116382
 0.119515
 0.121018
 0.120975
 0.120386
  0.11996
 0.119856
 0.119934
 0.120032
 0.120077
 0.120074
 0.120056
 0.120043
  0.12004
 0.120043
 0.120046
 0.120047
 0.120047
 0.120046
 0.120046
 0.120046
 0.120046
 0.120046
 0.120046
 0.120046
 0.120046
 0.120046
 0.120046
 0.120046
 0.120046
 0.120046
 0.120046
 0.120046
 0.120046
 0.120046
 0.120046
 0.120046
 0.120046
 0.120046
 0.120046
 0.120046
 0.120046
 0.120046
 0.120046
 0.120046
 0.120046
 0.120046
 0.120046
 0.120046
 0.120046
 0.120046
 0.120046
 0.120046
 0.120046
 0.120046
 0.120046
 0.120046
 0.120046
 0.120046
 0.120046
 0.120046
 0.120046
 0.120046
 0.120046
 0.120046
 0.120046
 0.120046
 0.120046
 0.120046
 0.120046
 0.120046
 0.120046
 0.120046
 0.120046
 0.120046
 0.120046
 0.120046
 0.120046
 0.120046
 0.120046
 0.120046
 0.120046
 0.120046
 0.120046
 0.120046
 0.120046
 0.120046
 0.120046
 0.120046
 0.120046
 0.120046
 0.120046
 0.120046
