   0.309
0.318004
0.327012
0.336024
0.345041
0.354061
0.363085
0.372114
0.381146
0.390182
0.399223
0.408268
0.417316
0.426369
0.435426
0.444487
0.453552
0.462621
0.471694
0.480772
0.489853
0.498938
0.508028
0.517121
0.526219
0.535321
0.544427
0.553537
0.562651
0.571769
0.580891
0.590018
0.599148
0.608283
0.617422
0.626565
0.635712
0.644863
0.654018
0.663177
0.672341
0.681508
 0.69068
0.699856
0.709035
 0.71822
0.727408
  0.7366
0.745797
0.754997
0.764202
0.773411
0.782624
0.791841
0.801062
0.810288
0.819517
0.828751
0.837989
0.847231
0.856478
0.865728
0.874983
0.884241
0.893504
0.902771
0.912042
0.921318
0.930598
0.939881
0.949169
0.958461
0.967758
0.977058
0.986363
0.995672
 1.00498
  1.0143
 1.02362
 1.03295
 1.04228
 1.05161
 1.06095
 1.07029
 1.07964
 1.08899
 1.09835
 1.10771
 1.11707
 1.12644
 1.13581
 1.14518
 1.15456
 1.16395
 1.17334
 1.18273
 1.19213
 1.20153
 1.21094
 1.22035
