1.72667
1.78669
1.84675
1.90683
1.96694
2.02707
2.08723
2.14742
2.20764
2.26788
2.32815
2.38845
2.44878
2.50913
2.56951
2.62991
2.69035
2.75081
 2.8113
2.87181
2.93235
2.99292
3.05352
3.11414
3.17479
3.23547
3.29618
3.35691
3.41767
3.47846
3.53928
3.60012
3.66099
3.72189
3.78281
3.84376
3.90474
3.96575
4.02679
4.08785
4.14894
4.21005
 4.2712
4.33237
4.39357
 4.4548
4.51605
4.57733
4.63864
4.69998
4.76135
4.82274
4.88416
4.94561
5.00708
5.06859
5.13012
5.19167
5.25326
5.31488
5.37652
5.43819
5.49988
5.56161
5.62336
5.68514
5.74695
5.80879
5.87065
5.93254
5.99446
6.05641
6.11838
6.18039
6.24242
6.30448
6.36656
6.42868
6.49082
6.55299
6.61519
6.67742
6.73967
6.80196
6.86427
6.92661
6.98897
7.05137
7.11379
7.17624
7.23872
7.30123
7.36377
7.42633
7.48892
7.55154
7.61419
7.67687
7.73957
 7.8023
