    -0.00025
-0.000518679
-0.000806952
 -0.00111574
 -0.00144595
 -0.00179851
 -0.00217435
 -0.00257438
 -0.00299952
  -0.0034507
 -0.00392886
 -0.00443491
 -0.00496978
  -0.0055344
  -0.0061297
 -0.00675662
 -0.00741608
 -0.00810902
 -0.00883637
 -0.00959907
   -0.010398
  -0.0112342
  -0.0121086
   -0.013022
  -0.0139754
  -0.0149698
  -0.0160061
  -0.0170852
  -0.0182081
  -0.0193757
   -0.020589
  -0.0218488
  -0.0231561
  -0.0245119
  -0.0259171
  -0.0273726
  -0.0288794
  -0.0304383
  -0.0320504
  -0.0337166
  -0.0354378
  -0.0372149
  -0.0390489
  -0.0409406
  -0.0428911
  -0.0449013
  -0.0469721
  -0.0491044
  -0.0512991
  -0.0535572
  -0.0558796
  -0.0582672
   -0.060721
  -0.0632419
  -0.0658307
  -0.0684885
   -0.071216
  -0.0740143
  -0.0768843
  -0.0798268
  -0.0828428
  -0.0859332
  -0.0890989
  -0.0923408
  -0.0956598
  -0.0990568
   -0.102533
   -0.106088
   -0.109725
   -0.113443
   -0.117243
   -0.121127
   -0.125095
   -0.129148
   -0.133287
   -0.137513
   -0.141827
   -0.146229
   -0.150721
   -0.155304
   -0.159977
   -0.164743
   -0.169601
   -0.174554
   -0.179601
   -0.184743
   -0.189982
   -0.195318
   -0.200752
   -0.206285
   -0.211918
   -0.217651
   -0.223485
   -0.229422
   -0.235461
   -0.241605
   -0.247853
   -0.254206
   -0.260666
   -0.267232
