9.56041
8.13463
5.83487
4.81147
5.21771
5.94578
6.47221
6.66076
6.54411
6.28038
6.07171
6.01767
6.08137
6.17588
6.23782
6.24801
6.22194
6.18837
6.16872
6.16796
6.17862
6.19015
6.19596
6.19528
6.19116
6.18724
6.18558
6.18614
6.18769
6.18899
6.18943
6.18913
6.18856
6.18814
6.18804
6.18817
6.18838
6.18851
6.18853
6.18847
 6.1884
6.18836
6.18836
6.18838
6.18841
6.18842
6.18842
6.18841
 6.1884
 6.1884
 6.1884
 6.1884
 6.1884
6.18841
 6.1884
 6.1884
 6.1884
 6.1884
 6.1884
 6.1884
 6.1884
 6.1884
 6.1884
 6.1884
 6.1884
 6.1884
 6.1884
 6.1884
 6.1884
 6.1884
 6.1884
 6.1884
 6.1884
 6.1884
 6.1884
 6.1884
 6.1884
 6.1884
 6.1884
 6.1884
 6.1884
 6.1884
 6.1884
 6.1884
 6.1884
 6.1884
 6.1884
 6.1884
 6.1884
 6.1884
 6.1884
 6.1884
 6.1884
 6.1884
 6.1884
 6.1884
 6.1884
 6.1884
 6.1884
 6.1884
