50.4233
150.174
 198.97
129.784
79.4396
63.7985
66.5021
79.1736
94.1895
102.545
101.012
94.6501
89.3947
87.5243
 88.504
90.6681
92.4006
 92.922
92.4359
91.6309
91.0799
90.9731
91.1833
91.4664
91.6391
91.6531
91.5665
 91.468
91.4159
91.4192
91.4532
91.4867
91.5018
91.4979
 91.485
91.4738
91.4697
 91.472
91.4767
91.4804
91.4814
91.4803
91.4786
91.4775
91.4772
91.4777
91.4783
91.4787
91.4787
91.4785
91.4783
91.4782
91.4782
91.4783
91.4783
91.4784
91.4784
91.4783
91.4783
91.4783
91.4783
91.4783
91.4783
91.4783
91.4783
91.4783
91.4783
91.4783
91.4783
91.4783
91.4783
91.4783
91.4783
91.4783
91.4783
91.4783
91.4783
91.4783
91.4783
91.4783
91.4783
91.4783
91.4783
91.4783
91.4783
91.4783
91.4783
91.4783
91.4783
91.4783
91.4783
91.4783
91.4783
91.4783
91.4783
91.4783
91.4783
91.4783
91.4783
91.4783
