  0.912081
  0.626927
  0.166975
-0.0377058
  0.043542
  0.189155
  0.294443
  0.332152
  0.308822
  0.256076
  0.214343
  0.203534
  0.216273
  0.235176
  0.247563
  0.249602
  0.244388
  0.237674
  0.233743
  0.233592
  0.235723
   0.23803
  0.239193
  0.239057
  0.238231
  0.237449
  0.237116
  0.237227
  0.237538
  0.237797
  0.237886
  0.237827
  0.237713
  0.237629
  0.237607
  0.237635
  0.237676
  0.237702
  0.237706
  0.237695
   0.23768
  0.237672
  0.237672
  0.237677
  0.237681
  0.237684
  0.237684
  0.237682
   0.23768
  0.237679
   0.23768
   0.23768
  0.237681
  0.237681
  0.237681
  0.237681
   0.23768
   0.23768
  0.237681
  0.237681
  0.237681
  0.237681
  0.237681
  0.237681
  0.237681
  0.237681
  0.237681
  0.237681
  0.237681
  0.237681
  0.237681
  0.237681
  0.237681
  0.237681
  0.237681
  0.237681
  0.237681
  0.237681
  0.237681
  0.237681
  0.237681
  0.237681
  0.237681
  0.237681
  0.237681
  0.237681
  0.237681
  0.237681
  0.237681
  0.237681
  0.237681
  0.237681
  0.237681
  0.237681
  0.237681
  0.237681
  0.237681
  0.237681
  0.237681
  0.237681
