0.0412756
 0.143474
 0.195086
 0.126234
0.0749716
0.0584371
0.0606362
0.0732453
0.0885307
0.0972367
0.0958997
0.0895277
0.0841549
0.0821701
0.0830971
0.0852728
0.0870491
0.0876098
0.0871386
0.0863263
0.0857588
0.0856393
0.0858458
0.0861324
0.0863111
0.0863292
0.0862433
0.0861433
0.0860891
0.0860911
 0.086125
0.0861592
 0.086175
0.0861715
0.0861586
0.0861471
0.0861428
0.0861449
0.0861497
0.0861535
0.0861546
0.0861535
0.0861518
0.0861506
0.0861503
0.0861508
0.0861514
0.0861518
0.0861518
0.0861516
0.0861514
0.0861513
0.0861513
0.0861514
0.0861515
0.0861515
0.0861515
0.0861515
0.0861514
0.0861514
0.0861514
0.0861514
0.0861514
0.0861514
0.0861514
0.0861514
0.0861514
0.0861514
0.0861514
0.0861514
0.0861514
0.0861514
0.0861514
0.0861514
0.0861514
0.0861514
0.0861514
0.0861514
0.0861514
0.0861514
0.0861514
0.0861514
0.0861514
0.0861514
0.0861514
0.0861514
0.0861514
0.0861514
0.0861514
0.0861514
0.0861514
0.0861514
0.0861514
0.0861514
0.0861514
0.0861514
0.0861514
0.0861514
0.0861514
0.0861514
