9.65683
8.87777
7.73772
 6.9426
6.83612
7.04338
7.22357
  7.284
7.26274
7.22287
7.20035
7.19833
7.20527
 7.2113
7.21328
 7.2125
7.21117
7.21044
 7.2104
7.21063
7.21083
7.21089
7.21087
7.21082
 7.2108
 7.2108
 7.2108
7.21081
7.21081
7.21081
7.21081
7.21081
7.21081
7.21081
7.21081
7.21081
7.21081
7.21081
7.21081
7.21081
7.21081
7.21081
7.21081
7.21081
7.21081
7.21081
7.21081
7.21081
7.21081
7.21081
7.21081
7.21081
7.21081
7.21081
7.21081
7.21081
7.21081
7.21081
7.21081
7.21081
7.21081
7.21081
7.21081
7.21081
7.21081
7.21081
7.21081
7.21081
7.21081
7.21081
7.21081
7.21081
7.21081
7.21081
7.21081
7.21081
7.21081
7.21081
7.21081
7.21081
7.21081
7.21081
7.21081
7.21081
7.21081
7.21081
7.21081
7.21081
7.21081
7.21081
7.21081
7.21081
7.21081
7.21081
7.21081
7.21081
7.21081
7.21081
7.21081
7.21081
