41.8205
102.083
156.986
158.745
135.928
121.696
118.919
121.791
 125.16
126.672
126.527
125.845
125.384
 125.29
125.392
125.505
125.553
125.547
125.524
125.509
125.506
 125.51
125.513
125.515
125.515
125.514
125.513
125.513
125.513
125.514
125.514
125.514
125.514
125.514
125.514
125.514
125.514
125.514
125.514
125.514
125.514
125.514
125.514
125.514
125.514
125.514
125.514
125.514
125.514
125.514
125.514
125.514
125.514
125.514
125.514
125.514
125.514
125.514
125.514
125.514
125.514
125.514
125.514
125.514
125.514
125.514
125.514
125.514
125.514
125.514
125.514
125.514
125.514
125.514
125.514
125.514
125.514
125.514
125.514
125.514
125.514
125.514
125.514
125.514
125.514
125.514
125.514
125.514
125.514
125.514
125.514
125.514
125.514
125.514
125.514
125.514
125.514
125.514
125.514
125.514
