0.931366
0.775554
0.547544
0.388521
0.367223
0.408675
0.444714
0.456799
0.452549
0.444573
0.440069
0.439666
0.441055
0.442261
0.442655
0.442501
0.442234
0.442089
0.442079
0.442127
0.442166
0.442179
0.442173
0.442164
0.442159
0.442159
0.442161
0.442162
0.442163
0.442162
0.442162
0.442162
0.442162
0.442162
0.442162
0.442162
0.442162
0.442162
0.442162
0.442162
0.442162
0.442162
0.442162
0.442162
0.442162
0.442162
0.442162
0.442162
0.442162
0.442162
0.442162
0.442162
0.442162
0.442162
0.442162
0.442162
0.442162
0.442162
0.442162
0.442162
0.442162
0.442162
0.442162
0.442162
0.442162
0.442162
0.442162
0.442162
0.442162
0.442162
0.442162
0.442162
0.442162
0.442162
0.442162
0.442162
0.442162
0.442162
0.442162
0.442162
0.442162
0.442162
0.442162
0.442162
0.442162
0.442162
0.442162
0.442162
0.442162
0.442162
0.442162
0.442162
0.442162
0.442162
0.442162
0.442162
0.442162
0.442162
0.442162
0.442162
