0.0324886
0.0941464
 0.150755
 0.153336
 0.130396
 0.115811
 0.112824
 0.115664
 0.119088
 0.120656
 0.120532
 0.119845
 0.119373
 0.119272
 0.119373
 0.119488
 0.119537
 0.119532
 0.119509
 0.119493
  0.11949
 0.119494
 0.119497
 0.119499
 0.119499
 0.119498
 0.119498
 0.119497
 0.119498
 0.119498
 0.119498
 0.119498
 0.119498
 0.119498
 0.119498
 0.119498
 0.119498
 0.119498
 0.119498
 0.119498
 0.119498
 0.119498
 0.119498
 0.119498
 0.119498
 0.119498
 0.119498
 0.119498
 0.119498
 0.119498
 0.119498
 0.119498
 0.119498
 0.119498
 0.119498
 0.119498
 0.119498
 0.119498
 0.119498
 0.119498
 0.119498
 0.119498
 0.119498
 0.119498
 0.119498
 0.119498
 0.119498
 0.119498
 0.119498
 0.119498
 0.119498
 0.119498
 0.119498
 0.119498
 0.119498
 0.119498
 0.119498
 0.119498
 0.119498
 0.119498
 0.119498
 0.119498
 0.119498
 0.119498
 0.119498
 0.119498
 0.119498
 0.119498
 0.119498
 0.119498
 0.119498
 0.119498
 0.119498
 0.119498
 0.119498
 0.119498
 0.119498
 0.119498
 0.119498
 0.119498
