18.6709
 19.889
20.0567
20.0797
20.0828
20.0833
20.0833
20.0833
20.0833
20.0833
20.0833
20.0833
20.0833
20.0833
20.0833
20.0833
20.0833
20.0833
20.0833
20.0833
20.0833
20.0833
20.0833
20.0833
20.0833
20.0833
20.0833
20.0833
20.0833
20.0833
20.0833
20.0833
20.0833
20.0833
20.0833
20.0833
20.0833
20.0833
20.0833
20.0833
20.0833
20.0833
20.0833
20.0833
20.0833
20.0833
20.0833
20.0833
20.0833
20.0833
20.0833
20.0833
20.0833
20.0833
20.0833
20.0833
20.0833
20.0833
20.0833
20.0833
20.0833
20.0833
20.0833
20.0833
20.0833
20.0833
20.0833
20.0833
20.0833
20.0833
20.0833
20.0833
20.0833
20.0833
20.0833
20.0833
20.0833
20.0833
20.0833
20.0833
20.0833
20.0833
20.0833
20.0833
20.0833
20.0833
20.0833
20.0833
20.0833
20.0833
20.0833
20.0833
20.0833
20.0833
20.0833
20.0833
20.0833
20.0833
20.0833
20.0833
