9.90925
 9.8959
9.89404
9.89378
9.89374
9.89374
9.89374
9.89374
9.89374
9.89374
9.89374
9.89374
9.89374
9.89374
9.89374
9.89374
9.89374
9.89374
9.89374
9.89374
9.89374
9.89374
9.89374
9.89374
9.89374
9.89374
9.89374
9.89374
9.89374
9.89374
9.89374
9.89374
9.89374
9.89374
9.89374
9.89374
9.89374
9.89374
9.89374
9.89374
9.89374
9.89374
9.89374
9.89374
9.89374
9.89374
9.89374
9.89374
9.89374
9.89374
9.89374
9.89374
9.89374
9.89374
9.89374
9.89374
9.89374
9.89374
9.89374
9.89374
9.89374
9.89374
9.89374
9.89374
9.89374
9.89374
9.89374
9.89374
9.89374
9.89374
9.89374
9.89374
9.89374
9.89374
9.89374
9.89374
9.89374
9.89374
9.89374
9.89374
9.89374
9.89374
9.89374
9.89374
9.89374
9.89374
9.89374
9.89374
9.89374
9.89374
9.89374
9.89374
9.89374
9.89374
9.89374
9.89374
9.89374
9.89374
9.89374
9.89374
