0.981851
 0.97918
0.978807
0.978756
0.978749
0.978748
0.978748
0.978748
0.978748
0.978748
0.978748
0.978748
0.978748
0.978748
0.978748
0.978748
0.978748
0.978748
0.978748
0.978748
0.978748
0.978748
0.978748
0.978748
0.978748
0.978748
0.978748
0.978748
0.978748
0.978748
0.978748
0.978748
0.978748
0.978748
0.978748
0.978748
0.978748
0.978748
0.978748
0.978748
0.978748
0.978748
0.978748
0.978748
0.978748
0.978748
0.978748
0.978748
0.978748
0.978748
0.978748
0.978748
0.978748
0.978748
0.978748
0.978748
0.978748
0.978748
0.978748
0.978748
0.978748
0.978748
0.978748
0.978748
0.978748
0.978748
0.978748
0.978748
0.978748
0.978748
0.978748
0.978748
0.978748
0.978748
0.978748
0.978748
0.978748
0.978748
0.978748
0.978748
0.978748
0.978748
0.978748
0.978748
0.978748
0.978748
0.978748
0.978748
0.978748
0.978748
0.978748
0.978748
0.978748
0.978748
0.978748
0.978748
0.978748
0.978748
0.978748
0.978748
