0.00885013
  0.010094
 0.0102653
 0.0102888
  0.010292
 0.0102924
 0.0102925
 0.0102925
 0.0102925
 0.0102925
 0.0102925
 0.0102925
 0.0102925
 0.0102925
 0.0102925
 0.0102925
 0.0102925
 0.0102925
 0.0102925
 0.0102925
 0.0102925
 0.0102925
 0.0102925
 0.0102925
 0.0102925
 0.0102925
 0.0102925
 0.0102925
 0.0102925
 0.0102925
 0.0102925
 0.0102925
 0.0102925
 0.0102925
 0.0102925
 0.0102925
 0.0102925
 0.0102925
 0.0102925
 0.0102925
 0.0102925
 0.0102925
 0.0102925
 0.0102925
 0.0102925
 0.0102925
 0.0102925
 0.0102925
 0.0102925
 0.0102925
 0.0102925
 0.0102925
 0.0102925
 0.0102925
 0.0102925
 0.0102925
 0.0102925
 0.0102925
 0.0102925
 0.0102925
 0.0102925
 0.0102925
 0.0102925
 0.0102925
 0.0102925
 0.0102925
 0.0102925
 0.0102925
 0.0102925
 0.0102925
 0.0102925
 0.0102925
 0.0102925
 0.0102925
 0.0102925
 0.0102925
 0.0102925
 0.0102925
 0.0102925
 0.0102925
 0.0102925
 0.0102925
 0.0102925
 0.0102925
 0.0102925
 0.0102925
 0.0102925
 0.0102925
 0.0102925
 0.0102925
 0.0102925
 0.0102925
 0.0102925
 0.0102925
 0.0102925
 0.0102925
 0.0102925
 0.0102925
 0.0102925
 0.0102925
