26.8472
38.1408
44.9091
48.6628
50.6452
51.6625
52.1762
52.4334
52.5616
52.6253
 52.657
52.6727
52.6805
52.6844
52.6863
52.6872
52.6877
52.6879
52.6881
52.6881
52.6881
52.6882
52.6882
52.6882
52.6882
52.6882
52.6882
52.6882
52.6882
52.6882
52.6882
52.6882
52.6882
52.6882
52.6882
52.6882
52.6882
52.6882
52.6882
52.6882
52.6882
52.6882
52.6882
52.6882
52.6882
52.6882
52.6882
52.6882
52.6882
52.6882
52.6882
52.6882
52.6882
52.6882
52.6882
52.6882
52.6882
52.6882
52.6882
52.6882
52.6882
52.6882
52.6882
52.6882
52.6882
52.6882
52.6882
52.6882
52.6882
52.6882
52.6882
52.6882
52.6882
52.6882
52.6882
52.6882
52.6882
52.6882
52.6882
52.6882
52.6882
52.6882
52.6882
52.6882
52.6882
52.6882
52.6882
52.6882
52.6882
52.6882
52.6882
52.6882
52.6882
52.6882
52.6882
52.6882
52.6882
52.6882
52.6882
52.6882
