9.82138
9.69225
9.60973
9.56169
9.53545
 9.5217
9.51467
9.51112
9.50934
9.50846
9.50802
 9.5078
9.50769
9.50764
9.50761
 9.5076
9.50759
9.50759
9.50759
9.50759
9.50759
9.50759
9.50759
9.50759
9.50759
9.50759
9.50759
9.50759
9.50759
9.50759
9.50759
9.50759
9.50759
9.50759
9.50759
9.50759
9.50759
9.50759
9.50759
9.50759
9.50759
9.50759
9.50759
9.50759
9.50759
9.50759
9.50759
9.50759
9.50759
9.50759
9.50759
9.50759
9.50759
9.50759
9.50759
9.50759
9.50759
9.50759
9.50759
9.50759
9.50759
9.50759
9.50759
9.50759
9.50759
9.50759
9.50759
9.50759
9.50759
9.50759
9.50759
9.50759
9.50759
9.50759
9.50759
9.50759
9.50759
9.50759
9.50759
9.50759
9.50759
9.50759
9.50759
9.50759
9.50759
9.50759
9.50759
9.50759
9.50759
9.50759
9.50759
9.50759
9.50759
9.50759
9.50759
9.50759
9.50759
9.50759
9.50759
9.50759
