0.964277
0.938449
0.921946
0.912337
 0.90709
 0.90434
0.902933
0.902224
0.901869
0.901692
0.901604
 0.90156
0.901539
0.901528
0.901523
 0.90152
0.901519
0.901518
0.901518
0.901518
0.901518
0.901517
0.901517
0.901517
0.901517
0.901517
0.901517
0.901517
0.901517
0.901517
0.901517
0.901517
0.901517
0.901517
0.901517
0.901517
0.901517
0.901517
0.901517
0.901517
0.901517
0.901517
0.901517
0.901517
0.901517
0.901517
0.901517
0.901517
0.901517
0.901517
0.901517
0.901517
0.901517
0.901517
0.901517
0.901517
0.901517
0.901517
0.901517
0.901517
0.901517
0.901517
0.901517
0.901517
0.901517
0.901517
0.901517
0.901517
0.901517
0.901517
0.901517
0.901517
0.901517
0.901517
0.901517
0.901517
0.901517
0.901517
0.901517
0.901517
0.901517
0.901517
0.901517
0.901517
0.901517
0.901517
0.901517
0.901517
0.901517
0.901517
0.901517
0.901517
0.901517
0.901517
0.901517
0.901517
0.901517
0.901517
0.901517
0.901517
