0.0171978
0.0287359
0.0356559
0.0394961
 0.041525
0.0425664
0.0430924
0.0433558
0.0434871
0.0435524
0.0435848
0.0436009
0.0436089
0.0436129
0.0436148
0.0436158
0.0436163
0.0436165
0.0436166
0.0436167
0.0436167
0.0436167
0.0436167
0.0436168
0.0436168
0.0436168
0.0436168
0.0436168
0.0436168
0.0436168
0.0436168
0.0436168
0.0436168
0.0436168
0.0436168
0.0436168
0.0436168
0.0436168
0.0436168
0.0436168
0.0436168
0.0436168
0.0436168
0.0436168
0.0436168
0.0436168
0.0436168
0.0436168
0.0436168
0.0436168
0.0436168
0.0436168
0.0436168
0.0436168
0.0436168
0.0436168
0.0436168
0.0436168
0.0436168
0.0436168
0.0436168
0.0436168
0.0436168
0.0436168
0.0436168
0.0436168
0.0436168
0.0436168
0.0436168
0.0436168
0.0436168
0.0436168
0.0436168
0.0436168
0.0436168
0.0436168
0.0436168
0.0436168
0.0436168
0.0436168
0.0436168
0.0436168
0.0436168
0.0436168
0.0436168
0.0436168
0.0436168
0.0436168
0.0436168
0.0436168
0.0436168
0.0436168
0.0436168
0.0436168
0.0436168
0.0436168
0.0436168
0.0436168
0.0436168
0.0436168
