32.8322
59.3627
   82.9
98.0172
104.778
 106.64
106.652
106.306
106.057
105.944
 105.91
105.906
105.911
105.914
105.916
105.917
105.917
105.917
105.917
105.917
105.917
105.917
105.917
105.917
105.917
105.917
105.917
105.917
105.917
105.917
105.917
105.917
105.917
105.917
105.917
105.917
105.917
105.917
105.917
105.917
105.917
105.917
105.917
105.917
105.917
105.917
105.917
105.917
105.917
105.917
105.917
105.917
105.917
105.917
105.917
105.917
105.917
105.917
105.917
105.917
105.917
105.917
105.917
105.917
105.917
105.917
105.917
105.917
105.917
105.917
105.917
105.917
105.917
105.917
105.917
105.917
105.917
105.917
105.917
105.917
105.917
105.917
105.917
105.917
105.917
105.917
105.917
105.917
105.917
105.917
105.917
105.917
105.917
105.917
105.917
105.917
105.917
105.917
105.917
105.917
