9.75613
9.43993
9.11119
8.84895
8.69184
8.62238
8.60169
8.59999
8.60268
8.60492
8.60603
8.60639
8.60645
8.60642
8.60638
8.60637
8.60636
8.60636
8.60636
8.60636
8.60636
8.60636
8.60636
8.60636
8.60636
8.60636
8.60636
8.60636
8.60636
8.60636
8.60636
8.60636
8.60636
8.60636
8.60636
8.60636
8.60636
8.60636
8.60636
8.60636
8.60636
8.60636
8.60636
8.60636
8.60636
8.60636
8.60636
8.60636
8.60636
8.60636
8.60636
8.60636
8.60636
8.60636
8.60636
8.60636
8.60636
8.60636
8.60636
8.60636
8.60636
8.60636
8.60636
8.60636
8.60636
8.60636
8.60636
8.60636
8.60636
8.60636
8.60636
8.60636
8.60636
8.60636
8.60636
8.60636
8.60636
8.60636
8.60636
8.60636
8.60636
8.60636
8.60636
8.60636
8.60636
8.60636
8.60636
8.60636
8.60636
8.60636
8.60636
8.60636
8.60636
8.60636
8.60636
8.60636
8.60636
8.60636
8.60636
8.60636
