0.951226
0.887986
0.822239
0.769789
0.738368
0.724475
0.720337
0.719998
0.720536
0.720985
0.721205
0.721278
0.721289
0.721283
0.721277
0.721274
0.721272
0.721272
0.721272
0.721272
0.721272
0.721272
0.721272
0.721272
0.721272
0.721272
0.721272
0.721272
0.721272
0.721272
0.721272
0.721272
0.721272
0.721272
0.721272
0.721272
0.721272
0.721272
0.721272
0.721272
0.721272
0.721272
0.721272
0.721272
0.721272
0.721272
0.721272
0.721272
0.721272
0.721272
0.721272
0.721272
0.721272
0.721272
0.721272
0.721272
0.721272
0.721272
0.721272
0.721272
0.721272
0.721272
0.721272
0.721272
0.721272
0.721272
0.721272
0.721272
0.721272
0.721272
0.721272
0.721272
0.721272
0.721272
0.721272
0.721272
0.721272
0.721272
0.721272
0.721272
0.721272
0.721272
0.721272
0.721272
0.721272
0.721272
0.721272
0.721272
0.721272
0.721272
0.721272
0.721272
0.721272
0.721272
0.721272
0.721272
0.721272
0.721272
0.721272
0.721272
