0.0233092
0.0504271
0.0745341
 0.090069
0.0970571
0.0990078
0.0990409
0.0986934
0.0984389
0.0983222
0.0982864
0.0982828
 0.098287
0.0982907
0.0982925
0.0982932
0.0982933
0.0982932
0.0982932
0.0982931
0.0982931
0.0982931
0.0982931
0.0982931
0.0982931
0.0982931
0.0982931
0.0982931
0.0982931
0.0982931
0.0982931
0.0982931
0.0982931
0.0982931
0.0982931
0.0982931
0.0982931
0.0982931
0.0982931
0.0982931
0.0982931
0.0982931
0.0982931
0.0982931
0.0982931
0.0982931
0.0982931
0.0982931
0.0982931
0.0982931
0.0982931
0.0982931
0.0982931
0.0982931
0.0982931
0.0982931
0.0982931
0.0982931
0.0982931
0.0982931
0.0982931
0.0982931
0.0982931
0.0982931
0.0982931
0.0982931
0.0982931
0.0982931
0.0982931
0.0982931
0.0982931
0.0982931
0.0982931
0.0982931
0.0982931
0.0982931
0.0982931
0.0982931
0.0982931
0.0982931
0.0982931
0.0982931
0.0982931
0.0982931
0.0982931
0.0982931
0.0982931
0.0982931
0.0982931
0.0982931
0.0982931
0.0982931
0.0982931
0.0982931
0.0982931
0.0982931
0.0982931
0.0982931
0.0982931
0.0982931
