26.6909
37.6762
44.1587
47.7106
49.5692
50.5162
50.9916
51.2284
 51.346
51.4042
51.4329
51.4472
51.4542
51.4577
51.4594
51.4602
51.4607
51.4609
 51.461
 51.461
 51.461
51.4611
51.4611
51.4611
51.4611
51.4611
51.4611
51.4611
51.4611
51.4611
51.4611
51.4611
51.4611
51.4611
51.4611
51.4611
51.4611
51.4611
51.4611
51.4611
51.4611
51.4611
51.4611
51.4611
51.4611
51.4611
51.4611
51.4611
51.4611
51.4611
51.4611
51.4611
51.4611
51.4611
51.4611
51.4611
51.4611
51.4611
51.4611
51.4611
51.4611
51.4611
51.4611
51.4611
51.4611
51.4611
51.4611
51.4611
51.4611
51.4611
51.4611
51.4611
51.4611
51.4611
51.4611
51.4611
51.4611
51.4611
51.4611
51.4611
51.4611
51.4611
51.4611
51.4611
51.4611
51.4611
51.4611
51.4611
51.4611
51.4611
51.4611
51.4611
51.4611
51.4611
51.4611
51.4611
51.4611
51.4611
51.4611
51.4611
