9.82308
9.69759
9.61876
9.57351
9.54908
9.53638
9.52993
 9.5267
9.52509
9.52429
 9.5239
 9.5237
 9.5236
9.52356
9.52353
9.52352
9.52351
9.52351
9.52351
9.52351
9.52351
9.52351
9.52351
9.52351
9.52351
9.52351
9.52351
9.52351
9.52351
9.52351
9.52351
9.52351
9.52351
9.52351
9.52351
9.52351
9.52351
9.52351
9.52351
9.52351
9.52351
9.52351
9.52351
9.52351
9.52351
9.52351
9.52351
9.52351
9.52351
9.52351
9.52351
9.52351
9.52351
9.52351
9.52351
9.52351
9.52351
9.52351
9.52351
9.52351
9.52351
9.52351
9.52351
9.52351
9.52351
9.52351
9.52351
9.52351
9.52351
9.52351
9.52351
9.52351
9.52351
9.52351
9.52351
9.52351
9.52351
9.52351
9.52351
9.52351
9.52351
9.52351
9.52351
9.52351
9.52351
9.52351
9.52351
9.52351
9.52351
9.52351
9.52351
9.52351
9.52351
9.52351
9.52351
9.52351
9.52351
9.52351
9.52351
9.52351
