0.964615
0.939517
0.923752
0.914702
0.909815
0.907276
0.905986
 0.90534
0.905018
0.904858
0.904779
 0.90474
0.904721
0.904711
0.904706
0.904704
0.904703
0.904702
0.904702
0.904702
0.904702
0.904702
0.904702
0.904702
0.904702
0.904702
0.904702
0.904702
0.904702
0.904702
0.904702
0.904702
0.904702
0.904702
0.904702
0.904702
0.904702
0.904702
0.904702
0.904702
0.904702
0.904702
0.904702
0.904702
0.904702
0.904702
0.904702
0.904702
0.904702
0.904702
0.904702
0.904702
0.904702
0.904702
0.904702
0.904702
0.904702
0.904702
0.904702
0.904702
0.904702
0.904702
0.904702
0.904702
0.904702
0.904702
0.904702
0.904702
0.904702
0.904702
0.904702
0.904702
0.904702
0.904702
0.904702
0.904702
0.904702
0.904702
0.904702
0.904702
0.904702
0.904702
0.904702
0.904702
0.904702
0.904702
0.904702
0.904702
0.904702
0.904702
0.904702
0.904702
0.904702
0.904702
0.904702
0.904702
0.904702
0.904702
0.904702
0.904702
