0.0170382
0.0282612
0.0348889
0.0385224
0.0404244
0.0413937
0.0418805
 0.042123
0.0422433
0.0423029
0.0423324
0.0423469
0.0423541
0.0423577
0.0423594
0.0423603
0.0423607
 0.042361
0.0423611
0.0423611
0.0423611
0.0423612
0.0423612
0.0423612
0.0423612
0.0423612
0.0423612
0.0423612
0.0423612
0.0423612
0.0423612
0.0423612
0.0423612
0.0423612
0.0423612
0.0423612
0.0423612
0.0423612
0.0423612
0.0423612
0.0423612
0.0423612
0.0423612
0.0423612
0.0423612
0.0423612
0.0423612
0.0423612
0.0423612
0.0423612
0.0423612
0.0423612
0.0423612
0.0423612
0.0423612
0.0423612
0.0423612
0.0423612
0.0423612
0.0423612
0.0423612
0.0423612
0.0423612
0.0423612
0.0423612
0.0423612
0.0423612
0.0423612
0.0423612
0.0423612
0.0423612
0.0423612
0.0423612
0.0423612
0.0423612
0.0423612
0.0423612
0.0423612
0.0423612
0.0423612
0.0423612
0.0423612
0.0423612
0.0423612
0.0423612
0.0423612
0.0423612
0.0423612
0.0423612
0.0423612
0.0423612
0.0423612
0.0423612
0.0423612
0.0423612
0.0423612
0.0423612
0.0423612
0.0423612
0.0423612
