9.89085
9.86466
9.85875
9.85745
9.85717
 9.8571
9.85709
9.85709
9.85709
9.85709
9.85709
9.85709
9.85709
9.85709
9.85709
9.85709
9.85709
9.85709
9.85709
9.85709
9.85709
9.85709
9.85709
9.85709
9.85709
9.85709
9.85709
9.85709
9.85709
9.85709
9.85709
9.85709
9.85709
9.85709
9.85709
9.85709
9.85709
9.85709
9.85709
9.85709
9.85709
9.85709
9.85709
9.85709
9.85709
9.85709
9.85709
9.85709
9.85709
9.85709
9.85709
9.85709
9.85709
9.85709
9.85709
9.85709
9.85709
9.85709
9.85709
9.85709
9.85709
9.85709
9.85709
9.85709
9.85709
9.85709
9.85709
9.85709
9.85709
9.85709
9.85709
9.85709
9.85709
9.85709
9.85709
9.85709
9.85709
9.85709
9.85709
9.85709
9.85709
9.85709
9.85709
9.85709
9.85709
9.85709
9.85709
9.85709
9.85709
9.85709
9.85709
9.85709
9.85709
9.85709
9.85709
9.85709
9.85709
9.85709
9.85709
9.85709
