20.3966
22.7671
23.2909
23.4058
23.4309
23.4364
23.4376
23.4379
23.4379
23.4379
23.4379
23.4379
23.4379
23.4379
23.4379
23.4379
23.4379
23.4379
23.4379
23.4379
23.4379
23.4379
23.4379
23.4379
23.4379
23.4379
23.4379
23.4379
23.4379
23.4379
23.4379
23.4379
23.4379
23.4379
23.4379
23.4379
23.4379
23.4379
23.4379
23.4379
23.4379
23.4379
23.4379
23.4379
23.4379
23.4379
23.4379
23.4379
23.4379
23.4379
23.4379
23.4379
23.4379
23.4379
23.4379
23.4379
23.4379
23.4379
23.4379
23.4379
23.4379
23.4379
23.4379
23.4379
23.4379
23.4379
23.4379
23.4379
23.4379
23.4379
23.4379
23.4379
23.4379
23.4379
23.4379
23.4379
23.4379
23.4379
23.4379
23.4379
23.4379
23.4379
23.4379
23.4379
23.4379
23.4379
23.4379
23.4379
23.4379
23.4379
23.4379
23.4379
23.4379
23.4379
23.4379
23.4379
23.4379
23.4379
23.4379
23.4379
