0.978169
0.972932
0.971751
 0.97149
0.971433
0.971421
0.971418
0.971417
0.971417
0.971417
0.971417
0.971417
0.971417
0.971417
0.971417
0.971417
0.971417
0.971417
0.971417
0.971417
0.971417
0.971417
0.971417
0.971417
0.971417
0.971417
0.971417
0.971417
0.971417
0.971417
0.971417
0.971417
0.971417
0.971417
0.971417
0.971417
0.971417
0.971417
0.971417
0.971417
0.971417
0.971417
0.971417
0.971417
0.971417
0.971417
0.971417
0.971417
0.971417
0.971417
0.971417
0.971417
0.971417
0.971417
0.971417
0.971417
0.971417
0.971417
0.971417
0.971417
0.971417
0.971417
0.971417
0.971417
0.971417
0.971417
0.971417
0.971417
0.971417
0.971417
0.971417
0.971417
0.971417
0.971417
0.971417
0.971417
0.971417
0.971417
0.971417
0.971417
0.971417
0.971417
0.971417
0.971417
0.971417
0.971417
0.971417
0.971417
0.971417
0.971417
0.971417
0.971417
0.971417
0.971417
0.971417
0.971417
0.971417
0.971417
0.971417
0.971417
