0.0106119
0.0130328
0.0135678
0.0136852
0.0137108
0.0137165
0.0137177
 0.013718
 0.013718
 0.013718
 0.013718
 0.013718
 0.013718
 0.013718
 0.013718
 0.013718
 0.013718
 0.013718
 0.013718
 0.013718
 0.013718
 0.013718
 0.013718
 0.013718
 0.013718
 0.013718
 0.013718
 0.013718
 0.013718
 0.013718
 0.013718
 0.013718
 0.013718
 0.013718
 0.013718
 0.013718
 0.013718
 0.013718
 0.013718
 0.013718
 0.013718
 0.013718
 0.013718
 0.013718
 0.013718
 0.013718
 0.013718
 0.013718
 0.013718
 0.013718
 0.013718
 0.013718
 0.013718
 0.013718
 0.013718
 0.013718
 0.013718
 0.013718
 0.013718
 0.013718
 0.013718
 0.013718
 0.013718
 0.013718
 0.013718
 0.013718
 0.013718
 0.013718
 0.013718
 0.013718
 0.013718
 0.013718
 0.013718
 0.013718
 0.013718
 0.013718
 0.013718
 0.013718
 0.013718
 0.013718
 0.013718
 0.013718
 0.013718
 0.013718
 0.013718
 0.013718
 0.013718
 0.013718
 0.013718
 0.013718
 0.013718
 0.013718
 0.013718
 0.013718
 0.013718
 0.013718
 0.013718
 0.013718
 0.013718
 0.013718
