 22.588
27.1357
28.6973
29.2233
29.3992
29.4579
29.4774
29.4839
29.4861
29.4868
29.4871
29.4872
29.4872
29.4872
29.4872
29.4872
29.4872
29.4872
29.4872
29.4872
29.4872
29.4872
29.4872
29.4872
29.4872
29.4872
29.4872
29.4872
29.4872
29.4872
29.4872
29.4872
29.4872
29.4872
29.4872
29.4872
29.4872
29.4872
29.4872
29.4872
29.4872
29.4872
29.4872
29.4872
29.4872
29.4872
29.4872
29.4872
29.4872
29.4872
29.4872
29.4872
29.4872
29.4872
29.4872
29.4872
29.4872
29.4872
29.4872
29.4872
29.4872
29.4872
29.4872
29.4872
29.4872
29.4872
29.4872
29.4872
29.4872
29.4872
29.4872
29.4872
29.4872
29.4872
29.4872
29.4872
29.4872
29.4872
29.4872
29.4872
29.4872
29.4872
29.4872
29.4872
29.4872
29.4872
29.4872
29.4872
29.4872
29.4872
29.4872
29.4872
29.4872
29.4872
29.4872
29.4872
29.4872
29.4872
29.4872
29.4872
