9.86736
9.81658
9.79861
9.79247
9.79041
9.78972
9.78949
9.78942
9.78939
9.78938
9.78938
9.78938
9.78938
9.78938
9.78938
9.78938
9.78938
9.78938
9.78938
9.78938
9.78938
9.78938
9.78938
9.78938
9.78938
9.78938
9.78938
9.78938
9.78938
9.78938
9.78938
9.78938
9.78938
9.78938
9.78938
9.78938
9.78938
9.78938
9.78938
9.78938
9.78938
9.78938
9.78938
9.78938
9.78938
9.78938
9.78938
9.78938
9.78938
9.78938
9.78938
9.78938
9.78938
9.78938
9.78938
9.78938
9.78938
9.78938
9.78938
9.78938
9.78938
9.78938
9.78938
9.78938
9.78938
9.78938
9.78938
9.78938
9.78938
9.78938
9.78938
9.78938
9.78938
9.78938
9.78938
9.78938
9.78938
9.78938
9.78938
9.78938
9.78938
9.78938
9.78938
9.78938
9.78938
9.78938
9.78938
9.78938
9.78938
9.78938
9.78938
9.78938
9.78938
9.78938
9.78938
9.78938
9.78938
9.78938
9.78938
9.78938
