0.973471
0.963316
0.959722
0.958495
0.958082
0.957944
0.957898
0.957883
0.957878
0.957876
0.957876
0.957876
0.957875
0.957875
0.957875
0.957875
0.957875
0.957875
0.957875
0.957875
0.957875
0.957875
0.957875
0.957875
0.957875
0.957875
0.957875
0.957875
0.957875
0.957875
0.957875
0.957875
0.957875
0.957875
0.957875
0.957875
0.957875
0.957875
0.957875
0.957875
0.957875
0.957875
0.957875
0.957875
0.957875
0.957875
0.957875
0.957875
0.957875
0.957875
0.957875
0.957875
0.957875
0.957875
0.957875
0.957875
0.957875
0.957875
0.957875
0.957875
0.957875
0.957875
0.957875
0.957875
0.957875
0.957875
0.957875
0.957875
0.957875
0.957875
0.957875
0.957875
0.957875
0.957875
0.957875
0.957875
0.957875
0.957875
0.957875
0.957875
0.957875
0.957875
0.957875
0.957875
0.957875
0.957875
0.957875
0.957875
0.957875
0.957875
0.957875
0.957875
0.957875
0.957875
0.957875
0.957875
0.957875
0.957875
0.957875
0.957875
