0.0128492
0.0174941
0.0190896
 0.019627
0.0198068
0.0198668
0.0198868
0.0198935
0.0198957
0.0198964
0.0198967
0.0198968
0.0198968
0.0198968
0.0198968
0.0198968
0.0198968
0.0198968
0.0198968
0.0198968
0.0198968
0.0198968
0.0198968
0.0198968
0.0198968
0.0198968
0.0198968
0.0198968
0.0198968
0.0198968
0.0198968
0.0198968
0.0198968
0.0198968
0.0198968
0.0198968
0.0198968
0.0198968
0.0198968
0.0198968
0.0198968
0.0198968
0.0198968
0.0198968
0.0198968
0.0198968
0.0198968
0.0198968
0.0198968
0.0198968
0.0198968
0.0198968
0.0198968
0.0198968
0.0198968
0.0198968
0.0198968
0.0198968
0.0198968
0.0198968
0.0198968
0.0198968
0.0198968
0.0198968
0.0198968
0.0198968
0.0198968
0.0198968
0.0198968
0.0198968
0.0198968
0.0198968
0.0198968
0.0198968
0.0198968
0.0198968
0.0198968
0.0198968
0.0198968
0.0198968
0.0198968
0.0198968
0.0198968
0.0198968
0.0198968
0.0198968
0.0198968
0.0198968
0.0198968
0.0198968
0.0198968
0.0198968
0.0198968
0.0198968
0.0198968
0.0198968
0.0198968
0.0198968
0.0198968
0.0198968
