9.81967
9.68678
 9.6004
 9.5494
9.52125
9.50637
9.49871
9.49483
9.49288
 9.4919
9.49142
9.49117
9.49105
9.49099
9.49096
9.49095
9.49094
9.49094
9.49094
9.49094
9.49093
9.49093
9.49093
9.49093
9.49093
9.49093
9.49093
9.49093
9.49093
9.49093
9.49093
9.49093
9.49093
9.49093
9.49093
9.49093
9.49093
9.49093
9.49093
9.49093
9.49093
9.49093
9.49093
9.49093
9.49093
9.49093
9.49093
9.49093
9.49093
9.49093
9.49093
9.49093
9.49093
9.49093
9.49093
9.49093
9.49093
9.49093
9.49093
9.49093
9.49093
9.49093
9.49093
9.49093
9.49093
9.49093
9.49093
9.49093
9.49093
9.49093
9.49093
9.49093
9.49093
9.49093
9.49093
9.49093
9.49093
9.49093
9.49093
9.49093
9.49093
9.49093
9.49093
9.49093
9.49093
9.49093
9.49093
9.49093
9.49093
9.49093
9.49093
9.49093
9.49093
9.49093
9.49093
9.49093
9.49093
9.49093
9.49093
9.49093
