27.0055
 38.616
45.6819
49.6472
51.7598
 52.851
53.4048
53.6833
53.8225
 53.892
53.9267
53.9439
53.9525
53.9567
53.9589
53.9599
53.9605
53.9607
53.9608
53.9609
53.9609
 53.961
 53.961
 53.961
 53.961
 53.961
 53.961
 53.961
 53.961
 53.961
 53.961
 53.961
 53.961
 53.961
 53.961
 53.961
 53.961
 53.961
 53.961
 53.961
 53.961
 53.961
 53.961
 53.961
 53.961
 53.961
 53.961
 53.961
 53.961
 53.961
 53.961
 53.961
 53.961
 53.961
 53.961
 53.961
 53.961
 53.961
 53.961
 53.961
 53.961
 53.961
 53.961
 53.961
 53.961
 53.961
 53.961
 53.961
 53.961
 53.961
 53.961
 53.961
 53.961
 53.961
 53.961
 53.961
 53.961
 53.961
 53.961
 53.961
 53.961
 53.961
 53.961
 53.961
 53.961
 53.961
 53.961
 53.961
 53.961
 53.961
 53.961
 53.961
 53.961
 53.961
 53.961
 53.961
 53.961
 53.961
 53.961
 53.961
