0.963933
0.937355
 0.92008
0.909881
0.904249
0.901273
0.899742
0.898966
0.898576
0.898381
0.898283
0.898235
0.898211
0.898199
0.898193
 0.89819
0.898188
0.898188
0.898187
0.898187
0.898187
0.898187
0.898187
0.898187
0.898187
0.898187
0.898187
0.898187
0.898187
0.898187
0.898187
0.898187
0.898187
0.898187
0.898187
0.898187
0.898187
0.898187
0.898187
0.898187
0.898187
0.898187
0.898187
0.898187
0.898187
0.898187
0.898187
0.898187
0.898187
0.898187
0.898187
0.898187
0.898187
0.898187
0.898187
0.898187
0.898187
0.898187
0.898187
0.898187
0.898187
0.898187
0.898187
0.898187
0.898187
0.898187
0.898187
0.898187
0.898187
0.898187
0.898187
0.898187
0.898187
0.898187
0.898187
0.898187
0.898187
0.898187
0.898187
0.898187
0.898187
0.898187
0.898187
0.898187
0.898187
0.898187
0.898187
0.898187
0.898187
0.898187
0.898187
0.898187
0.898187
0.898187
0.898187
0.898187
0.898187
0.898187
0.898187
0.898187
