0.0173595
0.0292215
0.0364459
0.0405028
0.0426652
0.0437824
0.0443496
0.0446348
0.0447774
0.0448486
0.0448841
0.0449017
0.0449105
0.0449149
0.0449171
0.0449182
0.0449187
 0.044919
0.0449191
0.0449192
0.0449192
0.0449192
0.0449192
0.0449192
0.0449192
0.0449192
0.0449192
0.0449192
0.0449192
0.0449192
0.0449192
0.0449192
0.0449192
0.0449192
0.0449192
0.0449192
0.0449192
0.0449192
0.0449192
0.0449192
0.0449192
0.0449192
0.0449192
0.0449192
0.0449192
0.0449192
0.0449192
0.0449192
0.0449192
0.0449192
0.0449192
0.0449192
0.0449192
0.0449192
0.0449192
0.0449192
0.0449192
0.0449192
0.0449192
0.0449192
0.0449192
0.0449192
0.0449192
0.0449192
0.0449192
0.0449192
0.0449192
0.0449192
0.0449192
0.0449192
0.0449192
0.0449192
0.0449192
0.0449192
0.0449192
0.0449192
0.0449192
0.0449192
0.0449192
0.0449192
0.0449192
0.0449192
0.0449192
0.0449192
0.0449192
0.0449192
0.0449192
0.0449192
0.0449192
0.0449192
0.0449192
0.0449192
0.0449192
0.0449192
0.0449192
0.0449192
0.0449192
0.0449192
0.0449192
0.0449192
