9.87282
9.82864
9.81439
9.80994
9.80857
9.80815
9.80802
9.80798
9.80797
9.80796
9.80796
9.80796
9.80796
9.80796
9.80796
9.80796
9.80796
9.80796
9.80796
9.80796
9.80796
9.80796
9.80796
9.80796
9.80796
9.80796
9.80796
9.80796
9.80796
9.80796
9.80796
9.80796
9.80796
9.80796
9.80796
9.80796
9.80796
9.80796
9.80796
9.80796
9.80796
9.80796
9.80796
9.80796
9.80796
9.80796
9.80796
9.80796
9.80796
9.80796
9.80796
9.80796
9.80796
9.80796
9.80796
9.80796
9.80796
9.80796
9.80796
9.80796
9.80796
9.80796
9.80796
9.80796
9.80796
9.80796
9.80796
9.80796
9.80796
9.80796
9.80796
9.80796
9.80796
9.80796
9.80796
9.80796
9.80796
9.80796
9.80796
9.80796
9.80796
9.80796
9.80796
9.80796
9.80796
9.80796
9.80796
9.80796
9.80796
9.80796
9.80796
9.80796
9.80796
9.80796
9.80796
9.80796
9.80796
9.80796
9.80796
9.80796
