22.0792
26.0462
27.2908
27.6752
27.7933
27.8295
27.8406
 27.844
27.8451
27.8454
27.8455
27.8455
27.8455
27.8455
27.8455
27.8455
27.8455
27.8455
27.8455
27.8455
27.8455
27.8455
27.8455
27.8455
27.8455
27.8455
27.8455
27.8455
27.8455
27.8455
27.8455
27.8455
27.8455
27.8455
27.8455
27.8455
27.8455
27.8455
27.8455
27.8455
27.8455
27.8455
27.8455
27.8455
27.8455
27.8455
27.8455
27.8455
27.8455
27.8455
27.8455
27.8455
27.8455
27.8455
27.8455
27.8455
27.8455
27.8455
27.8455
27.8455
27.8455
27.8455
27.8455
27.8455
27.8455
27.8455
27.8455
27.8455
27.8455
27.8455
27.8455
27.8455
27.8455
27.8455
27.8455
27.8455
27.8455
27.8455
27.8455
27.8455
27.8455
27.8455
27.8455
27.8455
27.8455
27.8455
27.8455
27.8455
27.8455
27.8455
27.8455
27.8455
27.8455
27.8455
27.8455
27.8455
27.8455
27.8455
27.8455
27.8455
