0.974564
0.965729
0.962879
0.961989
0.961714
 0.96163
0.961604
0.961596
0.961593
0.961593
0.961592
0.961592
0.961592
0.961592
0.961592
0.961592
0.961592
0.961592
0.961592
0.961592
0.961592
0.961592
0.961592
0.961592
0.961592
0.961592
0.961592
0.961592
0.961592
0.961592
0.961592
0.961592
0.961592
0.961592
0.961592
0.961592
0.961592
0.961592
0.961592
0.961592
0.961592
0.961592
0.961592
0.961592
0.961592
0.961592
0.961592
0.961592
0.961592
0.961592
0.961592
0.961592
0.961592
0.961592
0.961592
0.961592
0.961592
0.961592
0.961592
0.961592
0.961592
0.961592
0.961592
0.961592
0.961592
0.961592
0.961592
0.961592
0.961592
0.961592
0.961592
0.961592
0.961592
0.961592
0.961592
0.961592
0.961592
0.961592
0.961592
0.961592
0.961592
0.961592
0.961592
0.961592
0.961592
0.961592
0.961592
0.961592
0.961592
0.961592
0.961592
0.961592
0.961592
0.961592
0.961592
0.961592
0.961592
0.961592
0.961592
0.961592
