0.0123297
0.0163813
 0.017653
0.0180457
0.0181664
0.0182034
0.0182147
0.0182182
0.0182193
0.0182196
0.0182197
0.0182197
0.0182197
0.0182197
0.0182197
0.0182198
0.0182198
0.0182198
0.0182198
0.0182198
0.0182198
0.0182198
0.0182198
0.0182198
0.0182198
0.0182198
0.0182198
0.0182198
0.0182198
0.0182198
0.0182198
0.0182198
0.0182198
0.0182198
0.0182198
0.0182198
0.0182198
0.0182198
0.0182198
0.0182198
0.0182198
0.0182198
0.0182198
0.0182198
0.0182198
0.0182198
0.0182198
0.0182198
0.0182198
0.0182198
0.0182198
0.0182198
0.0182198
0.0182198
0.0182198
0.0182198
0.0182198
0.0182198
0.0182198
0.0182198
0.0182198
0.0182198
0.0182198
0.0182198
0.0182198
0.0182198
0.0182198
0.0182198
0.0182198
0.0182198
0.0182198
0.0182198
0.0182198
0.0182198
0.0182198
0.0182198
0.0182198
0.0182198
0.0182198
0.0182198
0.0182198
0.0182198
0.0182198
0.0182198
0.0182198
0.0182198
0.0182198
0.0182198
0.0182198
0.0182198
0.0182198
0.0182198
0.0182198
0.0182198
0.0182198
0.0182198
0.0182198
0.0182198
0.0182198
0.0182198
