18.0531
15.4441
14.0378
14.3553
14.4963
14.4495
 14.434
14.4406
14.4421
14.4413
14.4411
14.4412
14.4412
14.4412
14.4412
14.4412
14.4412
14.4412
14.4412
14.4412
14.4412
14.4412
14.4412
14.4412
14.4412
14.4412
14.4412
14.4412
14.4412
14.4412
14.4412
14.4412
14.4412
14.4412
14.4412
14.4412
14.4412
14.4412
14.4412
14.4412
14.4412
14.4412
14.4412
14.4412
14.4412
14.4412
14.4412
14.4412
14.4412
14.4412
14.4412
14.4412
14.4412
14.4412
14.4412
14.4412
14.4412
14.4412
14.4412
14.4412
14.4412
14.4412
14.4412
14.4412
14.4412
14.4412
14.4412
14.4412
14.4412
14.4412
14.4412
14.4412
14.4412
14.4412
14.4412
14.4412
14.4412
14.4412
14.4412
14.4412
14.4412
14.4412
14.4412
14.4412
14.4412
14.4412
14.4412
14.4412
14.4412
14.4412
14.4412
14.4412
14.4412
14.4412
14.4412
14.4412
14.4412
14.4412
14.4412
14.4412
