 183.73
493.636
499.786
447.627
451.023
457.121
456.419
455.698
 455.82
455.904
455.884
455.875
455.878
455.879
455.878
455.878
455.878
455.878
455.878
455.878
455.878
455.878
455.878
455.878
455.878
455.878
455.878
455.878
455.878
455.878
455.878
455.878
455.878
455.878
455.878
455.878
455.878
455.878
455.878
455.878
455.878
455.878
455.878
455.878
455.878
455.878
455.878
455.878
455.878
455.878
455.878
455.878
455.878
455.878
455.878
455.878
455.878
455.878
455.878
455.878
455.878
455.878
455.878
455.878
455.878
455.878
455.878
455.878
455.878
455.878
455.878
455.878
455.878
455.878
455.878
455.878
455.878
455.878
455.878
455.878
455.878
455.878
455.878
455.878
455.878
455.878
455.878
455.878
455.878
455.878
455.878
455.878
455.878
455.878
455.878
455.878
455.878
455.878
455.878
455.878
