0.900326
  0.6257
0.477668
0.511087
0.525923
0.520997
 0.51937
0.520058
0.520225
0.520132
0.520116
0.520128
 0.52013
0.520128
0.520128
0.520128
0.520128
0.520128
0.520128
0.520128
0.520128
0.520128
0.520128
0.520128
0.520128
0.520128
0.520128
0.520128
0.520128
0.520128
0.520128
0.520128
0.520128
0.520128
0.520128
0.520128
0.520128
0.520128
0.520128
0.520128
0.520128
0.520128
0.520128
0.520128
0.520128
0.520128
0.520128
0.520128
0.520128
0.520128
0.520128
0.520128
0.520128
0.520128
0.520128
0.520128
0.520128
0.520128
0.520128
0.520128
0.520128
0.520128
0.520128
0.520128
0.520128
0.520128
0.520128
0.520128
0.520128
0.520128
0.520128
0.520128
0.520128
0.520128
0.520128
0.520128
0.520128
0.520128
0.520128
0.520128
0.520128
0.520128
0.520128
0.520128
0.520128
0.520128
0.520128
0.520128
0.520128
0.520128
0.520128
0.520128
0.520128
0.520128
0.520128
0.520128
0.520128
0.520128
0.520128
0.520128
