0.0461366
 0.133164
 0.135268
 0.120655
 0.121561
 0.123272
 0.123081
 0.122879
 0.122912
 0.122936
  0.12293
 0.122928
 0.122929
 0.122929
 0.122929
 0.122929
 0.122929
 0.122929
 0.122929
 0.122929
 0.122929
 0.122929
 0.122929
 0.122929
 0.122929
 0.122929
 0.122929
 0.122929
 0.122929
 0.122929
 0.122929
 0.122929
 0.122929
 0.122929
 0.122929
 0.122929
 0.122929
 0.122929
 0.122929
 0.122929
 0.122929
 0.122929
 0.122929
 0.122929
 0.122929
 0.122929
 0.122929
 0.122929
 0.122929
 0.122929
 0.122929
 0.122929
 0.122929
 0.122929
 0.122929
 0.122929
 0.122929
 0.122929
 0.122929
 0.122929
 0.122929
 0.122929
 0.122929
 0.122929
 0.122929
 0.122929
 0.122929
 0.122929
 0.122929
 0.122929
 0.122929
 0.122929
 0.122929
 0.122929
 0.122929
 0.122929
 0.122929
 0.122929
 0.122929
 0.122929
 0.122929
 0.122929
 0.122929
 0.122929
 0.122929
 0.122929
 0.122929
 0.122929
 0.122929
 0.122929
 0.122929
 0.122929
 0.122929
 0.122929
 0.122929
 0.122929
 0.122929
 0.122929
 0.122929
 0.122929
