9.50325
7.61102
4.54141
3.43702
3.99287
4.91015
5.72505
6.30443
6.58774
6.53014
6.15744
 5.6622
5.32104
5.25467
5.39098
5.60088
5.78377
5.88335
5.88446
 5.8094
5.70671
5.62671
5.59668
 5.6141
5.65764
5.70249
5.73086
5.73624
5.72272
5.70081
5.68164
5.67218
 5.6735
5.68198
5.69223
5.69967
5.70214
5.70004
5.69548
5.69097
5.68829
5.68801
5.68956
5.69181
5.69366
 5.6945
5.69426
5.69335
5.69232
 5.6916
5.69141
5.69167
5.69214
5.69259
5.69284
5.69284
5.69267
5.69244
5.69226
5.69219
5.69222
5.69232
5.69242
5.69249
 5.6925
5.69247
5.69242
5.69238
5.69236
5.69236
5.69238
 5.6924
5.69242
5.69242
5.69242
5.69241
 5.6924
5.69239
5.69239
5.69239
 5.6924
 5.6924
5.69241
5.69241
 5.6924
 5.6924
 5.6924
 5.6924
 5.6924
 5.6924
 5.6924
 5.6924
 5.6924
 5.6924
 5.6924
 5.6924
 5.6924
 5.6924
 5.6924
 5.6924
