 55.468
178.971
 197.75
90.8694
 40.783
 26.167
24.3865
29.7287
41.8727
60.1375
77.8342
83.6222
 75.705
63.6247
54.8535
51.1188
51.6743
55.1533
59.7911
 63.572
65.0262
64.0722
61.8357
59.6638
58.3945
58.2313
58.9187
 59.966
60.8675
61.2969
61.2061
60.7782
60.2834
59.9388
59.8373
59.9502
60.1732
60.3873
60.5095
60.5163
60.4372
60.3281
 60.241
60.2045
60.2187
60.2639
60.3134
60.3463
 60.354
60.3406
60.3173
60.2961
 60.285
60.2856
60.2942
60.3053
60.3137
60.3169
60.3149
60.3101
60.3052
60.3021
60.3016
60.3031
60.3055
60.3076
60.3086
60.3084
60.3075
60.3064
60.3056
60.3053
60.3056
60.3061
60.3066
60.3068
60.3069
60.3067
60.3064
60.3062
60.3062
60.3062
60.3063
60.3064
60.3065
60.3065
60.3065
60.3064
60.3064
60.3063
60.3063
60.3064
60.3064
60.3064
60.3064
60.3064
60.3064
60.3064
60.3064
60.3064
