  0.900651
  0.522203
-0.0917175
 -0.312596
 -0.201425
-0.0179709
  0.145011
  0.260887
  0.317549
  0.306028
  0.231488
   0.13244
 0.0642081
 0.0509339
 0.0781957
  0.120176
  0.156754
   0.17667
  0.176893
   0.16188
  0.141343
  0.125342
  0.119336
   0.12282
  0.131528
  0.140498
  0.146172
  0.147248
  0.144544
  0.140161
  0.136327
  0.134437
    0.1347
  0.136397
  0.138446
  0.139934
  0.140428
  0.140009
  0.139096
  0.138193
  0.137658
  0.137601
  0.137911
  0.138361
  0.138732
  0.138899
  0.138852
   0.13867
  0.138463
  0.138321
  0.138282
  0.138333
  0.138429
  0.138518
  0.138567
  0.138568
  0.138533
  0.138487
  0.138451
  0.138437
  0.138444
  0.138463
  0.138484
  0.138497
    0.1385
  0.138494
  0.138484
  0.138476
  0.138471
  0.138472
  0.138475
   0.13848
  0.138483
  0.138485
  0.138484
  0.138482
   0.13848
  0.138478
  0.138478
  0.138479
   0.13848
  0.138481
  0.138481
  0.138481
  0.138481
   0.13848
   0.13848
   0.13848
   0.13848
   0.13848
   0.13848
   0.13848
   0.13848
   0.13848
   0.13848
   0.13848
   0.13848
   0.13848
   0.13848
   0.13848
