0.0464291
 0.173091
  0.19516
0.0883155
0.0371617
0.0214716
  0.01885
0.0236608
0.0356414
0.0541488
0.0724008
0.0787475
0.0710949
0.0589597
0.0499622
0.0459776
0.0463541
0.0497676
0.0544512
0.0583461
0.0599187
0.0590359
0.0568071
0.0545956
0.0532695
0.0530594
0.0537251
0.0547775
0.0557018
0.0561577
0.0560853
0.0556626
0.0551616
0.0548049
 0.054692
0.0547985
0.0550212
0.0552397
0.0553677
0.0553791
 0.055302
 0.055192
0.0551025
0.0550633
0.0550758
0.0551206
0.0551709
 0.055205
0.0552138
 0.055201
0.0551776
 0.055156
0.0551443
0.0551444
0.0551529
0.0551641
0.0551728
0.0551762
0.0551744
0.0551696
0.0551646
0.0551614
0.0551608
0.0551623
0.0551647
0.0551668
0.0551679
0.0551677
0.0551668
0.0551657
0.0551648
0.0551646
0.0551648
0.0551653
0.0551658
0.0551661
0.0551661
 0.055166
0.0551657
0.0551655
0.0551654
0.0551654
0.0551655
0.0551657
0.0551657
0.0551658
0.0551657
0.0551657
0.0551656
0.0551656
0.0551656
0.0551656
0.0551656
0.0551657
0.0551657
0.0551657
0.0551657
0.0551656
0.0551656
0.0551656
