23.0447
16.3564
18.2009
18.0766
17.8999
 17.999
17.9722
17.9729
17.9759
17.9744
17.9748
17.9748
17.9747
17.9747
17.9747
17.9747
17.9747
17.9747
17.9747
17.9747
17.9747
17.9747
17.9747
17.9747
17.9747
17.9747
17.9747
17.9747
17.9747
17.9747
17.9747
17.9747
17.9747
17.9747
17.9747
17.9747
17.9747
17.9747
17.9747
17.9747
17.9747
17.9747
17.9747
17.9747
17.9747
17.9747
17.9747
17.9747
17.9747
17.9747
17.9747
17.9747
17.9747
17.9747
17.9747
17.9747
17.9747
17.9747
17.9747
17.9747
17.9747
17.9747
17.9747
17.9747
17.9747
17.9747
17.9747
17.9747
17.9747
17.9747
17.9747
17.9747
17.9747
17.9747
17.9747
17.9747
17.9747
17.9747
17.9747
17.9747
17.9747
17.9747
17.9747
17.9747
17.9747
17.9747
17.9747
17.9747
17.9747
17.9747
17.9747
17.9747
17.9747
17.9747
17.9747
17.9747
17.9747
17.9747
17.9747
17.9747
