 673.99
967.645
725.989
820.783
803.406
799.785
803.755
 802.27
802.499
802.573
802.508
 802.53
802.528
802.526
802.527
802.527
802.527
802.527
802.527
802.527
802.527
802.527
802.527
802.527
802.527
802.527
802.527
802.527
802.527
802.527
802.527
802.527
802.527
802.527
802.527
802.527
802.527
802.527
802.527
802.527
802.527
802.527
802.527
802.527
802.527
802.527
802.527
802.527
802.527
802.527
802.527
802.527
802.527
802.527
802.527
802.527
802.527
802.527
802.527
802.527
802.527
802.527
802.527
802.527
802.527
802.527
802.527
802.527
802.527
802.527
802.527
802.527
802.527
802.527
802.527
802.527
802.527
802.527
802.527
802.527
802.527
802.527
802.527
802.527
802.527
802.527
802.527
802.527
802.527
802.527
802.527
802.527
802.527
802.527
802.527
802.527
802.527
802.527
802.527
802.527
