0.772666
0.258187
0.400073
0.390506
0.376916
0.384539
 0.38248
0.382532
0.382764
0.382644
0.382674
0.382674
 0.38267
0.382672
0.382672
0.382672
0.382672
0.382672
0.382672
0.382672
0.382672
0.382672
0.382672
0.382672
0.382672
0.382672
0.382672
0.382672
0.382672
0.382672
0.382672
0.382672
0.382672
0.382672
0.382672
0.382672
0.382672
0.382672
0.382672
0.382672
0.382672
0.382672
0.382672
0.382672
0.382672
0.382672
0.382672
0.382672
0.382672
0.382672
0.382672
0.382672
0.382672
0.382672
0.382672
0.382672
0.382672
0.382672
0.382672
0.382672
0.382672
0.382672
0.382672
0.382672
0.382672
0.382672
0.382672
0.382672
0.382672
0.382672
0.382672
0.382672
0.382672
0.382672
0.382672
0.382672
0.382672
0.382672
0.382672
0.382672
0.382672
0.382672
0.382672
0.382672
0.382672
0.382672
0.382672
0.382672
0.382672
0.382672
0.382672
0.382672
0.382672
0.382672
0.382672
0.382672
0.382672
0.382672
0.382672
0.382672
