0.0966654
 0.141266
 0.105107
 0.119202
 0.116648
 0.116095
 0.116689
 0.116468
 0.116502
 0.116513
 0.116503
 0.116507
 0.116506
 0.116506
 0.116506
 0.116506
 0.116506
 0.116506
 0.116506
 0.116506
 0.116506
 0.116506
 0.116506
 0.116506
 0.116506
 0.116506
 0.116506
 0.116506
 0.116506
 0.116506
 0.116506
 0.116506
 0.116506
 0.116506
 0.116506
 0.116506
 0.116506
 0.116506
 0.116506
 0.116506
 0.116506
 0.116506
 0.116506
 0.116506
 0.116506
 0.116506
 0.116506
 0.116506
 0.116506
 0.116506
 0.116506
 0.116506
 0.116506
 0.116506
 0.116506
 0.116506
 0.116506
 0.116506
 0.116506
 0.116506
 0.116506
 0.116506
 0.116506
 0.116506
 0.116506
 0.116506
 0.116506
 0.116506
 0.116506
 0.116506
 0.116506
 0.116506
 0.116506
 0.116506
 0.116506
 0.116506
 0.116506
 0.116506
 0.116506
 0.116506
 0.116506
 0.116506
 0.116506
 0.116506
 0.116506
 0.116506
 0.116506
 0.116506
 0.116506
 0.116506
 0.116506
 0.116506
 0.116506
 0.116506
 0.116506
 0.116506
 0.116506
 0.116506
 0.116506
 0.116506
