9.86391
 9.8087
9.78804
9.78061
9.77798
9.77706
9.77674
9.77662
9.77658
9.77657
9.77656
9.77656
9.77656
9.77656
9.77656
9.77656
9.77656
9.77656
9.77656
9.77656
9.77656
9.77656
9.77656
9.77656
9.77656
9.77656
9.77656
9.77656
9.77656
9.77656
9.77656
9.77656
9.77656
9.77656
9.77656
9.77656
9.77656
9.77656
9.77656
9.77656
9.77656
9.77656
9.77656
9.77656
9.77656
9.77656
9.77656
9.77656
9.77656
9.77656
9.77656
9.77656
9.77656
9.77656
9.77656
9.77656
9.77656
9.77656
9.77656
9.77656
9.77656
9.77656
9.77656
9.77656
9.77656
9.77656
9.77656
9.77656
9.77656
9.77656
9.77656
9.77656
9.77656
9.77656
9.77656
9.77656
9.77656
9.77656
9.77656
9.77656
9.77656
9.77656
9.77656
9.77656
9.77656
9.77656
9.77656
9.77656
9.77656
9.77656
9.77656
9.77656
9.77656
9.77656
9.77656
9.77656
9.77656
9.77656
9.77656
9.77656
