22.9083
27.8454
29.6341
30.2681
 30.491
30.5691
30.5964
 30.606
30.6094
30.6105
30.6109
30.6111
30.6111
30.6111
30.6112
30.6112
30.6112
30.6112
30.6112
30.6112
30.6112
30.6112
30.6112
30.6112
30.6112
30.6112
30.6112
30.6112
30.6112
30.6112
30.6112
30.6112
30.6112
30.6112
30.6112
30.6112
30.6112
30.6112
30.6112
30.6112
30.6112
30.6112
30.6112
30.6112
30.6112
30.6112
30.6112
30.6112
30.6112
30.6112
30.6112
30.6112
30.6112
30.6112
30.6112
30.6112
30.6112
30.6112
30.6112
30.6112
30.6112
30.6112
30.6112
30.6112
30.6112
30.6112
30.6112
30.6112
30.6112
30.6112
30.6112
30.6112
30.6112
30.6112
30.6112
30.6112
30.6112
30.6112
30.6112
30.6112
30.6112
30.6112
30.6112
30.6112
30.6112
30.6112
30.6112
30.6112
30.6112
30.6112
30.6112
30.6112
30.6112
30.6112
30.6112
30.6112
30.6112
30.6112
30.6112
30.6112
