0.972783
 0.96174
0.957608
0.956122
0.955596
0.955412
0.955347
0.955324
0.955316
0.955314
0.955313
0.955312
0.955312
0.955312
0.955312
0.955312
0.955312
0.955312
0.955312
0.955312
0.955312
0.955312
0.955312
0.955312
0.955312
0.955312
0.955312
0.955312
0.955312
0.955312
0.955312
0.955312
0.955312
0.955312
0.955312
0.955312
0.955312
0.955312
0.955312
0.955312
0.955312
0.955312
0.955312
0.955312
0.955312
0.955312
0.955312
0.955312
0.955312
0.955312
0.955312
0.955312
0.955312
0.955312
0.955312
0.955312
0.955312
0.955312
0.955312
0.955312
0.955312
0.955312
0.955312
0.955312
0.955312
0.955312
0.955312
0.955312
0.955312
0.955312
0.955312
0.955312
0.955312
0.955312
0.955312
0.955312
0.955312
0.955312
0.955312
0.955312
0.955312
0.955312
0.955312
0.955312
0.955312
0.955312
0.955312
0.955312
0.955312
0.955312
0.955312
0.955312
0.955312
0.955312
0.955312
0.955312
0.955312
0.955312
0.955312
0.955312
