0.0131761
0.0182189
0.0200465
0.0206944
0.0209222
 0.021002
  0.02103
0.0210398
0.0210432
0.0210444
0.0210448
 0.021045
 0.021045
 0.021045
 0.021045
 0.021045
 0.021045
 0.021045
 0.021045
 0.021045
 0.021045
 0.021045
 0.021045
 0.021045
 0.021045
 0.021045
 0.021045
 0.021045
 0.021045
 0.021045
 0.021045
 0.021045
 0.021045
 0.021045
 0.021045
 0.021045
 0.021045
 0.021045
 0.021045
 0.021045
 0.021045
 0.021045
 0.021045
 0.021045
 0.021045
 0.021045
 0.021045
 0.021045
 0.021045
 0.021045
 0.021045
 0.021045
 0.021045
 0.021045
 0.021045
 0.021045
 0.021045
 0.021045
 0.021045
 0.021045
 0.021045
 0.021045
 0.021045
 0.021045
 0.021045
 0.021045
 0.021045
 0.021045
 0.021045
 0.021045
 0.021045
 0.021045
 0.021045
 0.021045
 0.021045
 0.021045
 0.021045
 0.021045
 0.021045
 0.021045
 0.021045
 0.021045
 0.021045
 0.021045
 0.021045
 0.021045
 0.021045
 0.021045
 0.021045
 0.021045
 0.021045
 0.021045
 0.021045
 0.021045
 0.021045
 0.021045
 0.021045
 0.021045
 0.021045
 0.021045
