9.87994
9.84354
9.83325
9.83041
9.82964
9.82943
9.82937
9.82936
9.82935
9.82935
9.82935
9.82935
9.82935
9.82935
9.82935
9.82935
9.82935
9.82935
9.82935
9.82935
9.82935
9.82935
9.82935
9.82935
9.82935
9.82935
9.82935
9.82935
9.82935
9.82935
9.82935
9.82935
9.82935
9.82935
9.82935
9.82935
9.82935
9.82935
9.82935
9.82935
9.82935
9.82935
9.82935
9.82935
9.82935
9.82935
9.82935
9.82935
9.82935
9.82935
9.82935
9.82935
9.82935
9.82935
9.82935
9.82935
9.82935
9.82935
9.82935
9.82935
9.82935
9.82935
9.82935
9.82935
9.82935
9.82935
9.82935
9.82935
9.82935
9.82935
9.82935
9.82935
9.82935
9.82935
9.82935
9.82935
9.82935
9.82935
9.82935
9.82935
9.82935
9.82935
9.82935
9.82935
9.82935
9.82935
9.82935
9.82935
9.82935
9.82935
9.82935
9.82935
9.82935
9.82935
9.82935
9.82935
9.82935
9.82935
9.82935
9.82935
