21.4155
24.6944
25.5996
25.8465
25.9137
25.9319
25.9368
25.9382
25.9385
25.9386
25.9387
25.9387
25.9387
25.9387
25.9387
25.9387
25.9387
25.9387
25.9387
25.9387
25.9387
25.9387
25.9387
25.9387
25.9387
25.9387
25.9387
25.9387
25.9387
25.9387
25.9387
25.9387
25.9387
25.9387
25.9387
25.9387
25.9387
25.9387
25.9387
25.9387
25.9387
25.9387
25.9387
25.9387
25.9387
25.9387
25.9387
25.9387
25.9387
25.9387
25.9387
25.9387
25.9387
25.9387
25.9387
25.9387
25.9387
25.9387
25.9387
25.9387
25.9387
25.9387
25.9387
25.9387
25.9387
25.9387
25.9387
25.9387
25.9387
25.9387
25.9387
25.9387
25.9387
25.9387
25.9387
25.9387
25.9387
25.9387
25.9387
25.9387
25.9387
25.9387
25.9387
25.9387
25.9387
25.9387
25.9387
25.9387
25.9387
25.9387
25.9387
25.9387
25.9387
25.9387
25.9387
25.9387
25.9387
25.9387
25.9387
25.9387
