0.975988
0.968709
0.966649
0.966082
0.965928
0.965886
0.965874
0.965871
 0.96587
 0.96587
 0.96587
 0.96587
 0.96587
 0.96587
 0.96587
 0.96587
 0.96587
 0.96587
 0.96587
 0.96587
 0.96587
 0.96587
 0.96587
 0.96587
 0.96587
 0.96587
 0.96587
 0.96587
 0.96587
 0.96587
 0.96587
 0.96587
 0.96587
 0.96587
 0.96587
 0.96587
 0.96587
 0.96587
 0.96587
 0.96587
 0.96587
 0.96587
 0.96587
 0.96587
 0.96587
 0.96587
 0.96587
 0.96587
 0.96587
 0.96587
 0.96587
 0.96587
 0.96587
 0.96587
 0.96587
 0.96587
 0.96587
 0.96587
 0.96587
 0.96587
 0.96587
 0.96587
 0.96587
 0.96587
 0.96587
 0.96587
 0.96587
 0.96587
 0.96587
 0.96587
 0.96587
 0.96587
 0.96587
 0.96587
 0.96587
 0.96587
 0.96587
 0.96587
 0.96587
 0.96587
 0.96587
 0.96587
 0.96587
 0.96587
 0.96587
 0.96587
 0.96587
 0.96587
 0.96587
 0.96587
 0.96587
 0.96587
 0.96587
 0.96587
 0.96587
 0.96587
 0.96587
 0.96587
 0.96587
 0.96587
