0.0116521
0.0150008
0.0159256
0.0161779
0.0162465
0.0162651
0.0162702
0.0162715
0.0162719
 0.016272
 0.016272
 0.016272
 0.016272
 0.016272
 0.016272
 0.016272
 0.016272
 0.016272
 0.016272
 0.016272
 0.016272
 0.016272
 0.016272
 0.016272
 0.016272
 0.016272
 0.016272
 0.016272
 0.016272
 0.016272
 0.016272
 0.016272
 0.016272
 0.016272
 0.016272
 0.016272
 0.016272
 0.016272
 0.016272
 0.016272
 0.016272
 0.016272
 0.016272
 0.016272
 0.016272
 0.016272
 0.016272
 0.016272
 0.016272
 0.016272
 0.016272
 0.016272
 0.016272
 0.016272
 0.016272
 0.016272
 0.016272
 0.016272
 0.016272
 0.016272
 0.016272
 0.016272
 0.016272
 0.016272
 0.016272
 0.016272
 0.016272
 0.016272
 0.016272
 0.016272
 0.016272
 0.016272
 0.016272
 0.016272
 0.016272
 0.016272
 0.016272
 0.016272
 0.016272
 0.016272
 0.016272
 0.016272
 0.016272
 0.016272
 0.016272
 0.016272
 0.016272
 0.016272
 0.016272
 0.016272
 0.016272
 0.016272
 0.016272
 0.016272
 0.016272
 0.016272
 0.016272
 0.016272
 0.016272
 0.016272
