18.3791
19.4472
19.5808
19.5975
19.5996
19.5998
19.5999
19.5999
19.5999
19.5999
19.5999
19.5999
19.5999
19.5999
19.5999
19.5999
19.5999
19.5999
19.5999
19.5999
19.5999
19.5999
19.5999
19.5999
19.5999
19.5999
19.5999
19.5999
19.5999
19.5999
19.5999
19.5999
19.5999
19.5999
19.5999
19.5999
19.5999
19.5999
19.5999
19.5999
19.5999
19.5999
19.5999
19.5999
19.5999
19.5999
19.5999
19.5999
19.5999
19.5999
19.5999
19.5999
19.5999
19.5999
19.5999
19.5999
19.5999
19.5999
19.5999
19.5999
19.5999
19.5999
19.5999
19.5999
19.5999
19.5999
19.5999
19.5999
19.5999
19.5999
19.5999
19.5999
19.5999
19.5999
19.5999
19.5999
19.5999
19.5999
19.5999
19.5999
19.5999
19.5999
19.5999
19.5999
19.5999
19.5999
19.5999
19.5999
19.5999
19.5999
19.5999
19.5999
19.5999
19.5999
19.5999
19.5999
19.5999
19.5999
19.5999
19.5999
