9.91236
9.90067
9.89918
  9.899
9.89897
9.89897
9.89897
9.89897
9.89897
9.89897
9.89897
9.89897
9.89897
9.89897
9.89897
9.89897
9.89897
9.89897
9.89897
9.89897
9.89897
9.89897
9.89897
9.89897
9.89897
9.89897
9.89897
9.89897
9.89897
9.89897
9.89897
9.89897
9.89897
9.89897
9.89897
9.89897
9.89897
9.89897
9.89897
9.89897
9.89897
9.89897
9.89897
9.89897
9.89897
9.89897
9.89897
9.89897
9.89897
9.89897
9.89897
9.89897
9.89897
9.89897
9.89897
9.89897
9.89897
9.89897
9.89897
9.89897
9.89897
9.89897
9.89897
9.89897
9.89897
9.89897
9.89897
9.89897
9.89897
9.89897
9.89897
9.89897
9.89897
9.89897
9.89897
9.89897
9.89897
9.89897
9.89897
9.89897
9.89897
9.89897
9.89897
9.89897
9.89897
9.89897
9.89897
9.89897
9.89897
9.89897
9.89897
9.89897
9.89897
9.89897
9.89897
9.89897
9.89897
9.89897
9.89897
9.89897
