0.982472
0.980133
0.979836
0.979799
0.979795
0.979794
0.979794
0.979794
0.979794
0.979794
0.979794
0.979794
0.979794
0.979794
0.979794
0.979794
0.979794
0.979794
0.979794
0.979794
0.979794
0.979794
0.979794
0.979794
0.979794
0.979794
0.979794
0.979794
0.979794
0.979794
0.979794
0.979794
0.979794
0.979794
0.979794
0.979794
0.979794
0.979794
0.979794
0.979794
0.979794
0.979794
0.979794
0.979794
0.979794
0.979794
0.979794
0.979794
0.979794
0.979794
0.979794
0.979794
0.979794
0.979794
0.979794
0.979794
0.979794
0.979794
0.979794
0.979794
0.979794
0.979794
0.979794
0.979794
0.979794
0.979794
0.979794
0.979794
0.979794
0.979794
0.979794
0.979794
0.979794
0.979794
0.979794
0.979794
0.979794
0.979794
0.979794
0.979794
0.979794
0.979794
0.979794
0.979794
0.979794
0.979794
0.979794
0.979794
0.979794
0.979794
0.979794
0.979794
0.979794
0.979794
0.979794
0.979794
0.979794
0.979794
0.979794
0.979794
