 0.0085523
0.00964299
0.00977944
0.00979646
0.00979858
0.00979884
0.00979888
0.00979888
0.00979888
0.00979888
0.00979888
0.00979888
0.00979888
0.00979888
0.00979888
0.00979888
0.00979888
0.00979888
0.00979888
0.00979888
0.00979888
0.00979888
0.00979888
0.00979888
0.00979888
0.00979888
0.00979888
0.00979888
0.00979888
0.00979888
0.00979888
0.00979888
0.00979888
0.00979888
0.00979888
0.00979888
0.00979888
0.00979888
0.00979888
0.00979888
0.00979888
0.00979888
0.00979888
0.00979888
0.00979888
0.00979888
0.00979888
0.00979888
0.00979888
0.00979888
0.00979888
0.00979888
0.00979888
0.00979888
0.00979888
0.00979888
0.00979888
0.00979888
0.00979888
0.00979888
0.00979888
0.00979888
0.00979888
0.00979888
0.00979888
0.00979888
0.00979888
0.00979888
0.00979888
0.00979888
0.00979888
0.00979888
0.00979888
0.00979888
0.00979888
0.00979888
0.00979888
0.00979888
0.00979888
0.00979888
0.00979888
0.00979888
0.00979888
0.00979888
0.00979888
0.00979888
0.00979888
0.00979888
0.00979888
0.00979888
0.00979888
0.00979888
0.00979888
0.00979888
0.00979888
0.00979888
0.00979888
0.00979888
0.00979888
0.00979888
