50.8974
152.896
199.686
126.413
75.5892
59.9838
62.4945
75.1543
 90.921
100.513
99.5815
92.8743
86.9123
84.4766
85.2416
87.5517
89.6287
90.4455
90.0488
89.1447
88.4263
88.1977
88.3806
88.7139
88.9608
89.0242
88.9439
88.8205
 88.737
88.7217
88.7553
88.8003
88.8283
88.8311
88.8174
88.8011
 88.792
88.7919
88.7973
88.8032
88.8061
88.8058
88.8037
88.8016
88.8007
88.8009
88.8017
88.8025
88.8027
88.8026
88.8023
88.8021
 88.802
 88.802
88.8022
88.8022
88.8023
88.8022
88.8022
88.8022
88.8022
88.8022
88.8022
88.8022
88.8022
88.8022
88.8022
88.8022
88.8022
88.8022
88.8022
88.8022
88.8022
88.8022
88.8022
88.8022
88.8022
88.8022
88.8022
88.8022
88.8022
88.8022
88.8022
88.8022
88.8022
88.8022
88.8022
88.8022
88.8022
88.8022
88.8022
88.8022
88.8022
88.8022
88.8022
88.8022
88.8022
88.8022
88.8022
88.8022
