9.55505
 8.0881
5.71805
4.68914
5.12022
5.87504
6.43018
6.64481
6.53896
6.26112
6.02392
5.94883
6.00903
6.11328
6.18883
6.20837
6.18366
6.14501
6.11867
6.11386
6.12442
6.13848
6.14719
6.14808
6.14381
6.13871
6.13584
6.13582
6.13752
6.13934
6.14027
6.14017
6.13951
6.13886
6.13857
6.13864
6.13889
6.13912
6.13921
6.13917
6.13908
  6.139
6.13897
6.13899
6.13902
6.13905
6.13906
6.13905
6.13904
6.13903
6.13903
6.13903
6.13904
6.13904
6.13904
6.13904
6.13904
6.13903
6.13903
6.13903
6.13904
6.13904
6.13904
6.13904
6.13904
6.13904
6.13904
6.13904
6.13904
6.13904
6.13904
6.13904
6.13904
6.13904
6.13904
6.13904
6.13904
6.13904
6.13904
6.13904
6.13904
6.13904
6.13904
6.13904
6.13904
6.13904
6.13904
6.13904
6.13904
6.13904
6.13904
6.13904
6.13904
6.13904
6.13904
6.13904
6.13904
6.13904
6.13904
6.13904
