  0.911011
  0.617619
  0.143609
-0.0621717
 0.0240443
  0.175007
  0.286036
  0.328962
  0.307791
  0.252223
  0.204784
  0.189766
  0.201806
  0.222657
  0.237765
  0.241675
  0.236731
  0.229002
  0.223734
  0.222772
  0.224883
  0.227696
  0.229437
  0.229615
  0.228761
  0.227743
  0.227168
  0.227164
  0.227504
  0.227868
  0.228054
  0.228034
  0.227901
  0.227772
  0.227713
  0.227728
  0.227779
  0.227824
  0.227842
  0.227834
  0.227815
  0.227799
  0.227794
  0.227798
  0.227805
   0.22781
  0.227812
   0.22781
  0.227808
  0.227806
  0.227805
  0.227806
  0.227807
  0.227808
  0.227808
  0.227807
  0.227807
  0.227807
  0.227807
  0.227807
  0.227807
  0.227807
  0.227807
  0.227807
  0.227807
  0.227807
  0.227807
  0.227807
  0.227807
  0.227807
  0.227807
  0.227807
  0.227807
  0.227807
  0.227807
  0.227807
  0.227807
  0.227807
  0.227807
  0.227807
  0.227807
  0.227807
  0.227807
  0.227807
  0.227807
  0.227807
  0.227807
  0.227807
  0.227807
  0.227807
  0.227807
  0.227807
  0.227807
  0.227807
  0.227807
  0.227807
  0.227807
  0.227807
  0.227807
  0.227807
