0.0417599
 0.146271
 0.195927
 0.122954
0.0711807
0.0546554
0.0566306
0.0692015
0.0852344
0.0952042
0.0945026
0.0878035
0.0817205
0.0791549
0.0798513
 0.082165
0.0842879
 0.085152
0.0847779
0.0838695
0.0831332
0.0828881
0.0830641
0.0833998
0.0836535
0.0837228
0.0836445
0.0835199
0.0834338
0.0834166
0.0834496
0.0834951
 0.083524
0.0835275
 0.083514
0.0834975
0.0834879
0.0834877
0.0834931
 0.083499
0.0835021
0.0835018
0.0834997
0.0834976
0.0834966
0.0834968
0.0834977
0.0834984
0.0834987
0.0834986
0.0834983
 0.083498
0.0834979
 0.083498
0.0834981
0.0834982
0.0834982
0.0834982
0.0834981
0.0834981
0.0834981
0.0834981
0.0834981
0.0834981
0.0834981
0.0834981
0.0834981
0.0834981
0.0834981
0.0834981
0.0834981
0.0834981
0.0834981
0.0834981
0.0834981
0.0834981
0.0834981
0.0834981
0.0834981
0.0834981
0.0834981
0.0834981
0.0834981
0.0834981
0.0834981
0.0834981
0.0834981
0.0834981
0.0834981
0.0834981
0.0834981
0.0834981
0.0834981
0.0834981
0.0834981
0.0834981
0.0834981
0.0834981
0.0834981
0.0834981
