 19.904
19.9024
19.9024
19.9024
19.9024
19.9024
19.9024
19.9024
19.9024
19.9024
19.9024
19.9024
19.9024
19.9024
19.9024
19.9024
19.9024
19.9024
19.9024
19.9024
19.9024
19.9024
19.9024
19.9024
19.9024
19.9024
19.9024
19.9024
19.9024
19.9024
19.9024
19.9024
19.9024
19.9024
19.9024
19.9024
19.9024
19.9024
19.9024
19.9024
19.9024
19.9024
19.9024
19.9024
19.9024
19.9024
19.9024
19.9024
19.9024
19.9024
19.9024
19.9024
19.9024
19.9024
19.9024
19.9024
19.9024
19.9024
19.9024
19.9024
19.9024
19.9024
19.9024
19.9024
19.9024
19.9024
19.9024
19.9024
19.9024
19.9024
19.9024
19.9024
19.9024
19.9024
19.9024
19.9024
19.9024
19.9024
19.9024
19.9024
19.9024
19.9024
19.9024
19.9024
19.9024
19.9024
19.9024
19.9024
19.9024
19.9024
19.9024
19.9024
19.9024
19.9024
19.9024
19.9024
19.9024
19.9024
19.9024
19.9024
