38.7413
39.0354
  39.04
  39.04
  39.04
  39.04
  39.04
  39.04
  39.04
  39.04
  39.04
  39.04
  39.04
  39.04
  39.04
  39.04
  39.04
  39.04
  39.04
  39.04
  39.04
  39.04
  39.04
  39.04
  39.04
  39.04
  39.04
  39.04
  39.04
  39.04
  39.04
  39.04
  39.04
  39.04
  39.04
  39.04
  39.04
  39.04
  39.04
  39.04
  39.04
  39.04
  39.04
  39.04
  39.04
  39.04
  39.04
  39.04
  39.04
  39.04
  39.04
  39.04
  39.04
  39.04
  39.04
  39.04
  39.04
  39.04
  39.04
  39.04
  39.04
  39.04
  39.04
  39.04
  39.04
  39.04
  39.04
  39.04
  39.04
  39.04
  39.04
  39.04
  39.04
  39.04
  39.04
  39.04
  39.04
  39.04
  39.04
  39.04
  39.04
  39.04
  39.04
  39.04
  39.04
  39.04
  39.04
  39.04
  39.04
  39.04
  39.04
  39.04
  39.04
  39.04
  39.04
  39.04
  39.04
  39.04
  39.04
  39.04
