0.990397
0.990242
 0.99024
 0.99024
 0.99024
 0.99024
 0.99024
 0.99024
 0.99024
 0.99024
 0.99024
 0.99024
 0.99024
 0.99024
 0.99024
 0.99024
 0.99024
 0.99024
 0.99024
 0.99024
 0.99024
 0.99024
 0.99024
 0.99024
 0.99024
 0.99024
 0.99024
 0.99024
 0.99024
 0.99024
 0.99024
 0.99024
 0.99024
 0.99024
 0.99024
 0.99024
 0.99024
 0.99024
 0.99024
 0.99024
 0.99024
 0.99024
 0.99024
 0.99024
 0.99024
 0.99024
 0.99024
 0.99024
 0.99024
 0.99024
 0.99024
 0.99024
 0.99024
 0.99024
 0.99024
 0.99024
 0.99024
 0.99024
 0.99024
 0.99024
 0.99024
 0.99024
 0.99024
 0.99024
 0.99024
 0.99024
 0.99024
 0.99024
 0.99024
 0.99024
 0.99024
 0.99024
 0.99024
 0.99024
 0.99024
 0.99024
 0.99024
 0.99024
 0.99024
 0.99024
 0.99024
 0.99024
 0.99024
 0.99024
 0.99024
 0.99024
 0.99024
 0.99024
 0.99024
 0.99024
 0.99024
 0.99024
 0.99024
 0.99024
 0.99024
 0.99024
 0.99024
 0.99024
 0.99024
 0.99024
