  0.004733
0.00480728
0.00480843
0.00480845
0.00480845
0.00480845
0.00480845
0.00480845
0.00480845
0.00480845
0.00480845
0.00480845
0.00480845
0.00480845
0.00480845
0.00480845
0.00480845
0.00480845
0.00480845
0.00480845
0.00480845
0.00480845
0.00480845
0.00480845
0.00480845
0.00480845
0.00480845
0.00480845
0.00480845
0.00480845
0.00480845
0.00480845
0.00480845
0.00480845
0.00480845
0.00480845
0.00480845
0.00480845
0.00480845
0.00480845
0.00480845
0.00480845
0.00480845
0.00480845
0.00480845
0.00480845
0.00480845
0.00480845
0.00480845
0.00480845
0.00480845
0.00480845
0.00480845
0.00480845
0.00480845
0.00480845
0.00480845
0.00480845
0.00480845
0.00480845
0.00480845
0.00480845
0.00480845
0.00480845
0.00480845
0.00480845
0.00480845
0.00480845
0.00480845
0.00480845
0.00480845
0.00480845
0.00480845
0.00480845
0.00480845
0.00480845
0.00480845
0.00480845
0.00480845
0.00480845
0.00480845
0.00480845
0.00480845
0.00480845
0.00480845
0.00480845
0.00480845
0.00480845
0.00480845
0.00480845
0.00480845
0.00480845
0.00480845
0.00480845
0.00480845
0.00480845
0.00480845
0.00480845
0.00480845
0.00480845
