9.74826
9.40324
9.02949
8.72773
8.55275
8.48345
8.46939
8.47346
8.47919
8.48245
8.48361
8.48377
8.48366
8.48354
8.48348
8.48346
8.48346
8.48347
8.48347
8.48347
8.48347
8.48347
8.48347
8.48347
8.48347
8.48347
8.48347
8.48347
8.48347
8.48347
8.48347
8.48347
8.48347
8.48347
8.48347
8.48347
8.48347
8.48347
8.48347
8.48347
8.48347
8.48347
8.48347
8.48347
8.48347
8.48347
8.48347
8.48347
8.48347
8.48347
8.48347
8.48347
8.48347
8.48347
8.48347
8.48347
8.48347
8.48347
8.48347
8.48347
8.48347
8.48347
8.48347
8.48347
8.48347
8.48347
8.48347
8.48347
8.48347
8.48347
8.48347
8.48347
8.48347
8.48347
8.48347
8.48347
8.48347
8.48347
8.48347
8.48347
8.48347
8.48347
8.48347
8.48347
8.48347
8.48347
8.48347
8.48347
8.48347
8.48347
8.48347
8.48347
8.48347
8.48347
8.48347
8.48347
8.48347
8.48347
8.48347
8.48347
