33.5496
62.3362
88.5166
104.895
111.357
112.391
111.771
111.123
110.788
110.681
110.672
110.687
  110.7
110.706
110.707
110.707
110.707
110.707
110.707
110.707
110.707
110.707
110.707
110.707
110.707
110.707
110.707
110.707
110.707
110.707
110.707
110.707
110.707
110.707
110.707
110.707
110.707
110.707
110.707
110.707
110.707
110.707
110.707
110.707
110.707
110.707
110.707
110.707
110.707
110.707
110.707
110.707
110.707
110.707
110.707
110.707
110.707
110.707
110.707
110.707
110.707
110.707
110.707
110.707
110.707
110.707
110.707
110.707
110.707
110.707
110.707
110.707
110.707
110.707
110.707
110.707
110.707
110.707
110.707
110.707
110.707
110.707
110.707
110.707
110.707
110.707
110.707
110.707
110.707
110.707
110.707
110.707
110.707
110.707
110.707
110.707
110.707
110.707
110.707
110.707
