0.949652
0.880647
0.805898
0.745546
 0.71055
0.696689
0.693879
0.694693
0.695839
0.696489
0.696721
0.696755
0.696732
0.696709
0.696697
0.696693
0.696692
0.696693
0.696693
0.696694
0.696694
0.696694
0.696694
0.696694
0.696694
0.696694
0.696694
0.696694
0.696694
0.696694
0.696694
0.696694
0.696694
0.696694
0.696694
0.696694
0.696694
0.696694
0.696694
0.696694
0.696694
0.696694
0.696694
0.696694
0.696694
0.696694
0.696694
0.696694
0.696694
0.696694
0.696694
0.696694
0.696694
0.696694
0.696694
0.696694
0.696694
0.696694
0.696694
0.696694
0.696694
0.696694
0.696694
0.696694
0.696694
0.696694
0.696694
0.696694
0.696694
0.696694
0.696694
0.696694
0.696694
0.696694
0.696694
0.696694
0.696694
0.696694
0.696694
0.696694
0.696694
0.696694
0.696694
0.696694
0.696694
0.696694
0.696694
0.696694
0.696694
0.696694
0.696694
0.696694
0.696694
0.696694
0.696694
0.696694
0.696694
0.696694
0.696694
0.696694
