0.0240418
0.0534676
0.0802901
0.0971391
 0.103843
 0.104957
 0.104345
 0.103686
 0.103342
 0.103231
  0.10322
 0.103236
 0.103249
 0.103255
 0.103257
 0.103257
 0.103256
 0.103256
 0.103256
 0.103256
 0.103256
 0.103256
 0.103256
 0.103256
 0.103256
 0.103256
 0.103256
 0.103256
 0.103256
 0.103256
 0.103256
 0.103256
 0.103256
 0.103256
 0.103256
 0.103256
 0.103256
 0.103256
 0.103256
 0.103256
 0.103256
 0.103256
 0.103256
 0.103256
 0.103256
 0.103256
 0.103256
 0.103256
 0.103256
 0.103256
 0.103256
 0.103256
 0.103256
 0.103256
 0.103256
 0.103256
 0.103256
 0.103256
 0.103256
 0.103256
 0.103256
 0.103256
 0.103256
 0.103256
 0.103256
 0.103256
 0.103256
 0.103256
 0.103256
 0.103256
 0.103256
 0.103256
 0.103256
 0.103256
 0.103256
 0.103256
 0.103256
 0.103256
 0.103256
 0.103256
 0.103256
 0.103256
 0.103256
 0.103256
 0.103256
 0.103256
 0.103256
 0.103256
 0.103256
 0.103256
 0.103256
 0.103256
 0.103256
 0.103256
 0.103256
 0.103256
 0.103256
 0.103256
 0.103256
 0.103256
