43.2762
109.906
167.465
159.675
130.005
114.674
113.186
117.899
122.547
124.309
123.738
122.569
121.886
121.822
122.051
 122.26
122.331
122.301
122.249
122.219
122.218
122.228
122.237
 122.24
122.239
122.236
122.235
122.235
122.236
122.236
122.236
122.236
122.236
122.236
122.236
122.236
122.236
122.236
122.236
122.236
122.236
122.236
122.236
122.236
122.236
122.236
122.236
122.236
122.236
122.236
122.236
122.236
122.236
122.236
122.236
122.236
122.236
122.236
122.236
122.236
122.236
122.236
122.236
122.236
122.236
122.236
122.236
122.236
122.236
122.236
122.236
122.236
122.236
122.236
122.236
122.236
122.236
122.236
122.236
122.236
122.236
122.236
122.236
122.236
122.236
122.236
122.236
122.236
122.236
122.236
122.236
122.236
122.236
122.236
122.236
122.236
122.236
122.236
122.236
122.236
