9.64061
8.76585
7.44949
 6.5897
6.55658
6.84717
7.06905
7.13063
7.08859
 7.0281
6.99733
6.99799
7.01107
7.02112
7.02371
7.02164
7.01893
7.01763
7.01772
7.01832
7.01876
7.01886
7.01876
7.01864
7.01859
7.01859
7.01862
7.01864
7.01864
7.01864
7.01863
7.01863
7.01863
7.01863
7.01863
7.01863
7.01863
7.01863
7.01863
7.01863
7.01863
7.01863
7.01863
7.01863
7.01863
7.01863
7.01863
7.01863
7.01863
7.01863
7.01863
7.01863
7.01863
7.01863
7.01863
7.01863
7.01863
7.01863
7.01863
7.01863
7.01863
7.01863
7.01863
7.01863
7.01863
7.01863
7.01863
7.01863
7.01863
7.01863
7.01863
7.01863
7.01863
7.01863
7.01863
7.01863
7.01863
7.01863
7.01863
7.01863
7.01863
7.01863
7.01863
7.01863
7.01863
7.01863
7.01863
7.01863
7.01863
7.01863
7.01863
7.01863
7.01863
7.01863
7.01863
7.01863
7.01863
7.01863
7.01863
7.01863
