0.928122
 0.75317
0.489898
 0.31794
0.311316
0.369434
0.413811
0.426125
0.417719
 0.40562
0.399465
0.399597
0.402213
0.404223
0.404743
0.404328
0.403786
0.403527
0.403544
0.403664
0.403752
0.403773
0.403753
0.403728
0.403718
0.403719
0.403724
0.403728
0.403729
0.403728
0.403727
0.403726
0.403727
0.403727
0.403727
0.403727
0.403727
0.403727
0.403727
0.403727
0.403727
0.403727
0.403727
0.403727
0.403727
0.403727
0.403727
0.403727
0.403727
0.403727
0.403727
0.403727
0.403727
0.403727
0.403727
0.403727
0.403727
0.403727
0.403727
0.403727
0.403727
0.403727
0.403727
0.403727
0.403727
0.403727
0.403727
0.403727
0.403727
0.403727
0.403727
0.403727
0.403727
0.403727
0.403727
0.403727
0.403727
0.403727
0.403727
0.403727
0.403727
0.403727
0.403727
0.403727
0.403727
0.403727
0.403727
0.403727
0.403727
0.403727
0.403727
0.403727
0.403727
0.403727
0.403727
0.403727
0.403727
0.403727
0.403727
0.403727
