0.0339753
 0.102161
 0.161632
 0.154632
 0.124695
 0.108916
 0.107188
 0.111887
 0.116625
 0.118466
  0.11792
 0.116739
 0.116035
 0.115961
  0.11619
 0.116402
 0.116477
 0.116448
 0.116395
 0.116365
 0.116362
 0.116373
 0.116382
 0.116386
 0.116384
 0.116382
  0.11638
  0.11638
 0.116381
 0.116381
 0.116381
 0.116381
 0.116381
 0.116381
 0.116381
 0.116381
 0.116381
 0.116381
 0.116381
 0.116381
 0.116381
 0.116381
 0.116381
 0.116381
 0.116381
 0.116381
 0.116381
 0.116381
 0.116381
 0.116381
 0.116381
 0.116381
 0.116381
 0.116381
 0.116381
 0.116381
 0.116381
 0.116381
 0.116381
 0.116381
 0.116381
 0.116381
 0.116381
 0.116381
 0.116381
 0.116381
 0.116381
 0.116381
 0.116381
 0.116381
 0.116381
 0.116381
 0.116381
 0.116381
 0.116381
 0.116381
 0.116381
 0.116381
 0.116381
 0.116381
 0.116381
 0.116381
 0.116381
 0.116381
 0.116381
 0.116381
 0.116381
 0.116381
 0.116381
 0.116381
 0.116381
 0.116381
 0.116381
 0.116381
 0.116381
 0.116381
 0.116381
 0.116381
 0.116381
 0.116381
