9.70696
9.18834
8.52164
7.98801
7.76763
7.76618
7.82493
7.86578
7.87839
7.87598
7.87074
7.86768
7.86696
7.86731
7.86776
7.86798
7.86801
7.86797
7.86793
7.86792
7.86792
7.86792
7.86792
7.86792
7.86792
7.86792
7.86792
7.86792
7.86792
7.86792
7.86792
7.86792
7.86792
7.86792
7.86792
7.86792
7.86792
7.86792
7.86792
7.86792
7.86792
7.86792
7.86792
7.86792
7.86792
7.86792
7.86792
7.86792
7.86792
7.86792
7.86792
7.86792
7.86792
7.86792
7.86792
7.86792
7.86792
7.86792
7.86792
7.86792
7.86792
7.86792
7.86792
7.86792
7.86792
7.86792
7.86792
7.86792
7.86792
7.86792
7.86792
7.86792
7.86792
7.86792
7.86792
7.86792
7.86792
7.86792
7.86792
7.86792
7.86792
7.86792
7.86792
7.86792
7.86792
7.86792
7.86792
7.86792
7.86792
7.86792
7.86792
7.86792
7.86792
7.86792
7.86792
7.86792
7.86792
7.86792
7.86792
7.86792
