37.3002
79.2145
119.857
 137.74
135.775
 129.32
125.553
124.655
125.048
125.579
125.849
125.892
125.848
125.804
125.785
125.784
125.789
125.792
125.793
125.793
125.793
125.792
125.792
125.792
125.792
125.792
125.792
125.792
125.792
125.792
125.792
125.792
125.792
125.792
125.792
125.792
125.792
125.792
125.792
125.792
125.792
125.792
125.792
125.792
125.792
125.792
125.792
125.792
125.792
125.792
125.792
125.792
125.792
125.792
125.792
125.792
125.792
125.792
125.792
125.792
125.792
125.792
125.792
125.792
125.792
125.792
125.792
125.792
125.792
125.792
125.792
125.792
125.792
125.792
125.792
125.792
125.792
125.792
125.792
125.792
125.792
125.792
125.792
125.792
125.792
125.792
125.792
125.792
125.792
125.792
125.792
125.792
125.792
125.792
125.792
125.792
125.792
125.792
125.792
125.792
