0.941392
0.837668
0.704329
0.597601
0.553526
0.553237
0.564987
0.573157
0.575678
0.575197
0.574148
0.573536
0.573393
0.573462
0.573551
0.573595
0.573602
0.573594
0.573587
0.573584
0.573583
0.573584
0.573585
0.573585
0.573585
0.573585
0.573585
0.573585
0.573585
0.573585
0.573585
0.573585
0.573585
0.573585
0.573585
0.573585
0.573585
0.573585
0.573585
0.573585
0.573585
0.573585
0.573585
0.573585
0.573585
0.573585
0.573585
0.573585
0.573585
0.573585
0.573585
0.573585
0.573585
0.573585
0.573585
0.573585
0.573585
0.573585
0.573585
0.573585
0.573585
0.573585
0.573585
0.573585
0.573585
0.573585
0.573585
0.573585
0.573585
0.573585
0.573585
0.573585
0.573585
0.573585
0.573585
0.573585
0.573585
0.573585
0.573585
0.573585
0.573585
0.573585
0.573585
0.573585
0.573585
0.573585
0.573585
0.573585
0.573585
0.573585
0.573585
0.573585
0.573585
0.573585
0.573585
0.573585
0.573585
0.573585
0.573585
0.573585
