 0.027872
0.0707335
  0.11246
 0.131062
   0.1293
 0.122781
 0.118917
 0.117969
 0.118353
 0.118892
  0.11917
 0.119217
 0.119172
 0.119128
 0.119108
 0.119107
 0.119112
 0.119115
 0.119116
 0.119116
 0.119116
 0.119116
 0.119116
 0.119116
 0.119116
 0.119116
 0.119116
 0.119116
 0.119116
 0.119116
 0.119116
 0.119116
 0.119116
 0.119116
 0.119116
 0.119116
 0.119116
 0.119116
 0.119116
 0.119116
 0.119116
 0.119116
 0.119116
 0.119116
 0.119116
 0.119116
 0.119116
 0.119116
 0.119116
 0.119116
 0.119116
 0.119116
 0.119116
 0.119116
 0.119116
 0.119116
 0.119116
 0.119116
 0.119116
 0.119116
 0.119116
 0.119116
 0.119116
 0.119116
 0.119116
 0.119116
 0.119116
 0.119116
 0.119116
 0.119116
 0.119116
 0.119116
 0.119116
 0.119116
 0.119116
 0.119116
 0.119116
 0.119116
 0.119116
 0.119116
 0.119116
 0.119116
 0.119116
 0.119116
 0.119116
 0.119116
 0.119116
 0.119116
 0.119116
 0.119116
 0.119116
 0.119116
 0.119116
 0.119116
 0.119116
 0.119116
 0.119116
 0.119116
 0.119116
 0.119116
