474.427
909.709
650.851
699.665
710.904
700.452
 703.16
703.403
 702.97
703.109
703.108
703.091
703.098
703.098
703.097
703.097
703.097
703.097
703.097
703.097
703.097
703.097
703.097
703.097
703.097
703.097
703.097
703.097
703.097
703.097
703.097
703.097
703.097
703.097
703.097
703.097
703.097
703.097
703.097
703.097
703.097
703.097
703.097
703.097
703.097
703.097
703.097
703.097
703.097
703.097
703.097
703.097
703.097
703.097
703.097
703.097
703.097
703.097
703.097
703.097
703.097
703.097
703.097
703.097
703.097
703.097
703.097
703.097
703.097
703.097
703.097
703.097
703.097
703.097
703.097
703.097
703.097
703.097
703.097
703.097
703.097
703.097
703.097
703.097
703.097
703.097
703.097
703.097
703.097
703.097
703.097
703.097
703.097
703.097
703.097
703.097
703.097
703.097
703.097
703.097
