21.8449
15.9697
  16.82
17.1688
16.9127
16.9663
16.9772
16.9662
16.9691
16.9693
16.9689
 16.969
 16.969
 16.969
 16.969
 16.969
 16.969
 16.969
 16.969
 16.969
 16.969
 16.969
 16.969
 16.969
 16.969
 16.969
 16.969
 16.969
 16.969
 16.969
 16.969
 16.969
 16.969
 16.969
 16.969
 16.969
 16.969
 16.969
 16.969
 16.969
 16.969
 16.969
 16.969
 16.969
 16.969
 16.969
 16.969
 16.969
 16.969
 16.969
 16.969
 16.969
 16.969
 16.969
 16.969
 16.969
 16.969
 16.969
 16.969
 16.969
 16.969
 16.969
 16.969
 16.969
 16.969
 16.969
 16.969
 16.969
 16.969
 16.969
 16.969
 16.969
 16.969
 16.969
 16.969
 16.969
 16.969
 16.969
 16.969
 16.969
 16.969
 16.969
 16.969
 16.969
 16.969
 16.969
 16.969
 16.969
 16.969
 16.969
 16.969
 16.969
 16.969
 16.969
 16.969
 16.969
 16.969
 16.969
 16.969
 16.969
