0.820408
0.330805
 0.40167
0.430737
0.409388
0.413859
0.414764
0.413849
0.414094
0.414112
0.414074
0.414087
0.414087
0.414085
0.414086
0.414086
0.414086
0.414086
0.414086
0.414086
0.414086
0.414086
0.414086
0.414086
0.414086
0.414086
0.414086
0.414086
0.414086
0.414086
0.414086
0.414086
0.414086
0.414086
0.414086
0.414086
0.414086
0.414086
0.414086
0.414086
0.414086
0.414086
0.414086
0.414086
0.414086
0.414086
0.414086
0.414086
0.414086
0.414086
0.414086
0.414086
0.414086
0.414086
0.414086
0.414086
0.414086
0.414086
0.414086
0.414086
0.414086
0.414086
0.414086
0.414086
0.414086
0.414086
0.414086
0.414086
0.414086
0.414086
0.414086
0.414086
0.414086
0.414086
0.414086
0.414086
0.414086
0.414086
0.414086
0.414086
0.414086
0.414086
0.414086
0.414086
0.414086
0.414086
0.414086
0.414086
0.414086
0.414086
0.414086
0.414086
0.414086
0.414086
0.414086
0.414086
0.414086
0.414086
0.414086
0.414086
