0.0789021
 0.155812
 0.110535
 0.118985
 0.120989
 0.119157
 0.119627
 0.119672
 0.119596
  0.11962
  0.11962
 0.119617
 0.119618
 0.119618
 0.119618
 0.119618
 0.119618
 0.119618
 0.119618
 0.119618
 0.119618
 0.119618
 0.119618
 0.119618
 0.119618
 0.119618
 0.119618
 0.119618
 0.119618
 0.119618
 0.119618
 0.119618
 0.119618
 0.119618
 0.119618
 0.119618
 0.119618
 0.119618
 0.119618
 0.119618
 0.119618
 0.119618
 0.119618
 0.119618
 0.119618
 0.119618
 0.119618
 0.119618
 0.119618
 0.119618
 0.119618
 0.119618
 0.119618
 0.119618
 0.119618
 0.119618
 0.119618
 0.119618
 0.119618
 0.119618
 0.119618
 0.119618
 0.119618
 0.119618
 0.119618
 0.119618
 0.119618
 0.119618
 0.119618
 0.119618
 0.119618
 0.119618
 0.119618
 0.119618
 0.119618
 0.119618
 0.119618
 0.119618
 0.119618
 0.119618
 0.119618
 0.119618
 0.119618
 0.119618
 0.119618
 0.119618
 0.119618
 0.119618
 0.119618
 0.119618
 0.119618
 0.119618
 0.119618
 0.119618
 0.119618
 0.119618
 0.119618
 0.119618
 0.119618
 0.119618
