 31.264
 53.171
71.3041
83.2144
89.4937
92.2016
93.1565
93.4138
93.4477
93.4314
93.4141
93.4043
93.3999
93.3983
93.3978
93.3977
93.3977
93.3977
93.3978
93.3978
93.3978
93.3978
93.3978
93.3978
93.3978
93.3978
93.3978
93.3978
93.3978
93.3978
93.3978
93.3978
93.3978
93.3978
93.3978
93.3978
93.3978
93.3978
93.3978
93.3978
93.3978
93.3978
93.3978
93.3978
93.3978
93.3978
93.3978
93.3978
93.3978
93.3978
93.3978
93.3978
93.3978
93.3978
93.3978
93.3978
93.3978
93.3978
93.3978
93.3978
93.3978
93.3978
93.3978
93.3978
93.3978
93.3978
93.3978
93.3978
93.3978
93.3978
93.3978
93.3978
93.3978
93.3978
93.3978
93.3978
93.3978
93.3978
93.3978
93.3978
93.3978
93.3978
93.3978
93.3978
93.3978
93.3978
93.3978
93.3978
93.3978
93.3978
93.3978
93.3978
93.3978
93.3978
93.3978
93.3978
93.3978
93.3978
93.3978
93.3978
