 9.7733
9.51527
9.27273
9.08753
8.97222
8.91273
8.88691
8.87752
8.87482
8.87435
8.87444
8.87458
8.87466
 8.8747
8.87472
8.87473
8.87473
8.87473
8.87473
8.87473
8.87473
8.87473
8.87473
8.87473
8.87473
8.87473
8.87473
8.87473
8.87473
8.87473
8.87473
8.87473
8.87473
8.87473
8.87473
8.87473
8.87473
8.87473
8.87473
8.87473
8.87473
8.87473
8.87473
8.87473
8.87473
8.87473
8.87473
8.87473
8.87473
8.87473
8.87473
8.87473
8.87473
8.87473
8.87473
8.87473
8.87473
8.87473
8.87473
8.87473
8.87473
8.87473
8.87473
8.87473
8.87473
8.87473
8.87473
8.87473
8.87473
8.87473
8.87473
8.87473
8.87473
8.87473
8.87473
8.87473
8.87473
8.87473
8.87473
8.87473
8.87473
8.87473
8.87473
8.87473
8.87473
8.87473
8.87473
8.87473
8.87473
8.87473
8.87473
8.87473
8.87473
8.87473
8.87473
8.87473
8.87473
8.87473
8.87473
8.87473
