 0.95466
0.903053
0.854546
0.817505
0.794444
0.782545
0.777381
0.775504
0.774963
0.774869
0.774888
0.774915
0.774933
0.774941
0.774944
0.774945
0.774945
0.774945
0.774945
0.774945
0.774945
0.774945
0.774945
0.774945
0.774945
0.774945
0.774945
0.774945
0.774945
0.774945
0.774945
0.774945
0.774945
0.774945
0.774945
0.774945
0.774945
0.774945
0.774945
0.774945
0.774945
0.774945
0.774945
0.774945
0.774945
0.774945
0.774945
0.774945
0.774945
0.774945
0.774945
0.774945
0.774945
0.774945
0.774945
0.774945
0.774945
0.774945
0.774945
0.774945
0.774945
0.774945
0.774945
0.774945
0.774945
0.774945
0.774945
0.774945
0.774945
0.774945
0.774945
0.774945
0.774945
0.774945
0.774945
0.774945
0.774945
0.774945
0.774945
0.774945
0.774945
0.774945
0.774945
0.774945
0.774945
0.774945
0.774945
0.774945
0.774945
0.774945
0.774945
0.774945
0.774945
0.774945
0.774945
0.774945
0.774945
0.774945
0.774945
0.774945
