0.0217078
0.0440967
0.0626579
0.0748756
0.0813348
0.0841302
0.0851209
0.0853902
0.0854272
0.0854111
0.0853936
0.0853836
 0.085379
0.0853773
0.0853768
0.0853768
0.0853768
0.0853768
0.0853768
0.0853768
0.0853768
0.0853768
0.0853768
0.0853768
0.0853768
0.0853768
0.0853768
0.0853768
0.0853768
0.0853768
0.0853768
0.0853768
0.0853768
0.0853768
0.0853768
0.0853768
0.0853768
0.0853768
0.0853768
0.0853768
0.0853768
0.0853768
0.0853768
0.0853768
0.0853768
0.0853768
0.0853768
0.0853768
0.0853768
0.0853768
0.0853768
0.0853768
0.0853768
0.0853768
0.0853768
0.0853768
0.0853768
0.0853768
0.0853768
0.0853768
0.0853768
0.0853768
0.0853768
0.0853768
0.0853768
0.0853768
0.0853768
0.0853768
0.0853768
0.0853768
0.0853768
0.0853768
0.0853768
0.0853768
0.0853768
0.0853768
0.0853768
0.0853768
0.0853768
0.0853768
0.0853768
0.0853768
0.0853768
0.0853768
0.0853768
0.0853768
0.0853768
0.0853768
0.0853768
0.0853768
0.0853768
0.0853768
0.0853768
0.0853768
0.0853768
0.0853768
0.0853768
0.0853768
0.0853768
0.0853768
