9.89496
 9.8721
9.86742
9.86647
9.86629
9.86625
9.86624
9.86624
9.86624
9.86624
9.86624
9.86624
9.86624
9.86624
9.86624
9.86624
9.86624
9.86624
9.86624
9.86624
9.86624
9.86624
9.86624
9.86624
9.86624
9.86624
9.86624
9.86624
9.86624
9.86624
9.86624
9.86624
9.86624
9.86624
9.86624
9.86624
9.86624
9.86624
9.86624
9.86624
9.86624
9.86624
9.86624
9.86624
9.86624
9.86624
9.86624
9.86624
9.86624
9.86624
9.86624
9.86624
9.86624
9.86624
9.86624
9.86624
9.86624
9.86624
9.86624
9.86624
9.86624
9.86624
9.86624
9.86624
9.86624
9.86624
9.86624
9.86624
9.86624
9.86624
9.86624
9.86624
9.86624
9.86624
9.86624
9.86624
9.86624
9.86624
9.86624
9.86624
9.86624
9.86624
9.86624
9.86624
9.86624
9.86624
9.86624
9.86624
9.86624
9.86624
9.86624
9.86624
9.86624
9.86624
9.86624
9.86624
9.86624
9.86624
9.86624
9.86624
