20.0117
22.0844
22.5014
22.5847
22.6014
22.6047
22.6054
22.6055
22.6055
22.6055
22.6055
22.6055
22.6055
22.6055
22.6055
22.6055
22.6055
22.6055
22.6055
22.6055
22.6055
22.6055
22.6055
22.6055
22.6055
22.6055
22.6055
22.6055
22.6055
22.6055
22.6055
22.6055
22.6055
22.6055
22.6055
22.6055
22.6055
22.6055
22.6055
22.6055
22.6055
22.6055
22.6055
22.6055
22.6055
22.6055
22.6055
22.6055
22.6055
22.6055
22.6055
22.6055
22.6055
22.6055
22.6055
22.6055
22.6055
22.6055
22.6055
22.6055
22.6055
22.6055
22.6055
22.6055
22.6055
22.6055
22.6055
22.6055
22.6055
22.6055
22.6055
22.6055
22.6055
22.6055
22.6055
22.6055
22.6055
22.6055
22.6055
22.6055
22.6055
22.6055
22.6055
22.6055
22.6055
22.6055
22.6055
22.6055
22.6055
22.6055
22.6055
22.6055
22.6055
22.6055
22.6055
22.6055
22.6055
22.6055
22.6055
22.6055
