0.978992
 0.97442
0.973483
0.973295
0.973257
 0.97325
0.973248
0.973248
0.973248
0.973248
0.973248
0.973248
0.973248
0.973248
0.973248
0.973248
0.973248
0.973248
0.973248
0.973248
0.973248
0.973248
0.973248
0.973248
0.973248
0.973248
0.973248
0.973248
0.973248
0.973248
0.973248
0.973248
0.973248
0.973248
0.973248
0.973248
0.973248
0.973248
0.973248
0.973248
0.973248
0.973248
0.973248
0.973248
0.973248
0.973248
0.973248
0.973248
0.973248
0.973248
0.973248
0.973248
0.973248
0.973248
0.973248
0.973248
0.973248
0.973248
0.973248
0.973248
0.973248
0.973248
0.973248
0.973248
0.973248
0.973248
0.973248
0.973248
0.973248
0.973248
0.973248
0.973248
0.973248
0.973248
0.973248
0.973248
0.973248
0.973248
0.973248
0.973248
0.973248
0.973248
0.973248
0.973248
0.973248
0.973248
0.973248
0.973248
0.973248
0.973248
0.973248
0.973248
0.973248
0.973248
0.973248
0.973248
0.973248
0.973248
0.973248
0.973248
