 0.010219
0.0123357
0.0127616
0.0128467
0.0128637
0.0128671
0.0128678
0.0128679
 0.012868
 0.012868
 0.012868
 0.012868
 0.012868
 0.012868
 0.012868
 0.012868
 0.012868
 0.012868
 0.012868
 0.012868
 0.012868
 0.012868
 0.012868
 0.012868
 0.012868
 0.012868
 0.012868
 0.012868
 0.012868
 0.012868
 0.012868
 0.012868
 0.012868
 0.012868
 0.012868
 0.012868
 0.012868
 0.012868
 0.012868
 0.012868
 0.012868
 0.012868
 0.012868
 0.012868
 0.012868
 0.012868
 0.012868
 0.012868
 0.012868
 0.012868
 0.012868
 0.012868
 0.012868
 0.012868
 0.012868
 0.012868
 0.012868
 0.012868
 0.012868
 0.012868
 0.012868
 0.012868
 0.012868
 0.012868
 0.012868
 0.012868
 0.012868
 0.012868
 0.012868
 0.012868
 0.012868
 0.012868
 0.012868
 0.012868
 0.012868
 0.012868
 0.012868
 0.012868
 0.012868
 0.012868
 0.012868
 0.012868
 0.012868
 0.012868
 0.012868
 0.012868
 0.012868
 0.012868
 0.012868
 0.012868
 0.012868
 0.012868
 0.012868
 0.012868
 0.012868
 0.012868
 0.012868
 0.012868
 0.012868
 0.012868
