9.91355
9.90246
9.90111
9.90095
9.90093
9.90092
9.90092
9.90092
9.90092
9.90092
9.90092
9.90092
9.90092
9.90092
9.90092
9.90092
9.90092
9.90092
9.90092
9.90092
9.90092
9.90092
9.90092
9.90092
9.90092
9.90092
9.90092
9.90092
9.90092
9.90092
9.90092
9.90092
9.90092
9.90092
9.90092
9.90092
9.90092
9.90092
9.90092
9.90092
9.90092
9.90092
9.90092
9.90092
9.90092
9.90092
9.90092
9.90092
9.90092
9.90092
9.90092
9.90092
9.90092
9.90092
9.90092
9.90092
9.90092
9.90092
9.90092
9.90092
9.90092
9.90092
9.90092
9.90092
9.90092
9.90092
9.90092
9.90092
9.90092
9.90092
9.90092
9.90092
9.90092
9.90092
9.90092
9.90092
9.90092
9.90092
9.90092
9.90092
9.90092
9.90092
9.90092
9.90092
9.90092
9.90092
9.90092
9.90092
9.90092
9.90092
9.90092
9.90092
9.90092
9.90092
9.90092
9.90092
9.90092
9.90092
9.90092
9.90092
