18.2668
19.2803
19.4023
 19.417
19.4187
19.4189
 19.419
 19.419
 19.419
 19.419
 19.419
 19.419
 19.419
 19.419
 19.419
 19.419
 19.419
 19.419
 19.419
 19.419
 19.419
 19.419
 19.419
 19.419
 19.419
 19.419
 19.419
 19.419
 19.419
 19.419
 19.419
 19.419
 19.419
 19.419
 19.419
 19.419
 19.419
 19.419
 19.419
 19.419
 19.419
 19.419
 19.419
 19.419
 19.419
 19.419
 19.419
 19.419
 19.419
 19.419
 19.419
 19.419
 19.419
 19.419
 19.419
 19.419
 19.419
 19.419
 19.419
 19.419
 19.419
 19.419
 19.419
 19.419
 19.419
 19.419
 19.419
 19.419
 19.419
 19.419
 19.419
 19.419
 19.419
 19.419
 19.419
 19.419
 19.419
 19.419
 19.419
 19.419
 19.419
 19.419
 19.419
 19.419
 19.419
 19.419
 19.419
 19.419
 19.419
 19.419
 19.419
 19.419
 19.419
 19.419
 19.419
 19.419
 19.419
 19.419
 19.419
 19.419
