0.982711
0.980492
0.980222
0.980189
0.980185
0.980185
0.980185
0.980185
0.980185
0.980185
0.980185
0.980185
0.980185
0.980185
0.980185
0.980185
0.980185
0.980185
0.980185
0.980185
0.980185
0.980185
0.980185
0.980185
0.980185
0.980185
0.980185
0.980185
0.980185
0.980185
0.980185
0.980185
0.980185
0.980185
0.980185
0.980185
0.980185
0.980185
0.980185
0.980185
0.980185
0.980185
0.980185
0.980185
0.980185
0.980185
0.980185
0.980185
0.980185
0.980185
0.980185
0.980185
0.980185
0.980185
0.980185
0.980185
0.980185
0.980185
0.980185
0.980185
0.980185
0.980185
0.980185
0.980185
0.980185
0.980185
0.980185
0.980185
0.980185
0.980185
0.980185
0.980185
0.980185
0.980185
0.980185
0.980185
0.980185
0.980185
0.980185
0.980185
0.980185
0.980185
0.980185
0.980185
0.980185
0.980185
0.980185
0.980185
0.980185
0.980185
0.980185
0.980185
0.980185
0.980185
0.980185
0.980185
0.980185
0.980185
0.980185
0.980185
