0.00843758
0.00947257
0.00959718
0.00961214
0.00961393
0.00961415
0.00961418
0.00961418
0.00961418
0.00961418
0.00961418
0.00961418
0.00961418
0.00961418
0.00961418
0.00961418
0.00961418
0.00961418
0.00961418
0.00961418
0.00961418
0.00961418
0.00961418
0.00961418
0.00961418
0.00961418
0.00961418
0.00961418
0.00961418
0.00961418
0.00961418
0.00961418
0.00961418
0.00961418
0.00961418
0.00961418
0.00961418
0.00961418
0.00961418
0.00961418
0.00961418
0.00961418
0.00961418
0.00961418
0.00961418
0.00961418
0.00961418
0.00961418
0.00961418
0.00961418
0.00961418
0.00961418
0.00961418
0.00961418
0.00961418
0.00961418
0.00961418
0.00961418
0.00961418
0.00961418
0.00961418
0.00961418
0.00961418
0.00961418
0.00961418
0.00961418
0.00961418
0.00961418
0.00961418
0.00961418
0.00961418
0.00961418
0.00961418
0.00961418
0.00961418
0.00961418
0.00961418
0.00961418
0.00961418
0.00961418
0.00961418
0.00961418
0.00961418
0.00961418
0.00961418
0.00961418
0.00961418
0.00961418
0.00961418
0.00961418
0.00961418
0.00961418
0.00961418
0.00961418
0.00961418
0.00961418
0.00961418
0.00961418
0.00961418
0.00961418
