28.1716
42.2637
51.7755
57.5225
60.7289
 62.426
63.2955
63.7324
63.9497
 64.057
64.1099
64.1359
64.1486
64.1549
 64.158
64.1595
64.1602
64.1606
64.1608
64.1609
64.1609
64.1609
64.1609
64.1609
64.1609
64.1609
64.1609
64.1609
64.1609
64.1609
64.1609
64.1609
64.1609
64.1609
64.1609
64.1609
64.1609
64.1609
64.1609
64.1609
64.1609
64.1609
64.1609
64.1609
64.1609
64.1609
64.1609
64.1609
64.1609
64.1609
64.1609
64.1609
64.1609
64.1609
64.1609
64.1609
64.1609
64.1609
64.1609
64.1609
64.1609
64.1609
64.1609
64.1609
64.1609
64.1609
64.1609
64.1609
64.1609
64.1609
64.1609
64.1609
64.1609
64.1609
64.1609
64.1609
64.1609
64.1609
64.1609
64.1609
64.1609
64.1609
64.1609
64.1609
64.1609
64.1609
64.1609
64.1609
64.1609
64.1609
64.1609
64.1609
64.1609
64.1609
64.1609
64.1609
64.1609
64.1609
64.1609
64.1609
