9.80701
9.64452
9.52577
9.44885
9.40349
9.37849
9.36533
9.35861
9.35523
9.35354
9.35271
9.35231
 9.3521
9.35201
9.35196
9.35193
9.35192
9.35192
9.35191
9.35191
9.35191
9.35191
9.35191
9.35191
9.35191
9.35191
9.35191
9.35191
9.35191
9.35191
9.35191
9.35191
9.35191
9.35191
9.35191
9.35191
9.35191
9.35191
9.35191
9.35191
9.35191
9.35191
9.35191
9.35191
9.35191
9.35191
9.35191
9.35191
9.35191
9.35191
9.35191
9.35191
9.35191
9.35191
9.35191
9.35191
9.35191
9.35191
9.35191
9.35191
9.35191
9.35191
9.35191
9.35191
9.35191
9.35191
9.35191
9.35191
9.35191
9.35191
9.35191
9.35191
9.35191
9.35191
9.35191
9.35191
9.35191
9.35191
9.35191
9.35191
9.35191
9.35191
9.35191
9.35191
9.35191
9.35191
9.35191
9.35191
9.35191
9.35191
9.35191
9.35191
9.35191
9.35191
9.35191
9.35191
9.35191
9.35191
9.35191
9.35191
