0.961402
0.928904
0.905154
0.889769
0.880698
0.875699
0.873067
0.871721
0.871045
0.870709
0.870543
0.870461
0.870421
0.870401
0.870391
0.870387
0.870384
0.870383
0.870382
0.870382
0.870382
0.870382
0.870382
0.870382
0.870382
0.870382
0.870382
0.870382
0.870382
0.870382
0.870382
0.870382
0.870382
0.870382
0.870382
0.870382
0.870382
0.870382
0.870382
0.870382
0.870382
0.870382
0.870382
0.870382
0.870382
0.870382
0.870382
0.870382
0.870382
0.870382
0.870382
0.870382
0.870382
0.870382
0.870382
0.870382
0.870382
0.870382
0.870382
0.870382
0.870382
0.870382
0.870382
0.870382
0.870382
0.870382
0.870382
0.870382
0.870382
0.870382
0.870382
0.870382
0.870382
0.870382
0.870382
0.870382
0.870382
0.870382
0.870382
0.870382
0.870382
0.870382
0.870382
0.870382
0.870382
0.870382
0.870382
0.870382
0.870382
0.870382
0.870382
0.870382
0.870382
0.870382
0.870382
0.870382
0.870382
0.870382
0.870382
0.870382
