  0.01855
0.0329486
0.0426765
0.0485592
0.0518438
0.0535833
0.0544749
 0.054923
0.0551459
 0.055256
0.0553102
0.0553369
  0.05535
0.0553565
0.0553596
0.0553612
0.0553619
0.0553623
0.0553625
0.0553626
0.0553626
0.0553626
0.0553626
0.0553627
0.0553627
0.0553627
0.0553627
0.0553627
0.0553627
0.0553627
0.0553627
0.0553627
0.0553627
0.0553627
0.0553627
0.0553627
0.0553627
0.0553627
0.0553627
0.0553627
0.0553627
0.0553627
0.0553627
0.0553627
0.0553627
0.0553627
0.0553627
0.0553627
0.0553627
0.0553627
0.0553627
0.0553627
0.0553627
0.0553627
0.0553627
0.0553627
0.0553627
0.0553627
0.0553627
0.0553627
0.0553627
0.0553627
0.0553627
0.0553627
0.0553627
0.0553627
0.0553627
0.0553627
0.0553627
0.0553627
0.0553627
0.0553627
0.0553627
0.0553627
0.0553627
0.0553627
0.0553627
0.0553627
0.0553627
0.0553627
0.0553627
0.0553627
0.0553627
0.0553627
0.0553627
0.0553627
0.0553627
0.0553627
0.0553627
0.0553627
0.0553627
0.0553627
0.0553627
0.0553627
0.0553627
0.0553627
0.0553627
0.0553627
0.0553627
0.0553627
