2288.81
961.636
1348.08
1221.07
 1260.2
1248.71
 1251.9
1251.11
1251.27
1251.26
1251.25
1251.26
1251.25
1251.25
1251.25
1251.25
1251.25
1251.25
1251.25
1251.25
1251.25
1251.25
1251.25
1251.25
1251.25
1251.25
1251.25
1251.25
1251.25
1251.25
1251.25
1251.25
1251.25
1251.25
1251.25
1251.25
1251.25
1251.25
1251.25
1251.25
1251.25
1251.25
1251.25
1251.25
1251.25
1251.25
1251.25
1251.25
1251.25
1251.25
1251.25
1251.25
1251.25
1251.25
1251.25
1251.25
1251.25
1251.25
1251.25
1251.25
1251.25
1251.25
1251.25
1251.25
1251.25
1251.25
1251.25
1251.25
1251.25
1251.25
1251.25
1251.25
1251.25
1251.25
1251.25
1251.25
1251.25
1251.25
1251.25
1251.25
1251.25
1251.25
1251.25
1251.25
1251.25
1251.25
1251.25
1251.25
1251.25
1251.25
1251.25
1251.25
1251.25
1251.25
1251.25
1251.25
1251.25
1251.25
1251.25
1251.25
