24.7495
22.0972
22.8324
22.3447
22.5506
22.4618
22.4977
22.4836
 22.489
22.4869
22.4877
22.4874
22.4875
22.4875
22.4875
22.4875
22.4875
22.4875
22.4875
22.4875
22.4875
22.4875
22.4875
22.4875
22.4875
22.4875
22.4875
22.4875
22.4875
22.4875
22.4875
22.4875
22.4875
22.4875
22.4875
22.4875
22.4875
22.4875
22.4875
22.4875
22.4875
22.4875
22.4875
22.4875
22.4875
22.4875
22.4875
22.4875
22.4875
22.4875
22.4875
22.4875
22.4875
22.4875
22.4875
22.4875
22.4875
22.4875
22.4875
22.4875
22.4875
22.4875
22.4875
22.4875
22.4875
22.4875
22.4875
22.4875
22.4875
22.4875
22.4875
22.4875
22.4875
22.4875
22.4875
22.4875
22.4875
22.4875
22.4875
22.4875
22.4875
22.4875
22.4875
22.4875
22.4875
22.4875
22.4875
22.4875
22.4875
22.4875
22.4875
22.4875
22.4875
22.4875
22.4875
22.4875
22.4875
22.4875
22.4875
22.4875
