0.414259
0.262698
0.304708
0.276842
0.288607
0.283532
0.285582
0.284775
0.285084
0.284968
 0.28501
0.284995
0.285001
0.284999
0.284999
0.284999
0.284999
0.284999
0.284999
0.284999
0.284999
0.284999
0.284999
0.284999
0.284999
0.284999
0.284999
0.284999
0.284999
0.284999
0.284999
0.284999
0.284999
0.284999
0.284999
0.284999
0.284999
0.284999
0.284999
0.284999
0.284999
0.284999
0.284999
0.284999
0.284999
0.284999
0.284999
0.284999
0.284999
0.284999
0.284999
0.284999
0.284999
0.284999
0.284999
0.284999
0.284999
0.284999
0.284999
0.284999
0.284999
0.284999
0.284999
0.284999
0.284999
0.284999
0.284999
0.284999
0.284999
0.284999
0.284999
0.284999
0.284999
0.284999
0.284999
0.284999
0.284999
0.284999
0.284999
0.284999
0.284999
0.284999
0.284999
0.284999
0.284999
0.284999
0.284999
0.284999
0.284999
0.284999
0.284999
0.284999
0.284999
0.284999
0.284999
0.284999
0.284999
0.284999
0.284999
0.284999
