 0.185351
0.0769168
 0.108493
0.0981352
 0.101322
 0.100389
 0.100647
 0.100583
 0.100596
 0.100595
 0.100594
 0.100595
 0.100595
 0.100595
 0.100595
 0.100595
 0.100595
 0.100595
 0.100595
 0.100595
 0.100595
 0.100595
 0.100595
 0.100595
 0.100595
 0.100595
 0.100595
 0.100595
 0.100595
 0.100595
 0.100595
 0.100595
 0.100595
 0.100595
 0.100595
 0.100595
 0.100595
 0.100595
 0.100595
 0.100595
 0.100595
 0.100595
 0.100595
 0.100595
 0.100595
 0.100595
 0.100595
 0.100595
 0.100595
 0.100595
 0.100595
 0.100595
 0.100595
 0.100595
 0.100595
 0.100595
 0.100595
 0.100595
 0.100595
 0.100595
 0.100595
 0.100595
 0.100595
 0.100595
 0.100595
 0.100595
 0.100595
 0.100595
 0.100595
 0.100595
 0.100595
 0.100595
 0.100595
 0.100595
 0.100595
 0.100595
 0.100595
 0.100595
 0.100595
 0.100595
 0.100595
 0.100595
 0.100595
 0.100595
 0.100595
 0.100595
 0.100595
 0.100595
 0.100595
 0.100595
 0.100595
 0.100595
 0.100595
 0.100595
 0.100595
 0.100595
 0.100595
 0.100595
 0.100595
 0.100595
