9.74283
9.37714
8.97032
8.64003
8.45381
 8.3868
8.37893
8.38758
8.39535
8.39903
    8.4
 8.3999
8.39963
8.39946
8.39939
8.39938
8.39939
8.39939
 8.3994
 8.3994
 8.3994
 8.3994
 8.3994
 8.3994
 8.3994
 8.3994
 8.3994
 8.3994
 8.3994
 8.3994
 8.3994
 8.3994
 8.3994
 8.3994
 8.3994
 8.3994
 8.3994
 8.3994
 8.3994
 8.3994
 8.3994
 8.3994
 8.3994
 8.3994
 8.3994
 8.3994
 8.3994
 8.3994
 8.3994
 8.3994
 8.3994
 8.3994
 8.3994
 8.3994
 8.3994
 8.3994
 8.3994
 8.3994
 8.3994
 8.3994
 8.3994
 8.3994
 8.3994
 8.3994
 8.3994
 8.3994
 8.3994
 8.3994
 8.3994
 8.3994
 8.3994
 8.3994
 8.3994
 8.3994
 8.3994
 8.3994
 8.3994
 8.3994
 8.3994
 8.3994
 8.3994
 8.3994
 8.3994
 8.3994
 8.3994
 8.3994
 8.3994
 8.3994
 8.3994
 8.3994
 8.3994
 8.3994
 8.3994
 8.3994
 8.3994
 8.3994
 8.3994
 8.3994
 8.3994
 8.3994
