34.0438
64.4345
92.4824
109.605
 115.63
115.937
114.841
114.006
113.648
113.569
113.589
 113.62
113.638
113.644
113.645
113.644
113.643
113.643
113.643
113.643
113.643
113.643
113.643
113.643
113.643
113.643
113.643
113.643
113.643
113.643
113.643
113.643
113.643
113.643
113.643
113.643
113.643
113.643
113.643
113.643
113.643
113.643
113.643
113.643
113.643
113.643
113.643
113.643
113.643
113.643
113.643
113.643
113.643
113.643
113.643
113.643
113.643
113.643
113.643
113.643
113.643
113.643
113.643
113.643
113.643
113.643
113.643
113.643
113.643
113.643
113.643
113.643
113.643
113.643
113.643
113.643
113.643
113.643
113.643
113.643
113.643
113.643
113.643
113.643
113.643
113.643
113.643
113.643
113.643
113.643
113.643
113.643
113.643
113.643
113.643
113.643
113.643
113.643
113.643
113.643
