0.948567
0.875427
0.794064
0.728006
0.690762
0.677361
0.675787
0.677516
 0.67907
0.679806
0.679999
 0.67998
0.679926
0.679891
0.679878
0.679876
0.679877
0.679879
0.679879
 0.67988
 0.67988
 0.67988
 0.67988
 0.67988
 0.67988
 0.67988
 0.67988
 0.67988
 0.67988
 0.67988
 0.67988
 0.67988
 0.67988
 0.67988
 0.67988
 0.67988
 0.67988
 0.67988
 0.67988
 0.67988
 0.67988
 0.67988
 0.67988
 0.67988
 0.67988
 0.67988
 0.67988
 0.67988
 0.67988
 0.67988
 0.67988
 0.67988
 0.67988
 0.67988
 0.67988
 0.67988
 0.67988
 0.67988
 0.67988
 0.67988
 0.67988
 0.67988
 0.67988
 0.67988
 0.67988
 0.67988
 0.67988
 0.67988
 0.67988
 0.67988
 0.67988
 0.67988
 0.67988
 0.67988
 0.67988
 0.67988
 0.67988
 0.67988
 0.67988
 0.67988
 0.67988
 0.67988
 0.67988
 0.67988
 0.67988
 0.67988
 0.67988
 0.67988
 0.67988
 0.67988
 0.67988
 0.67988
 0.67988
 0.67988
 0.67988
 0.67988
 0.67988
 0.67988
 0.67988
 0.67988
