0.0245465
0.0556135
0.0843556
 0.101985
 0.108259
 0.108637
 0.107537
 0.106686
 0.106315
 0.106232
 0.106252
 0.106283
 0.106302
 0.106308
 0.106309
 0.106308
 0.106307
 0.106306
 0.106306
 0.106306
 0.106306
 0.106306
 0.106306
 0.106306
 0.106306
 0.106306
 0.106306
 0.106306
 0.106306
 0.106306
 0.106306
 0.106306
 0.106306
 0.106306
 0.106306
 0.106306
 0.106306
 0.106306
 0.106306
 0.106306
 0.106306
 0.106306
 0.106306
 0.106306
 0.106306
 0.106306
 0.106306
 0.106306
 0.106306
 0.106306
 0.106306
 0.106306
 0.106306
 0.106306
 0.106306
 0.106306
 0.106306
 0.106306
 0.106306
 0.106306
 0.106306
 0.106306
 0.106306
 0.106306
 0.106306
 0.106306
 0.106306
 0.106306
 0.106306
 0.106306
 0.106306
 0.106306
 0.106306
 0.106306
 0.106306
 0.106306
 0.106306
 0.106306
 0.106306
 0.106306
 0.106306
 0.106306
 0.106306
 0.106306
 0.106306
 0.106306
 0.106306
 0.106306
 0.106306
 0.106306
 0.106306
 0.106306
 0.106306
 0.106306
 0.106306
 0.106306
 0.106306
 0.106306
 0.106306
 0.106306
