23.1618
26.3305
24.4035
25.2415
24.8898
25.0293
24.9764
24.9957
24.9889
24.9912
24.9905
24.9907
24.9906
24.9907
24.9907
24.9907
24.9907
24.9907
24.9907
24.9907
24.9907
24.9907
24.9907
24.9907
24.9907
24.9907
24.9907
24.9907
24.9907
24.9907
24.9907
24.9907
24.9907
24.9907
24.9907
24.9907
24.9907
24.9907
24.9907
24.9907
24.9907
24.9907
24.9907
24.9907
24.9907
24.9907
24.9907
24.9907
24.9907
24.9907
24.9907
24.9907
24.9907
24.9907
24.9907
24.9907
24.9907
24.9907
24.9907
24.9907
24.9907
24.9907
24.9907
24.9907
24.9907
24.9907
24.9907
24.9907
24.9907
24.9907
24.9907
24.9907
24.9907
24.9907
24.9907
24.9907
24.9907
24.9907
24.9907
24.9907
24.9907
24.9907
24.9907
24.9907
24.9907
24.9907
24.9907
24.9907
24.9907
24.9907
24.9907
24.9907
24.9907
24.9907
24.9907
24.9907
24.9907
24.9907
24.9907
24.9907
