3146.94
1105.81
1650.59
1454.95
1514.94
   1497
1501.92
1500.74
1500.94
1500.95
1500.92
1500.94
1500.93
1500.94
1500.93
1500.93
1500.93
1500.93
1500.93
1500.93
1500.93
1500.93
1500.93
1500.93
1500.93
1500.93
1500.93
1500.93
1500.93
1500.93
1500.93
1500.93
1500.93
1500.93
1500.93
1500.93
1500.93
1500.93
1500.93
1500.93
1500.93
1500.93
1500.93
1500.93
1500.93
1500.93
1500.93
1500.93
1500.93
1500.93
1500.93
1500.93
1500.93
1500.93
1500.93
1500.93
1500.93
1500.93
1500.93
1500.93
1500.93
1500.93
1500.93
1500.93
1500.93
1500.93
1500.93
1500.93
1500.93
1500.93
1500.93
1500.93
1500.93
1500.93
1500.93
1500.93
1500.93
1500.93
1500.93
1500.93
1500.93
1500.93
1500.93
1500.93
1500.93
1500.93
1500.93
1500.93
1500.93
1500.93
1500.93
1500.93
1500.93
1500.93
1500.93
1500.93
1500.93
1500.93
1500.93
1500.93
