0.158091
0.316526
0.220174
0.262077
0.244489
0.251465
0.248821
0.249786
0.249446
0.249562
0.249524
0.249536
0.249532
0.249533
0.249533
0.249533
0.249533
0.249533
0.249533
0.249533
0.249533
0.249533
0.249533
0.249533
0.249533
0.249533
0.249533
0.249533
0.249533
0.249533
0.249533
0.249533
0.249533
0.249533
0.249533
0.249533
0.249533
0.249533
0.249533
0.249533
0.249533
0.249533
0.249533
0.249533
0.249533
0.249533
0.249533
0.249533
0.249533
0.249533
0.249533
0.249533
0.249533
0.249533
0.249533
0.249533
0.249533
0.249533
0.249533
0.249533
0.249533
0.249533
0.249533
0.249533
0.249533
0.249533
0.249533
0.249533
0.249533
0.249533
0.249533
0.249533
0.249533
0.249533
0.249533
0.249533
0.249533
0.249533
0.249533
0.249533
0.249533
0.249533
0.249533
0.249533
0.249533
0.249533
0.249533
0.249533
0.249533
0.249533
0.249533
0.249533
0.249533
0.249533
0.249533
0.249533
0.249533
0.249533
0.249533
0.249533
