 0.195726
0.0676365
 0.101891
0.0895806
0.0933617
0.0922286
  0.09254
0.0924654
0.0924783
0.0924787
0.0924768
0.0924781
0.0924774
0.0924777
0.0924776
0.0924776
0.0924776
0.0924776
0.0924776
0.0924776
0.0924776
0.0924776
0.0924776
0.0924776
0.0924776
0.0924776
0.0924776
0.0924776
0.0924776
0.0924776
0.0924776
0.0924776
0.0924776
0.0924776
0.0924776
0.0924776
0.0924776
0.0924776
0.0924776
0.0924776
0.0924776
0.0924776
0.0924776
0.0924776
0.0924776
0.0924776
0.0924776
0.0924776
0.0924776
0.0924776
0.0924776
0.0924776
0.0924776
0.0924776
0.0924776
0.0924776
0.0924776
0.0924776
0.0924776
0.0924776
0.0924776
0.0924776
0.0924776
0.0924776
0.0924776
0.0924776
0.0924776
0.0924776
0.0924776
0.0924776
0.0924776
0.0924776
0.0924776
0.0924776
0.0924776
0.0924776
0.0924776
0.0924776
0.0924776
0.0924776
0.0924776
0.0924776
0.0924776
0.0924776
0.0924776
0.0924776
0.0924776
0.0924776
0.0924776
0.0924776
0.0924776
0.0924776
0.0924776
0.0924776
0.0924776
0.0924776
0.0924776
0.0924776
0.0924776
0.0924776
