4.87488
4.69308
4.45521
4.18415
3.92469
3.72352
3.60427
3.56065
3.56877
3.60251
3.64217
3.67618
3.69973
3.71245
3.71642
3.71462
3.70996
3.70467
3.70018
 3.6971
3.69547
3.69501
 3.6953
3.69596
3.69667
3.69726
3.69765
3.69785
 3.6979
3.69785
3.69776
3.69767
3.69759
3.69754
3.69752
3.69751
3.69752
3.69753
3.69754
3.69755
3.69756
3.69756
3.69756
3.69756
3.69756
3.69756
3.69756
3.69756
3.69756
3.69756
3.69756
3.69756
3.69756
3.69756
3.69756
3.69756
3.69756
3.69756
3.69756
3.69756
3.69756
3.69756
3.69756
3.69756
3.69756
3.69756
3.69756
3.69756
3.69756
3.69756
3.69756
3.69756
3.69756
3.69756
3.69756
3.69756
3.69756
3.69756
3.69756
3.69756
3.69756
3.69756
3.69756
3.69756
3.69756
3.69756
3.69756
3.69756
3.69756
3.69756
3.69756
3.69756
3.69756
3.69756
3.69756
3.69756
3.69756
3.69756
3.69756
3.69756
