10.7386
18.2479
26.6414
34.0866
 38.723
39.9852
38.8106
36.6422
34.5365
 32.973
32.0397
31.6386
  31.61
31.7945
 32.061
 32.318
 32.515
32.6358
32.6874
32.6889
32.6621
32.6253
32.5908
32.5651
32.5499
32.5437
 32.544
32.5479
32.5529
32.5574
32.5608
32.5627
32.5634
32.5633
32.5628
32.5621
32.5615
32.5611
32.5608
32.5607
32.5608
32.5608
32.5609
 32.561
32.5611
32.5611
32.5611
32.5611
32.5611
32.5611
32.5611
32.5611
32.5611
32.5611
32.5611
32.5611
32.5611
32.5611
32.5611
32.5611
32.5611
32.5611
32.5611
32.5611
32.5611
32.5611
32.5611
32.5611
32.5611
32.5611
32.5611
32.5611
32.5611
32.5611
32.5611
32.5611
32.5611
32.5611
32.5611
32.5611
32.5611
32.5611
32.5611
32.5611
32.5611
32.5611
32.5611
32.5611
32.5611
32.5611
32.5611
32.5611
32.5611
32.5611
32.5611
32.5611
32.5611
32.5611
32.5611
32.5611
