0.949951
0.877233
0.782085
0.673661
0.569876
0.489408
0.441708
0.424261
0.427506
0.441006
0.456867
0.470473
0.479893
0.484981
0.486568
0.485849
0.483983
 0.48187
0.480072
0.478838
0.478188
0.478004
0.478122
0.478382
0.478666
0.478902
 0.47906
0.479141
 0.47916
0.479142
0.479106
0.479068
0.479037
0.479016
0.479007
0.479005
0.479007
0.479012
0.479017
0.479021
0.479024
0.479025
0.479025
0.479025
0.479024
0.479024
0.479023
0.479023
0.479023
0.479023
0.479023
0.479023
0.479023
0.479023
0.479023
0.479023
0.479023
0.479023
0.479023
0.479023
0.479023
0.479023
0.479023
0.479023
0.479023
0.479023
0.479023
0.479023
0.479023
0.479023
0.479023
0.479023
0.479023
0.479023
0.479023
0.479023
0.479023
0.479023
0.479023
0.479023
0.479023
0.479023
0.479023
0.479023
0.479023
0.479023
0.479023
0.479023
0.479023
0.479023
0.479023
0.479023
0.479023
0.479023
0.479023
0.479023
0.479023
0.479023
0.479023
0.479023
