0.0239337
0.0553256
0.0905561
 0.122051
 0.142034
 0.148007
 0.143699
 0.135027
 0.126399
 0.119879
 0.115908
 0.114132
 0.113919
 0.114621
 0.115692
 0.116749
 0.117572
 0.118086
 0.118315
 0.118334
 0.118231
 0.118083
 0.117941
 0.117833
 0.117768
 0.117741
  0.11774
 0.117755
 0.117775
 0.117794
 0.117808
 0.117816
  0.11782
  0.11782
 0.117817
 0.117815
 0.117812
  0.11781
 0.117809
 0.117809
 0.117809
 0.117809
  0.11781
  0.11781
  0.11781
  0.11781
  0.11781
  0.11781
  0.11781
  0.11781
  0.11781
  0.11781
  0.11781
  0.11781
  0.11781
  0.11781
  0.11781
  0.11781
  0.11781
  0.11781
  0.11781
  0.11781
  0.11781
  0.11781
  0.11781
  0.11781
  0.11781
  0.11781
  0.11781
  0.11781
  0.11781
  0.11781
  0.11781
  0.11781
  0.11781
  0.11781
  0.11781
  0.11781
  0.11781
  0.11781
  0.11781
  0.11781
  0.11781
  0.11781
  0.11781
  0.11781
  0.11781
  0.11781
  0.11781
  0.11781
  0.11781
  0.11781
  0.11781
  0.11781
  0.11781
  0.11781
  0.11781
  0.11781
  0.11781
  0.11781
