0.0951622
 0.181269
 0.259181
 0.329679
 0.393468
 0.451187
 0.503413
  0.55067
 0.593429
 0.632119
 0.667127
 0.698804
 0.727467
 0.753402
 0.776868
 0.798102
 0.817315
   0.8347
  0.85043
 0.864664
 0.877542
 0.889196
  0.89974
 0.909281
 0.917914
 0.925726
 0.932794
 0.939189
 0.944976
 0.950212
  0.95495
 0.959237
 0.963116
 0.966626
 0.969802
 0.972676
 0.975276
 0.977629
 0.979758
 0.981684
 0.983427
 0.985004
 0.986431
 0.987722
 0.988891
 0.989948
 0.990905
  0.99177
 0.992553
 0.993262
 0.993903
 0.994483
 0.995008
 0.995483
 0.995913
 0.996302
 0.996654
 0.996972
  0.99726
 0.997521
 0.997757
 0.997971
 0.998164
 0.998338
 0.998497
  0.99864
 0.998769
 0.998886
 0.998992
 0.999088
 0.999175
 0.999253
 0.999324
 0.999389
 0.999447
   0.9995
 0.999547
  0.99959
 0.999629
 0.999665
 0.999696
 0.999725
 0.999751
 0.999775
 0.999797
 0.999816
 0.999833
 0.999849
 0.999864
 0.999877
 0.999888
 0.999899
 0.999909
 0.999917
 0.999925
 0.999932
 0.999939
 0.999945
  0.99995
 0.999955
