 -0.809676
 -0.637463
 -0.481638
 -0.340642
 -0.213064
 -0.097626
0.00682648
  0.101339
  0.186858
  0.264238
  0.334255
  0.397609
  0.454933
  0.506803
  0.553737
  0.596204
   0.63463
    0.6694
   0.70086
  0.729327
  0.755085
  0.778392
   0.79948
  0.818562
  0.835828
  0.851451
  0.865587
  0.878378
  0.889952
  0.900425
    0.9099
  0.918475
  0.926233
  0.933253
  0.939604
  0.945352
  0.950552
  0.955258
  0.959516
  0.963368
  0.966854
  0.970008
  0.972862
  0.975445
  0.977782
  0.979896
  0.981809
   0.98354
  0.985107
  0.986524
  0.987806
  0.988967
  0.990017
  0.990967
  0.991826
  0.992604
  0.993308
  0.993945
  0.994521
  0.995042
  0.995514
  0.995941
  0.996327
  0.996677
  0.996993
  0.997279
  0.997538
  0.997772
  0.997984
  0.998176
   0.99835
  0.998507
  0.998649
  0.998777
  0.998894
  0.998999
  0.999094
  0.999181
  0.999258
  0.999329
  0.999393
  0.999451
  0.999503
   0.99955
  0.999593
  0.999632
  0.999667
  0.999699
  0.999727
  0.999753
  0.999777
  0.999798
  0.999817
  0.999835
   0.99985
  0.999865
  0.999877
  0.999889
    0.9999
  0.999909
