-0.000773197
 -0.00239424
 -0.00415637
 -0.00564548
 -0.00661633
 -0.00692294
 -0.00647854
 -0.00523184
 -0.00315277
 -0.00022368
  0.00356609
  0.00822365
   0.0137547
    0.020165
   0.0274609
   0.0356505
   0.0447432
   0.0547506
   0.0656859
   0.0775645
   0.0904039
    0.104223
    0.119044
    0.134889
    0.151784
    0.169756
    0.188834
    0.209048
    0.230431
    0.253019
    0.276847
    0.301954
    0.328381
    0.356171
    0.385367
    0.416017
    0.448171
    0.481879
    0.517196
    0.554177
    0.592883
    0.633373
    0.675714
    0.719972
    0.766217
    0.814523
    0.864967
    0.917628
     0.97259
     1.02994
     1.08977
     1.15217
     1.21725
      1.2851
     1.35584
     1.42957
     1.50642
      1.5865
     1.66995
     1.75689
     1.84746
     1.94181
     2.04009
     2.14245
     2.24906
     2.36009
     2.47571
     2.59611
     2.72148
     2.85202
     2.98794
     3.12946
     3.27679
     3.43018
     3.58987
     3.75612
     3.92919
     4.10936
     4.29691
     4.49215
     4.69538
     4.90694
     5.12716
     5.35638
     5.59499
     5.84336
     6.10189
     6.37098
     6.65108
     6.94262
     7.24608
     7.56194
     7.89071
      8.2329
     8.58908
      8.9598
     9.34567
     9.74729
     10.1653
     10.6004
