57.1207
188.209
193.434
77.8666
30.3074
16.8942
14.0059
15.7954
21.7318
33.0892
50.4256
68.6632
76.2414
68.8779
55.6162
45.0371
39.3785
38.0167
39.9486
44.1557
49.2651
53.4711
55.2372
54.2881
51.6803
48.8681
46.8695
46.0764
46.4134
47.5193
48.8864
50.0083
 50.546
 50.437
 49.872
49.1602
48.5798
48.2902
48.3155
48.5734
48.9256
49.2331
49.4021
 49.407
49.2843
49.1062
48.9458
48.8528
48.8422
48.8981
48.9863
49.0698
49.1215
49.1315
49.1061
49.0622
 49.019
48.9908
48.9835
48.9947
49.0163
49.0386
49.0539
49.0587
 49.054
49.0434
 49.032
49.0237
49.0207
49.0226
49.0278
49.0336
 49.038
49.0398
49.0391
49.0366
49.0337
49.0313
49.0302
49.0305
49.0317
49.0332
49.0344
 49.035
 49.035
49.0344
49.0337
 49.033
49.0326
49.0326
49.0329
49.0333
49.0336
49.0338
49.0338
49.0337
49.0335
49.0334
49.0332
49.0332
