9.48443
7.42621
 4.0947
2.93557
3.46023
4.35798
5.20478
 5.8895
6.36936
6.59979
6.52337
6.12818
5.56585
5.12362
4.97302
5.07283
5.29717
5.53728
5.72231
5.81325
5.79984
5.70296
5.57084
5.45914
5.40417
5.41077
5.46001
5.52437
5.57936
 5.6096
5.61078
5.58879
5.55612
5.52639
5.50915
5.50731
5.51772
5.53393
5.54915
5.55856
5.56038
5.55575
5.54771
5.53977
5.53458
5.53326
5.53533
5.53929
5.54337
5.54617
5.54706
5.54618
5.54424
5.54214
5.54063
5.54007
5.54043
5.54138
5.54245
5.54325
5.54359
5.54345
  5.543
5.54246
5.54203
5.54183
5.54187
5.54209
5.54237
5.54259
5.54271
 5.5427
5.54259
5.54246
5.54234
5.54227
5.54227
5.54232
5.54239
5.54245
5.54249
5.54249
5.54247
5.54243
 5.5424
5.54238
5.54238
5.54239
 5.5424
5.54242
5.54243
5.54243
5.54243
5.54242
5.54241
5.54241
5.54241
5.54241
5.54241
5.54242
