   0.896887
   0.485241
   -0.18106
  -0.412887
  -0.307954
  -0.128404
  0.0409552
   0.177899
   0.273873
   0.319958
   0.304674
   0.225637
    0.11317
   0.024724
-0.00539581
  0.0145662
  0.0594341
   0.107456
   0.144463
   0.162651
   0.159969
   0.140591
   0.114168
  0.0918278
   0.080834
  0.0821536
  0.0920021
   0.104873
   0.115873
   0.121921
   0.122156
   0.117757
   0.111223
   0.105278
   0.101831
   0.101462
   0.103545
   0.106786
   0.109829
   0.111711
   0.112076
    0.11115
   0.109542
   0.107954
   0.106917
   0.106652
   0.107066
   0.107858
   0.108673
   0.109234
   0.109411
   0.109235
   0.108848
   0.108428
   0.108126
   0.108015
   0.108087
   0.108275
   0.108489
   0.108651
   0.108718
   0.108691
     0.1086
   0.108491
   0.108405
   0.108366
   0.108375
   0.108418
   0.108473
   0.108519
   0.108541
   0.108539
   0.108519
   0.108491
   0.108467
   0.108454
   0.108454
   0.108464
   0.108477
    0.10849
   0.108497
   0.108498
   0.108494
   0.108487
    0.10848
   0.108476
   0.108475
   0.108477
   0.108481
   0.108484
   0.108486
   0.108487
   0.108486
   0.108484
   0.108483
   0.108481
   0.108481
   0.108481
   0.108482
   0.108483
