 0.0481175
  0.182609
  0.191251
 0.0756879
 0.0271183
 0.0126628
0.00888999
 0.0100059
 0.0155177
  0.026757
 0.0443457
 0.0631667
 0.0713895
 0.0643983
 0.0511547
 0.0403679
 0.0344256
 0.0328075
  0.034572
 0.0387297
 0.0439043
 0.0482506
 0.0501681
 0.0493222
 0.0467436
 0.0438963
 0.0418278
 0.0409617
 0.0412465
  0.042333
 0.0437127
 0.0448682
 0.0454443
 0.0453642
 0.0448109
 0.0440938
  0.043497
 0.0431882
 0.0431984
 0.0434494
 0.0438033
 0.0441186
 0.0442974
 0.0443103
 0.0441917
 0.0440131
  0.043849
  0.043751
 0.0437362
 0.0437898
 0.0438781
 0.0439633
 0.0440175
 0.0440297
 0.0440055
 0.0439618
 0.0439178
 0.0438883
 0.0438799
 0.0438904
 0.0439118
 0.0439345
 0.0439504
 0.0439558
 0.0439514
  0.043941
 0.0439294
 0.0439208
 0.0439175
 0.0439192
 0.0439243
 0.0439302
 0.0439348
 0.0439368
 0.0439361
 0.0439337
 0.0439307
 0.0439283
 0.0439271
 0.0439273
 0.0439285
   0.04393
 0.0439312
 0.0439319
 0.0439319
 0.0439313
 0.0439306
 0.0439299
 0.0439295
 0.0439295
 0.0439298
 0.0439301
 0.0439305
 0.0439307
 0.0439307
 0.0439306
 0.0439304
 0.0439302
 0.0439301
 0.0439301
