23.9152
24.6531
23.7693
24.0935
 23.947
24.0069
23.9827
23.9923
23.9885
  23.99
23.9894
23.9896
23.9895
23.9896
23.9896
23.9896
23.9896
23.9896
23.9896
23.9896
23.9896
23.9896
23.9896
23.9896
23.9896
23.9896
23.9896
23.9896
23.9896
23.9896
23.9896
23.9896
23.9896
23.9896
23.9896
23.9896
23.9896
23.9896
23.9896
23.9896
23.9896
23.9896
23.9896
23.9896
23.9896
23.9896
23.9896
23.9896
23.9896
23.9896
23.9896
23.9896
23.9896
23.9896
23.9896
23.9896
23.9896
23.9896
23.9896
23.9896
23.9896
23.9896
23.9896
23.9896
23.9896
23.9896
23.9896
23.9896
23.9896
23.9896
23.9896
23.9896
23.9896
23.9896
23.9896
23.9896
23.9896
23.9896
23.9896
23.9896
23.9896
23.9896
23.9896
23.9896
23.9896
23.9896
23.9896
23.9896
23.9896
23.9896
23.9896
23.9896
23.9896
23.9896
23.9896
23.9896
23.9896
23.9896
23.9896
23.9896
