2868.88
1028.33
1552.35
1350.01
1419.32
1394.67
1403.27
1400.27
1401.31
1400.95
1401.07
1401.03
1401.05
1401.04
1401.04
1401.04
1401.04
1401.04
1401.04
1401.04
1401.04
1401.04
1401.04
1401.04
1401.04
1401.04
1401.04
1401.04
1401.04
1401.04
1401.04
1401.04
1401.04
1401.04
1401.04
1401.04
1401.04
1401.04
1401.04
1401.04
1401.04
1401.04
1401.04
1401.04
1401.04
1401.04
1401.04
1401.04
1401.04
1401.04
1401.04
1401.04
1401.04
1401.04
1401.04
1401.04
1401.04
1401.04
1401.04
1401.04
1401.04
1401.04
1401.04
1401.04
1401.04
1401.04
1401.04
1401.04
1401.04
1401.04
1401.04
1401.04
1401.04
1401.04
1401.04
1401.04
1401.04
1401.04
1401.04
1401.04
1401.04
1401.04
1401.04
1401.04
1401.04
1401.04
1401.04
1401.04
1401.04
1401.04
1401.04
1401.04
1401.04
1401.04
1401.04
1401.04
1401.04
1401.04
1401.04
1401.04
