0.258693
0.297529
0.251017
0.268079
0.260371
0.263523
0.262245
0.262751
0.262554
 0.26263
0.262601
0.262612
0.262608
0.262609
0.262609
0.262609
0.262609
0.262609
0.262609
0.262609
0.262609
0.262609
0.262609
0.262609
0.262609
0.262609
0.262609
0.262609
0.262609
0.262609
0.262609
0.262609
0.262609
0.262609
0.262609
0.262609
0.262609
0.262609
0.262609
0.262609
0.262609
0.262609
0.262609
0.262609
0.262609
0.262609
0.262609
0.262609
0.262609
0.262609
0.262609
0.262609
0.262609
0.262609
0.262609
0.262609
0.262609
0.262609
0.262609
0.262609
0.262609
0.262609
0.262609
0.262609
0.262609
0.262609
0.262609
0.262609
0.262609
0.262609
0.262609
0.262609
0.262609
0.262609
0.262609
0.262609
0.262609
0.262609
0.262609
0.262609
0.262609
0.262609
0.262609
0.262609
0.262609
0.262609
0.262609
0.262609
0.262609
0.262609
0.262609
0.262609
0.262609
0.262609
0.262609
0.262609
0.262609
0.262609
0.262609
0.262609
