  0.19754
0.0696904
 0.106136
0.0920651
0.0968873
 0.095172
0.0957707
0.0955615
0.0956341
 0.095609
0.0956177
0.0956147
0.0956157
0.0956154
0.0956155
0.0956154
0.0956155
0.0956155
0.0956155
0.0956155
0.0956155
0.0956155
0.0956155
0.0956155
0.0956155
0.0956155
0.0956155
0.0956155
0.0956155
0.0956155
0.0956155
0.0956155
0.0956155
0.0956155
0.0956155
0.0956155
0.0956155
0.0956155
0.0956155
0.0956155
0.0956155
0.0956155
0.0956155
0.0956155
0.0956155
0.0956155
0.0956155
0.0956155
0.0956155
0.0956155
0.0956155
0.0956155
0.0956155
0.0956155
0.0956155
0.0956155
0.0956155
0.0956155
0.0956155
0.0956155
0.0956155
0.0956155
0.0956155
0.0956155
0.0956155
0.0956155
0.0956155
0.0956155
0.0956155
0.0956155
0.0956155
0.0956155
0.0956155
0.0956155
0.0956155
0.0956155
0.0956155
0.0956155
0.0956155
0.0956155
0.0956155
0.0956155
0.0956155
0.0956155
0.0956155
0.0956155
0.0956155
0.0956155
0.0956155
0.0956155
0.0956155
0.0956155
0.0956155
0.0956155
0.0956155
0.0956155
0.0956155
0.0956155
0.0956155
0.0956155
