9.89334
9.86921
9.86407
  9.863
9.86278
9.86273
9.86272
9.86272
9.86272
9.86272
9.86272
9.86272
9.86272
9.86272
9.86272
9.86272
9.86272
9.86272
9.86272
9.86272
9.86272
9.86272
9.86272
9.86272
9.86272
9.86272
9.86272
9.86272
9.86272
9.86272
9.86272
9.86272
9.86272
9.86272
9.86272
9.86272
9.86272
9.86272
9.86272
9.86272
9.86272
9.86272
9.86272
9.86272
9.86272
9.86272
9.86272
9.86272
9.86272
9.86272
9.86272
9.86272
9.86272
9.86272
9.86272
9.86272
9.86272
9.86272
9.86272
9.86272
9.86272
9.86272
9.86272
9.86272
9.86272
9.86272
9.86272
9.86272
9.86272
9.86272
9.86272
9.86272
9.86272
9.86272
9.86272
9.86272
9.86272
9.86272
9.86272
9.86272
9.86272
9.86272
9.86272
9.86272
9.86272
9.86272
9.86272
9.86272
9.86272
9.86272
9.86272
9.86272
9.86272
9.86272
9.86272
9.86272
9.86272
9.86272
9.86272
9.86272
