20.1631
22.3499
22.8068
22.9015
22.9212
22.9252
22.9261
22.9262
22.9263
22.9263
22.9263
22.9263
22.9263
22.9263
22.9263
22.9263
22.9263
22.9263
22.9263
22.9263
22.9263
22.9263
22.9263
22.9263
22.9263
22.9263
22.9263
22.9263
22.9263
22.9263
22.9263
22.9263
22.9263
22.9263
22.9263
22.9263
22.9263
22.9263
22.9263
22.9263
22.9263
22.9263
22.9263
22.9263
22.9263
22.9263
22.9263
22.9263
22.9263
22.9263
22.9263
22.9263
22.9263
22.9263
22.9263
22.9263
22.9263
22.9263
22.9263
22.9263
22.9263
22.9263
22.9263
22.9263
22.9263
22.9263
22.9263
22.9263
22.9263
22.9263
22.9263
22.9263
22.9263
22.9263
22.9263
22.9263
22.9263
22.9263
22.9263
22.9263
22.9263
22.9263
22.9263
22.9263
22.9263
22.9263
22.9263
22.9263
22.9263
22.9263
22.9263
22.9263
22.9263
22.9263
22.9263
22.9263
22.9263
22.9263
22.9263
22.9263
