0.978668
0.973842
0.972814
  0.9726
0.972555
0.972546
0.972544
0.972543
0.972543
0.972543
0.972543
0.972543
0.972543
0.972543
0.972543
0.972543
0.972543
0.972543
0.972543
0.972543
0.972543
0.972543
0.972543
0.972543
0.972543
0.972543
0.972543
0.972543
0.972543
0.972543
0.972543
0.972543
0.972543
0.972543
0.972543
0.972543
0.972543
0.972543
0.972543
0.972543
0.972543
0.972543
0.972543
0.972543
0.972543
0.972543
0.972543
0.972543
0.972543
0.972543
0.972543
0.972543
0.972543
0.972543
0.972543
0.972543
0.972543
0.972543
0.972543
0.972543
0.972543
0.972543
0.972543
0.972543
0.972543
0.972543
0.972543
0.972543
0.972543
0.972543
0.972543
0.972543
0.972543
0.972543
0.972543
0.972543
0.972543
0.972543
0.972543
0.972543
0.972543
0.972543
0.972543
0.972543
0.972543
0.972543
0.972543
0.972543
0.972543
0.972543
0.972543
0.972543
0.972543
0.972543
0.972543
0.972543
0.972543
0.972543
0.972543
0.972543
