0.0103735
0.0126068
0.0130734
0.0131702
0.0131903
0.0131944
0.0131953
0.0131955
0.0131955
0.0131955
0.0131955
0.0131955
0.0131955
0.0131955
0.0131955
0.0131955
0.0131955
0.0131955
0.0131955
0.0131955
0.0131955
0.0131955
0.0131955
0.0131955
0.0131955
0.0131955
0.0131955
0.0131955
0.0131955
0.0131955
0.0131955
0.0131955
0.0131955
0.0131955
0.0131955
0.0131955
0.0131955
0.0131955
0.0131955
0.0131955
0.0131955
0.0131955
0.0131955
0.0131955
0.0131955
0.0131955
0.0131955
0.0131955
0.0131955
0.0131955
0.0131955
0.0131955
0.0131955
0.0131955
0.0131955
0.0131955
0.0131955
0.0131955
0.0131955
0.0131955
0.0131955
0.0131955
0.0131955
0.0131955
0.0131955
0.0131955
0.0131955
0.0131955
0.0131955
0.0131955
0.0131955
0.0131955
0.0131955
0.0131955
0.0131955
0.0131955
0.0131955
0.0131955
0.0131955
0.0131955
0.0131955
0.0131955
0.0131955
0.0131955
0.0131955
0.0131955
0.0131955
0.0131955
0.0131955
0.0131955
0.0131955
0.0131955
0.0131955
0.0131955
0.0131955
0.0131955
0.0131955
0.0131955
0.0131955
0.0131955
