35.0723
68.9276
100.943
119.179
123.639
122.089
119.983
118.875
118.579
118.626
118.729
 118.79
 118.81
 118.81
118.805
118.802
  118.8
  118.8
  118.8
118.801
118.801
118.801
118.801
118.801
118.801
118.801
118.801
118.801
118.801
118.801
118.801
118.801
118.801
118.801
118.801
118.801
118.801
118.801
118.801
118.801
118.801
118.801
118.801
118.801
118.801
118.801
118.801
118.801
118.801
118.801
118.801
118.801
118.801
118.801
118.801
118.801
118.801
118.801
118.801
118.801
118.801
118.801
118.801
118.801
118.801
118.801
118.801
118.801
118.801
118.801
118.801
118.801
118.801
118.801
118.801
118.801
118.801
118.801
118.801
118.801
118.801
118.801
118.801
118.801
118.801
118.801
118.801
118.801
118.801
118.801
118.801
118.801
118.801
118.801
118.801
118.801
118.801
118.801
118.801
118.801
