9.73153
9.32067
8.83962
8.44722
8.24167
8.18579
8.19469
8.21376
8.22508
8.22865
8.22854
8.22763
8.22701
8.22679
8.22677
8.22681
8.22684
8.22686
8.22686
8.22686
8.22686
8.22686
8.22686
8.22686
8.22686
8.22686
8.22686
8.22686
8.22686
8.22686
8.22686
8.22686
8.22686
8.22686
8.22686
8.22686
8.22686
8.22686
8.22686
8.22686
8.22686
8.22686
8.22686
8.22686
8.22686
8.22686
8.22686
8.22686
8.22686
8.22686
8.22686
8.22686
8.22686
8.22686
8.22686
8.22686
8.22686
8.22686
8.22686
8.22686
8.22686
8.22686
8.22686
8.22686
8.22686
8.22686
8.22686
8.22686
8.22686
8.22686
8.22686
8.22686
8.22686
8.22686
8.22686
8.22686
8.22686
8.22686
8.22686
8.22686
8.22686
8.22686
8.22686
8.22686
8.22686
8.22686
8.22686
8.22686
8.22686
8.22686
8.22686
8.22686
8.22686
8.22686
8.22686
8.22686
8.22686
8.22686
8.22686
8.22686
