0.946305
0.864134
0.767924
0.689444
0.648333
0.637158
0.638938
0.642752
0.645016
 0.64573
0.645708
0.645527
0.645403
0.645357
0.645354
0.645362
0.645369
0.645371
0.645372
0.645372
0.645371
0.645371
0.645371
0.645371
0.645371
0.645371
0.645371
0.645371
0.645371
0.645371
0.645371
0.645371
0.645371
0.645371
0.645371
0.645371
0.645371
0.645371
0.645371
0.645371
0.645371
0.645371
0.645371
0.645371
0.645371
0.645371
0.645371
0.645371
0.645371
0.645371
0.645371
0.645371
0.645371
0.645371
0.645371
0.645371
0.645371
0.645371
0.645371
0.645371
0.645371
0.645371
0.645371
0.645371
0.645371
0.645371
0.645371
0.645371
0.645371
0.645371
0.645371
0.645371
0.645371
0.645371
0.645371
0.645371
0.645371
0.645371
0.645371
0.645371
0.645371
0.645371
0.645371
0.645371
0.645371
0.645371
0.645371
0.645371
0.645371
0.645371
0.645371
0.645371
0.645371
0.645371
0.645371
0.645371
0.645371
0.645371
0.645371
0.645371
