0.0255967
0.0602091
0.0930339
 0.111851
 0.116563
 0.115054
 0.112917
 0.111779
 0.111469
 0.111513
 0.111616
 0.111679
   0.1117
   0.1117
 0.111695
 0.111692
  0.11169
  0.11169
 0.111691
 0.111691
 0.111691
 0.111691
 0.111691
 0.111691
 0.111691
 0.111691
 0.111691
 0.111691
 0.111691
 0.111691
 0.111691
 0.111691
 0.111691
 0.111691
 0.111691
 0.111691
 0.111691
 0.111691
 0.111691
 0.111691
 0.111691
 0.111691
 0.111691
 0.111691
 0.111691
 0.111691
 0.111691
 0.111691
 0.111691
 0.111691
 0.111691
 0.111691
 0.111691
 0.111691
 0.111691
 0.111691
 0.111691
 0.111691
 0.111691
 0.111691
 0.111691
 0.111691
 0.111691
 0.111691
 0.111691
 0.111691
 0.111691
 0.111691
 0.111691
 0.111691
 0.111691
 0.111691
 0.111691
 0.111691
 0.111691
 0.111691
 0.111691
 0.111691
 0.111691
 0.111691
 0.111691
 0.111691
 0.111691
 0.111691
 0.111691
 0.111691
 0.111691
 0.111691
 0.111691
 0.111691
 0.111691
 0.111691
 0.111691
 0.111691
 0.111691
 0.111691
 0.111691
 0.111691
 0.111691
 0.111691
