23.3536
28.8636
31.0061
31.8181
32.1227
32.2365
32.2789
32.2947
32.3006
32.3028
32.3036
 32.304
32.3041
32.3041
32.3041
32.3041
32.3041
32.3041
32.3041
32.3041
32.3041
32.3041
32.3041
32.3041
32.3041
32.3041
32.3041
32.3041
32.3041
32.3041
32.3041
32.3041
32.3041
32.3041
32.3041
32.3041
32.3041
32.3041
32.3041
32.3041
32.3041
32.3041
32.3041
32.3041
32.3041
32.3041
32.3041
32.3041
32.3041
32.3041
32.3041
32.3041
32.3041
32.3041
32.3041
32.3041
32.3041
32.3041
32.3041
32.3041
32.3041
32.3041
32.3041
32.3041
32.3041
32.3041
32.3041
32.3041
32.3041
32.3041
32.3041
32.3041
32.3041
32.3041
32.3041
32.3041
32.3041
32.3041
32.3041
32.3041
32.3041
32.3041
32.3041
32.3041
32.3041
32.3041
32.3041
32.3041
32.3041
32.3041
32.3041
32.3041
32.3041
32.3041
32.3041
32.3041
32.3041
32.3041
32.3041
32.3041
