9.85912
9.79736
9.77249
 9.7629
9.75928
9.75792
9.75741
9.75722
9.75715
9.75713
9.75712
9.75711
9.75711
9.75711
9.75711
9.75711
9.75711
9.75711
9.75711
9.75711
9.75711
9.75711
9.75711
9.75711
9.75711
9.75711
9.75711
9.75711
9.75711
9.75711
9.75711
9.75711
9.75711
9.75711
9.75711
9.75711
9.75711
9.75711
9.75711
9.75711
9.75711
9.75711
9.75711
9.75711
9.75711
9.75711
9.75711
9.75711
9.75711
9.75711
9.75711
9.75711
9.75711
9.75711
9.75711
9.75711
9.75711
9.75711
9.75711
9.75711
9.75711
9.75711
9.75711
9.75711
9.75711
9.75711
9.75711
9.75711
9.75711
9.75711
9.75711
9.75711
9.75711
9.75711
9.75711
9.75711
9.75711
9.75711
9.75711
9.75711
9.75711
9.75711
9.75711
9.75711
9.75711
9.75711
9.75711
9.75711
9.75711
9.75711
9.75711
9.75711
9.75711
9.75711
9.75711
9.75711
9.75711
9.75711
9.75711
9.75711
