0.971825
0.959472
0.954498
 0.95258
0.951856
0.951584
0.951483
0.951445
0.951431
0.951425
0.951424
0.951423
0.951423
0.951422
0.951422
0.951422
0.951422
0.951422
0.951422
0.951422
0.951422
0.951422
0.951422
0.951422
0.951422
0.951422
0.951422
0.951422
0.951422
0.951422
0.951422
0.951422
0.951422
0.951422
0.951422
0.951422
0.951422
0.951422
0.951422
0.951422
0.951422
0.951422
0.951422
0.951422
0.951422
0.951422
0.951422
0.951422
0.951422
0.951422
0.951422
0.951422
0.951422
0.951422
0.951422
0.951422
0.951422
0.951422
0.951422
0.951422
0.951422
0.951422
0.951422
0.951422
0.951422
0.951422
0.951422
0.951422
0.951422
0.951422
0.951422
0.951422
0.951422
0.951422
0.951422
0.951422
0.951422
0.951422
0.951422
0.951422
0.951422
0.951422
0.951422
0.951422
0.951422
0.951422
0.951422
0.951422
0.951422
0.951422
0.951422
0.951422
0.951422
0.951422
0.951422
0.951422
0.951422
0.951422
0.951422
0.951422
