0.0136308
0.0192588
0.0214481
 0.022278
0.0225893
0.0227056
 0.022749
0.0227652
0.0227712
0.0227734
0.0227743
0.0227746
0.0227747
0.0227747
0.0227748
0.0227748
0.0227748
0.0227748
0.0227748
0.0227748
0.0227748
0.0227748
0.0227748
0.0227748
0.0227748
0.0227748
0.0227748
0.0227748
0.0227748
0.0227748
0.0227748
0.0227748
0.0227748
0.0227748
0.0227748
0.0227748
0.0227748
0.0227748
0.0227748
0.0227748
0.0227748
0.0227748
0.0227748
0.0227748
0.0227748
0.0227748
0.0227748
0.0227748
0.0227748
0.0227748
0.0227748
0.0227748
0.0227748
0.0227748
0.0227748
0.0227748
0.0227748
0.0227748
0.0227748
0.0227748
0.0227748
0.0227748
0.0227748
0.0227748
0.0227748
0.0227748
0.0227748
0.0227748
0.0227748
0.0227748
0.0227748
0.0227748
0.0227748
0.0227748
0.0227748
0.0227748
0.0227748
0.0227748
0.0227748
0.0227748
0.0227748
0.0227748
0.0227748
0.0227748
0.0227748
0.0227748
0.0227748
0.0227748
0.0227748
0.0227748
0.0227748
0.0227748
0.0227748
0.0227748
0.0227748
0.0227748
0.0227748
0.0227748
0.0227748
0.0227748
