 9.4908
7.48936
4.24689
 3.1088
3.64988
4.56094
5.40393
6.06017
6.47955
6.61065
6.40854
5.92756
5.40449
5.10404
5.09122
5.26534
 5.4999
5.70323
5.82228
5.83758
5.76321
5.64326
5.53354
5.47409
 5.4739
5.51642
5.57477
 5.6246
 5.6509
5.65016
5.62898
5.59985
5.57531
5.56318
5.56468
5.57577
5.59003
 5.6016
5.60704
5.60593
5.60029
5.59325
5.58771
5.58527
5.58603
5.58892
5.59236
5.59499
5.59607
 5.5956
5.59413
5.59245
 5.5912
5.59073
5.59101
5.59175
5.59257
5.59316
5.59336
 5.5932
5.59283
5.59243
5.59215
5.59207
5.59215
5.59234
5.59254
5.59267
 5.5927
5.59265
5.59256
5.59247
 5.5924
5.59239
5.59242
5.59246
5.59251
5.59254
5.59254
5.59253
5.59251
5.59248
5.59247
5.59247
5.59248
5.59249
 5.5925
5.59251
5.59251
 5.5925
 5.5925
5.59249
5.59249
5.59249
5.59249
5.59249
 5.5925
 5.5925
 5.5925
 5.5925
