56.5623
185.105
195.085
82.2156
33.6768
19.7838
17.1651
20.0127
28.0051
42.2618
61.3791
76.5516
77.2956
66.1733
53.7483
45.6625
42.4639
43.2042
46.7493
51.6833
56.1593
58.4638
58.0374
55.7476
53.0483
 51.052
50.2276
50.5242
 51.568
52.8344
53.8239
54.2344
54.0508
53.4916
  52.86
52.4018
52.2334
52.3399
52.6156
52.9214
53.1407
53.2153
53.1542
53.0135
 52.864
52.7615
52.7307
52.7645
52.8348
52.9073
52.9556
52.9683
52.9498
52.9145
52.8793
52.8568
52.8518
52.8618
52.8794
52.8964
52.9069
52.9088
52.9035
52.8947
52.8864
52.8816
 52.881
52.8838
52.8881
52.8921
52.8943
52.8945
 52.893
52.8909
 52.889
52.8879
52.8879
52.8887
52.8898
52.8907
52.8911
52.8911
52.8907
52.8902
52.8898
52.8895
52.8896
52.8898
  52.89
52.8902
52.8903
52.8903
52.8902
52.8901
  52.89
52.8899
  52.89
  52.89
52.8901
52.8901
