 0.898159
 0.497873
-0.150623
 -0.37824
-0.270024
-0.087813
0.0807861
 0.212033
  0.29591
 0.322129
 0.281709
 0.185512
0.0808982
0.0208077
0.0182443
0.0530685
0.0999792
 0.140646
 0.164455
 0.167516
 0.152641
 0.128653
 0.106708
0.0948172
0.0947797
 0.103283
 0.114955
 0.124921
 0.130181
 0.130032
 0.125797
  0.11997
 0.115062
 0.112635
 0.112937
 0.115155
 0.118006
 0.120319
 0.121407
 0.121186
 0.120057
 0.118651
 0.117541
 0.117054
 0.117207
 0.117784
 0.118472
 0.118998
 0.119214
  0.11912
 0.118827
 0.118489
  0.11824
 0.118146
 0.118201
  0.11835
 0.118514
 0.118632
 0.118673
 0.118641
 0.118566
 0.118486
  0.11843
 0.118413
 0.118431
 0.118469
 0.118508
 0.118534
 0.118541
 0.118531
 0.118512
 0.118493
 0.118481
 0.118478
 0.118483
 0.118493
 0.118502
 0.118508
 0.118509
 0.118506
 0.118501
 0.118497
 0.118494
 0.118494
 0.118495
 0.118498
   0.1185
 0.118501
 0.118501
   0.1185
 0.118499
 0.118498
 0.118498
 0.118498
 0.118498
 0.118499
 0.118499
 0.118499
 0.118499
 0.118499
