0.0475469
 0.179409
 0.192766
0.0799058
0.0303302
0.0153766
0.0118799
0.0140934
 0.021743
0.0360112
0.0555258
0.0713374
0.0726173
0.0616861
0.0491486
0.0408052
0.0373374
0.0378797
0.0413404
0.0463089
0.0509052
 0.053354
0.0530342
0.0507814
 0.048055
0.0459955
0.0451039
0.0453531
0.0463809
0.0476609
0.0486817
0.0491258
0.0489651
0.0484125
 0.047773
 0.047299
0.0471145
0.0472104
0.0474834
0.0477935
0.0480206
0.0481031
0.0480469
0.0479073
0.0477556
0.0476491
0.0476145
 0.047646
0.0477159
0.0477896
0.0478399
0.0478544
 0.047837
0.0478018
 0.047766
0.0477425
0.0477366
0.0477461
0.0477637
 0.047781
 0.047792
0.0477943
0.0477892
0.0477804
 0.047772
0.0477669
0.0477661
0.0477688
0.0477732
0.0477772
0.0477796
0.0477798
0.0477784
0.0477762
0.0477743
0.0477732
0.0477731
0.0477739
 0.047775
0.0477759
0.0477764
0.0477764
 0.047776
0.0477755
 0.047775
0.0477748
0.0477748
 0.047775
0.0477753
0.0477755
0.0477756
0.0477756
0.0477755
0.0477754
0.0477753
0.0477752
0.0477752
0.0477753
0.0477753
0.0477754
