9.52127
7.78234
4.95973
3.89017
4.43203
5.32022
6.05959
6.50209
6.59375
6.35174
5.93442
 5.6013
5.50294
5.59905
5.76987
5.91525
5.98306
5.96787
5.90057
5.82761
5.78486
5.78225
5.80749
5.83989
5.86265
5.86874
5.86073
5.84671
5.83497
5.83012
5.83211
5.83782
5.84346
5.84652
5.84644
5.84428
5.84168
5.83996
5.83961
5.84035
5.84149
5.84238
5.84271
 5.8425
5.84203
5.84159
5.84137
 5.8414
5.84158
5.84179
5.84192
5.84194
5.84187
5.84178
5.84171
5.84169
5.84171
5.84175
5.84178
 5.8418
5.84179
5.84178
5.84176
5.84175
5.84175
5.84176
5.84176
5.84177
5.84177
5.84177
5.84177
5.84176
5.84176
5.84176
5.84176
5.84176
5.84177
5.84177
5.84176
5.84176
5.84176
5.84176
5.84176
5.84176
5.84176
5.84176
5.84176
5.84176
5.84176
5.84176
5.84176
5.84176
5.84176
5.84176
5.84176
5.84176
5.84176
5.84176
5.84176
5.84176
