53.8817
169.984
200.174
103.527
52.1117
36.8882
36.7753
 45.869
62.2783
80.5117
 89.946
85.9246
75.6073
67.1356
63.3657
63.8829
67.1029
70.9735
73.5797
74.0228
 72.762
70.9738
69.6603
69.2397
69.5996
70.3327
70.9949
71.3075
71.2384
70.9426
70.6289
70.4449
70.4308
70.5381
70.6794
  70.78
70.8074
70.7729
 70.712
70.6609
70.6395
70.6478
70.6725
70.6971
70.7106
70.7104
70.7011
70.6898
70.6822
70.6806
70.6838
70.6887
70.6927
70.6941
70.6932
70.6912
70.6893
70.6883
70.6884
70.6892
70.6901
70.6907
70.6908
70.6905
70.6901
70.6898
70.6897
70.6898
70.6899
70.6901
70.6901
70.6901
70.6901
  70.69
70.6899
70.6899
  70.69
  70.69
  70.69
  70.69
  70.69
  70.69
  70.69
  70.69
  70.69
  70.69
  70.69
  70.69
  70.69
  70.69
  70.69
  70.69
  70.69
  70.69
  70.69
  70.69
  70.69
  70.69
  70.69
  70.69
