  0.904255
  0.556469
-0.0080535
 -0.221965
 -0.113595
 0.0640436
  0.211918
  0.300418
   0.31875
  0.270347
  0.186884
  0.120261
  0.100588
   0.11981
  0.153975
   0.18305
  0.196611
  0.193575
  0.180114
  0.165522
  0.156971
   0.15645
  0.161499
  0.167979
  0.172531
  0.173748
  0.172146
  0.169342
  0.166995
  0.166023
  0.166421
  0.167563
  0.168692
  0.169303
  0.169288
  0.168856
  0.168336
  0.167991
  0.167922
   0.16807
  0.168298
  0.168477
  0.168542
  0.168501
  0.168406
  0.168318
  0.168274
   0.16828
  0.168317
  0.168358
  0.168384
  0.168387
  0.168374
  0.168355
  0.168342
  0.168338
  0.168342
  0.168349
  0.168356
  0.168359
  0.168359
  0.168355
  0.168352
   0.16835
   0.16835
  0.168351
  0.168353
  0.168354
  0.168354
  0.168354
  0.168353
  0.168353
  0.168352
  0.168352
  0.168353
  0.168353
  0.168353
  0.168353
  0.168353
  0.168353
  0.168353
  0.168353
  0.168353
  0.168353
  0.168353
  0.168353
  0.168353
  0.168353
  0.168353
  0.168353
  0.168353
  0.168353
  0.168353
  0.168353
  0.168353
  0.168353
  0.168353
  0.168353
  0.168353
  0.168353
