0.0448085
  0.16384
 0.197186
 0.100643
0.0481613
0.0318869
 0.031026
0.0397645
0.0562471
 0.074909
0.0848602
0.0811346
0.0708125
0.0621581
0.0581776
0.0585532
0.0617372
0.0656623
0.0683628
 0.068884
0.0676537
  0.06585
0.0644978
0.0640402
0.0643807
0.0651151
0.0657921
 0.066122
0.0660641
0.0657702
0.0654513
0.0652596
0.0652398
 0.065345
0.0654878
0.0655916
 0.065622
0.0655888
0.0655277
0.0654754
0.0654525
  0.06546
0.0654846
0.0655097
0.0655238
 0.065524
0.0655148
0.0655034
0.0654956
0.0654938
0.0654968
0.0655018
0.0655059
0.0655074
0.0655066
0.0655045
0.0655026
0.0655016
0.0655016
0.0655024
0.0655034
0.0655039
 0.065504
0.0655038
0.0655033
 0.065503
0.0655029
 0.065503
0.0655032
0.0655033
0.0655034
0.0655034
0.0655033
0.0655033
0.0655032
0.0655032
0.0655032
0.0655033
0.0655033
0.0655033
0.0655033
0.0655033
0.0655033
0.0655033
0.0655033
0.0655033
0.0655033
0.0655033
0.0655033
0.0655033
0.0655033
0.0655033
0.0655033
0.0655033
0.0655033
0.0655033
0.0655033
0.0655033
0.0655033
0.0655033
