9.85148
9.77835
9.74551
9.73149
9.72566
9.72327
9.72229
9.72189
9.72173
9.72166
9.72164
9.72162
9.72162
9.72162
9.72162
9.72162
9.72162
9.72162
9.72162
9.72162
9.72162
9.72162
9.72162
9.72162
9.72162
9.72162
9.72162
9.72162
9.72162
9.72162
9.72162
9.72162
9.72162
9.72162
9.72162
9.72162
9.72162
9.72162
9.72162
9.72162
9.72162
9.72162
9.72162
9.72162
9.72162
9.72162
9.72162
9.72162
9.72162
9.72162
9.72162
9.72162
9.72162
9.72162
9.72162
9.72162
9.72162
9.72162
9.72162
9.72162
9.72162
9.72162
9.72162
9.72162
9.72162
9.72162
9.72162
9.72162
9.72162
9.72162
9.72162
9.72162
9.72162
9.72162
9.72162
9.72162
9.72162
9.72162
9.72162
9.72162
9.72162
9.72162
9.72162
9.72162
9.72162
9.72162
9.72162
9.72162
9.72162
9.72162
9.72162
9.72162
9.72162
9.72162
9.72162
9.72162
9.72162
9.72162
9.72162
9.72162
