24.0635
30.5622
33.3676
34.5394
35.0217
35.2189
35.2994
35.3322
35.3455
 35.351
35.3532
35.3541
35.3544
35.3546
35.3547
35.3547
35.3547
35.3547
35.3547
35.3547
35.3547
35.3547
35.3547
35.3547
35.3547
35.3547
35.3547
35.3547
35.3547
35.3547
35.3547
35.3547
35.3547
35.3547
35.3547
35.3547
35.3547
35.3547
35.3547
35.3547
35.3547
35.3547
35.3547
35.3547
35.3547
35.3547
35.3547
35.3547
35.3547
35.3547
35.3547
35.3547
35.3547
35.3547
35.3547
35.3547
35.3547
35.3547
35.3547
35.3547
35.3547
35.3547
35.3547
35.3547
35.3547
35.3547
35.3547
35.3547
35.3547
35.3547
35.3547
35.3547
35.3547
35.3547
35.3547
35.3547
35.3547
35.3547
35.3547
35.3547
35.3547
35.3547
35.3547
35.3547
35.3547
35.3547
35.3547
35.3547
35.3547
35.3547
35.3547
35.3547
35.3547
35.3547
35.3547
35.3547
35.3547
35.3547
35.3547
35.3547
