0.970295
 0.95567
0.949102
0.946299
0.945133
0.944654
0.944458
0.944378
0.944346
0.944332
0.944327
0.944325
0.944324
0.944324
0.944323
0.944323
0.944323
0.944323
0.944323
0.944323
0.944323
0.944323
0.944323
0.944323
0.944323
0.944323
0.944323
0.944323
0.944323
0.944323
0.944323
0.944323
0.944323
0.944323
0.944323
0.944323
0.944323
0.944323
0.944323
0.944323
0.944323
0.944323
0.944323
0.944323
0.944323
0.944323
0.944323
0.944323
0.944323
0.944323
0.944323
0.944323
0.944323
0.944323
0.944323
0.944323
0.944323
0.944323
0.944323
0.944323
0.944323
0.944323
0.944323
0.944323
0.944323
0.944323
0.944323
0.944323
0.944323
0.944323
0.944323
0.944323
0.944323
0.944323
0.944323
0.944323
0.944323
0.944323
0.944323
0.944323
0.944323
0.944323
0.944323
0.944323
0.944323
0.944323
0.944323
0.944323
0.944323
0.944323
0.944323
0.944323
0.944323
0.944323
0.944323
0.944323
0.944323
0.944323
0.944323
0.944323
