0.0143556
0.0209938
0.0238607
0.0250585
0.0255515
0.0257532
0.0258355
 0.025869
0.0258826
0.0258882
0.0258904
0.0258914
0.0258917
0.0258919
 0.025892
 0.025892
 0.025892
 0.025892
 0.025892
 0.025892
 0.025892
 0.025892
 0.025892
 0.025892
 0.025892
 0.025892
 0.025892
 0.025892
 0.025892
 0.025892
 0.025892
 0.025892
 0.025892
 0.025892
 0.025892
 0.025892
 0.025892
 0.025892
 0.025892
 0.025892
 0.025892
 0.025892
 0.025892
 0.025892
 0.025892
 0.025892
 0.025892
 0.025892
 0.025892
 0.025892
 0.025892
 0.025892
 0.025892
 0.025892
 0.025892
 0.025892
 0.025892
 0.025892
 0.025892
 0.025892
 0.025892
 0.025892
 0.025892
 0.025892
 0.025892
 0.025892
 0.025892
 0.025892
 0.025892
 0.025892
 0.025892
 0.025892
 0.025892
 0.025892
 0.025892
 0.025892
 0.025892
 0.025892
 0.025892
 0.025892
 0.025892
 0.025892
 0.025892
 0.025892
 0.025892
 0.025892
 0.025892
 0.025892
 0.025892
 0.025892
 0.025892
 0.025892
 0.025892
 0.025892
 0.025892
 0.025892
 0.025892
 0.025892
 0.025892
 0.025892
