24.5301
22.9463
23.1566
22.9225
23.0197
22.9751
22.9937
 22.986
22.9891
22.9879
22.9884
22.9882
22.9883
22.9882
22.9883
22.9882
22.9882
22.9882
22.9882
22.9882
22.9882
22.9882
22.9882
22.9882
22.9882
22.9882
22.9882
22.9882
22.9882
22.9882
22.9882
22.9882
22.9882
22.9882
22.9882
22.9882
22.9882
22.9882
22.9882
22.9882
22.9882
22.9882
22.9882
22.9882
22.9882
22.9882
22.9882
22.9882
22.9882
22.9882
22.9882
22.9882
22.9882
22.9882
22.9882
22.9882
22.9882
22.9882
22.9882
22.9882
22.9882
22.9882
22.9882
22.9882
22.9882
22.9882
22.9882
22.9882
22.9882
22.9882
22.9882
22.9882
22.9882
22.9882
22.9882
22.9882
22.9882
22.9882
22.9882
22.9882
22.9882
22.9882
22.9882
22.9882
22.9882
22.9882
22.9882
22.9882
22.9882
22.9882
22.9882
22.9882
22.9882
22.9882
22.9882
22.9882
22.9882
22.9882
22.9882
22.9882
