2496.59
977.572
 1422.4
1260.78
1314.97
1296.53
1302.73
1300.66
1301.35
1301.12
1301.19
1301.17
1301.18
1301.17
1301.18
1301.18
1301.18
1301.18
1301.18
1301.18
1301.18
1301.18
1301.18
1301.18
1301.18
1301.18
1301.18
1301.18
1301.18
1301.18
1301.18
1301.18
1301.18
1301.18
1301.18
1301.18
1301.18
1301.18
1301.18
1301.18
1301.18
1301.18
1301.18
1301.18
1301.18
1301.18
1301.18
1301.18
1301.18
1301.18
1301.18
1301.18
1301.18
1301.18
1301.18
1301.18
1301.18
1301.18
1301.18
1301.18
1301.18
1301.18
1301.18
1301.18
1301.18
1301.18
1301.18
1301.18
1301.18
1301.18
1301.18
1301.18
1301.18
1301.18
1301.18
1301.18
1301.18
1301.18
1301.18
1301.18
1301.18
1301.18
1301.18
1301.18
1301.18
1301.18
1301.18
1301.18
1301.18
1301.18
1301.18
1301.18
1301.18
1301.18
1301.18
1301.18
1301.18
1301.18
1301.18
1301.18
