0.362782
0.274793
0.286476
0.273473
 0.27887
0.276393
0.277429
0.277003
0.277173
0.277106
0.277132
0.277122
0.277126
0.277124
0.277125
0.277125
0.277125
0.277125
0.277125
0.277125
0.277125
0.277125
0.277125
0.277125
0.277125
0.277125
0.277125
0.277125
0.277125
0.277125
0.277125
0.277125
0.277125
0.277125
0.277125
0.277125
0.277125
0.277125
0.277125
0.277125
0.277125
0.277125
0.277125
0.277125
0.277125
0.277125
0.277125
0.277125
0.277125
0.277125
0.277125
0.277125
0.277125
0.277125
0.277125
0.277125
0.277125
0.277125
0.277125
0.277125
0.277125
0.277125
0.277125
0.277125
0.277125
0.277125
0.277125
0.277125
0.277125
0.277125
0.277125
0.277125
0.277125
0.277125
0.277125
0.277125
0.277125
0.277125
0.277125
0.277125
0.277125
0.277125
0.277125
0.277125
0.277125
0.277125
0.277125
0.277125
0.277125
0.277125
0.277125
0.277125
0.277125
0.277125
0.277125
0.277125
0.277125
0.277125
0.277125
0.277125
