 0.191277
0.0738646
 0.108267
0.0957797
0.0999654
0.0985419
0.0990202
0.0988604
0.0989134
 0.098896
0.0989016
0.0988998
0.0989004
0.0989002
0.0989003
0.0989003
0.0989003
0.0989003
0.0989003
0.0989003
0.0989003
0.0989003
0.0989003
0.0989003
0.0989003
0.0989003
0.0989003
0.0989003
0.0989003
0.0989003
0.0989003
0.0989003
0.0989003
0.0989003
0.0989003
0.0989003
0.0989003
0.0989003
0.0989003
0.0989003
0.0989003
0.0989003
0.0989003
0.0989003
0.0989003
0.0989003
0.0989003
0.0989003
0.0989003
0.0989003
0.0989003
0.0989003
0.0989003
0.0989003
0.0989003
0.0989003
0.0989003
0.0989003
0.0989003
0.0989003
0.0989003
0.0989003
0.0989003
0.0989003
0.0989003
0.0989003
0.0989003
0.0989003
0.0989003
0.0989003
0.0989003
0.0989003
0.0989003
0.0989003
0.0989003
0.0989003
0.0989003
0.0989003
0.0989003
0.0989003
0.0989003
0.0989003
0.0989003
0.0989003
0.0989003
0.0989003
0.0989003
0.0989003
0.0989003
0.0989003
0.0989003
0.0989003
0.0989003
0.0989003
0.0989003
0.0989003
0.0989003
0.0989003
0.0989003
0.0989003
