29.8323
47.9016
61.6719
70.5525
75.5342
 78.045
79.2156
79.7315
79.9497
80.0392
 80.075
 80.089
80.0944
80.0965
80.0973
80.0976
80.0977
80.0977
80.0977
80.0977
80.0977
80.0977
80.0977
80.0977
80.0977
80.0977
80.0977
80.0977
80.0977
80.0977
80.0977
80.0977
80.0977
80.0977
80.0977
80.0977
80.0977
80.0977
80.0977
80.0977
80.0977
80.0977
80.0977
80.0977
80.0977
80.0977
80.0977
80.0977
80.0977
80.0977
80.0977
80.0977
80.0977
80.0977
80.0977
80.0977
80.0977
80.0977
80.0977
80.0977
80.0977
80.0977
80.0977
80.0977
80.0977
80.0977
80.0977
80.0977
80.0977
80.0977
80.0977
80.0977
80.0977
80.0977
80.0977
80.0977
80.0977
80.0977
80.0977
80.0977
80.0977
80.0977
80.0977
80.0977
80.0977
80.0977
80.0977
80.0977
80.0977
80.0977
80.0977
80.0977
80.0977
80.0977
80.0977
80.0977
80.0977
80.0977
80.0977
80.0977
