9.78893
9.57826
9.40031
9.27265
9.19346
9.14987
9.12801
 9.1178
9.11327
9.11134
9.11055
9.11023
 9.1101
9.11006
9.11004
9.11003
9.11003
9.11003
9.11003
9.11003
9.11003
9.11003
9.11003
9.11003
9.11003
9.11003
9.11003
9.11003
9.11003
9.11003
9.11003
9.11003
9.11003
9.11003
9.11003
9.11003
9.11003
9.11003
9.11003
9.11003
9.11003
9.11003
9.11003
9.11003
9.11003
9.11003
9.11003
9.11003
9.11003
9.11003
9.11003
9.11003
9.11003
9.11003
9.11003
9.11003
9.11003
9.11003
9.11003
9.11003
9.11003
9.11003
9.11003
9.11003
9.11003
9.11003
9.11003
9.11003
9.11003
9.11003
9.11003
9.11003
9.11003
9.11003
9.11003
9.11003
9.11003
9.11003
9.11003
9.11003
9.11003
9.11003
9.11003
9.11003
9.11003
9.11003
9.11003
9.11003
9.11003
9.11003
9.11003
9.11003
9.11003
9.11003
9.11003
9.11003
9.11003
9.11003
9.11003
9.11003
