0.957786
0.915651
0.880061
0.854529
0.838691
0.829974
0.825603
 0.82356
0.822654
0.822269
 0.82211
0.822046
0.822021
0.822011
0.822007
0.822006
0.822005
0.822005
0.822005
0.822005
0.822005
0.822005
0.822005
0.822005
0.822005
0.822005
0.822005
0.822005
0.822005
0.822005
0.822005
0.822005
0.822005
0.822005
0.822005
0.822005
0.822005
0.822005
0.822005
0.822005
0.822005
0.822005
0.822005
0.822005
0.822005
0.822005
0.822005
0.822005
0.822005
0.822005
0.822005
0.822005
0.822005
0.822005
0.822005
0.822005
0.822005
0.822005
0.822005
0.822005
0.822005
0.822005
0.822005
0.822005
0.822005
0.822005
0.822005
0.822005
0.822005
0.822005
0.822005
0.822005
0.822005
0.822005
0.822005
0.822005
0.822005
0.822005
0.822005
0.822005
0.822005
0.822005
0.822005
0.822005
0.822005
0.822005
0.822005
0.822005
0.822005
0.822005
0.822005
0.822005
0.822005
0.822005
0.822005
0.822005
0.822005
0.822005
0.822005
0.822005
