0.0202458
0.0387105
0.0527996
0.0618989
0.0670108
0.0695911
0.0707955
0.0713269
0.0715519
0.0716443
0.0716812
0.0716958
0.0717014
0.0717035
0.0717043
0.0717046
0.0717047
0.0717047
0.0717047
0.0717047
0.0717047
0.0717047
0.0717047
0.0717047
0.0717047
0.0717047
0.0717047
0.0717047
0.0717047
0.0717047
0.0717047
0.0717047
0.0717047
0.0717047
0.0717047
0.0717047
0.0717047
0.0717047
0.0717047
0.0717047
0.0717047
0.0717047
0.0717047
0.0717047
0.0717047
0.0717047
0.0717047
0.0717047
0.0717047
0.0717047
0.0717047
0.0717047
0.0717047
0.0717047
0.0717047
0.0717047
0.0717047
0.0717047
0.0717047
0.0717047
0.0717047
0.0717047
0.0717047
0.0717047
0.0717047
0.0717047
0.0717047
0.0717047
0.0717047
0.0717047
0.0717047
0.0717047
0.0717047
0.0717047
0.0717047
0.0717047
0.0717047
0.0717047
0.0717047
0.0717047
0.0717047
0.0717047
0.0717047
0.0717047
0.0717047
0.0717047
0.0717047
0.0717047
0.0717047
0.0717047
0.0717047
0.0717047
0.0717047
0.0717047
0.0717047
0.0717047
0.0717047
0.0717047
0.0717047
0.0717047
