 46.021
125.095
 183.91
154.075
 113.54
97.5626
98.7115
107.211
114.945
 117.52
115.873
 113.28
111.843
111.806
112.455
113.042
113.243
113.137
 112.95
112.838
112.829
112.875
112.919
112.936
112.929
112.915
112.907
112.905
112.909
112.912
112.913
112.913
112.912
112.911
112.911
112.911
112.912
112.912
112.912
112.912
112.912
112.912
112.912
112.912
112.912
112.912
112.912
112.912
112.912
112.912
112.912
112.912
112.912
112.912
112.912
112.912
112.912
112.912
112.912
112.912
112.912
112.912
112.912
112.912
112.912
112.912
112.912
112.912
112.912
112.912
112.912
112.912
112.912
112.912
112.912
112.912
112.912
112.912
112.912
112.912
112.912
112.912
112.912
112.912
112.912
112.912
112.912
112.912
112.912
112.912
112.912
112.912
112.912
112.912
112.912
112.912
112.912
112.912
112.912
112.912
