9.60992
 8.5393
6.86528
5.91604
6.04945
6.50695
6.81954
6.89106
6.80191
6.68435
 6.6251
6.63031
 6.6625
6.68781
6.69459
6.68843
6.67982
6.67526
6.67541
 6.6777
6.67962
 6.6802
6.67979
6.67916
 6.6788
 6.6788
6.67896
 6.6791
6.67915
6.67913
6.67908
6.67905
6.67905
6.67906
6.67907
6.67908
6.67907
6.67907
6.67907
6.67907
6.67907
6.67907
6.67907
6.67907
6.67907
6.67907
6.67907
6.67907
6.67907
6.67907
6.67907
6.67907
6.67907
6.67907
6.67907
6.67907
6.67907
6.67907
6.67907
6.67907
6.67907
6.67907
6.67907
6.67907
6.67907
6.67907
6.67907
6.67907
6.67907
6.67907
6.67907
6.67907
6.67907
6.67907
6.67907
6.67907
6.67907
6.67907
6.67907
6.67907
6.67907
6.67907
6.67907
6.67907
6.67907
6.67907
6.67907
6.67907
6.67907
6.67907
6.67907
6.67907
6.67907
6.67907
6.67907
6.67907
6.67907
6.67907
6.67907
6.67907
