0.921983
0.707861
0.373055
0.183208
0.209891
 0.30139
0.363909
0.378212
0.360382
0.336869
 0.32502
0.326062
  0.3325
0.337563
0.338919
0.337686
0.335963
0.335052
0.335082
 0.33554
0.335925
 0.33604
0.335958
0.335832
0.335761
0.335759
0.335792
0.335821
0.335831
0.335825
0.335816
 0.33581
 0.33581
0.335812
0.335814
0.335815
0.335815
0.335814
0.335814
0.335814
0.335814
0.335814
0.335814
0.335814
0.335814
0.335814
0.335814
0.335814
0.335814
0.335814
0.335814
0.335814
0.335814
0.335814
0.335814
0.335814
0.335814
0.335814
0.335814
0.335814
0.335814
0.335814
0.335814
0.335814
0.335814
0.335814
0.335814
0.335814
0.335814
0.335814
0.335814
0.335814
0.335814
0.335814
0.335814
0.335814
0.335814
0.335814
0.335814
0.335814
0.335814
0.335814
0.335814
0.335814
0.335814
0.335814
0.335814
0.335814
0.335814
0.335814
0.335814
0.335814
0.335814
0.335814
0.335814
0.335814
0.335814
0.335814
0.335814
0.335814
