0.0367789
 0.117733
 0.178834
 0.149655
 0.108576
0.0919754
0.0928202
 0.101333
 0.109236
 0.111956
 0.110351
 0.107727
 0.106243
  0.10618
 0.106829
 0.107428
  0.10764
 0.107537
 0.107348
 0.107232
 0.107222
 0.107268
 0.107313
  0.10733
 0.107323
 0.107309
 0.107301
 0.107299
 0.107303
 0.107306
 0.107307
 0.107307
 0.107306
 0.107305
 0.107305
 0.107305
 0.107306
 0.107306
 0.107306
 0.107306
 0.107306
 0.107306
 0.107306
 0.107306
 0.107306
 0.107306
 0.107306
 0.107306
 0.107306
 0.107306
 0.107306
 0.107306
 0.107306
 0.107306
 0.107306
 0.107306
 0.107306
 0.107306
 0.107306
 0.107306
 0.107306
 0.107306
 0.107306
 0.107306
 0.107306
 0.107306
 0.107306
 0.107306
 0.107306
 0.107306
 0.107306
 0.107306
 0.107306
 0.107306
 0.107306
 0.107306
 0.107306
 0.107306
 0.107306
 0.107306
 0.107306
 0.107306
 0.107306
 0.107306
 0.107306
 0.107306
 0.107306
 0.107306
 0.107306
 0.107306
 0.107306
 0.107306
 0.107306
 0.107306
 0.107306
 0.107306
 0.107306
 0.107306
 0.107306
 0.107306
