327.981
 779.48
594.627
585.635
609.823
604.581
602.973
604.062
603.967
603.857
603.899
603.901
603.895
603.897
603.897
603.897
603.897
603.897
603.897
603.897
603.897
603.897
603.897
603.897
603.897
603.897
603.897
603.897
603.897
603.897
603.897
603.897
603.897
603.897
603.897
603.897
603.897
603.897
603.897
603.897
603.897
603.897
603.897
603.897
603.897
603.897
603.897
603.897
603.897
603.897
603.897
603.897
603.897
603.897
603.897
603.897
603.897
603.897
603.897
603.897
603.897
603.897
603.897
603.897
603.897
603.897
603.897
603.897
603.897
603.897
603.897
603.897
603.897
603.897
603.897
603.897
603.897
603.897
603.897
603.897
603.897
603.897
603.897
603.897
603.897
603.897
603.897
603.897
603.897
603.897
603.897
603.897
603.897
603.897
603.897
603.897
603.897
603.897
603.897
603.897
