20.4415
  15.82
15.5139
16.1219
15.9751
15.9373
15.9658
15.9627
  15.96
15.9611
15.9611
 15.961
 15.961
 15.961
 15.961
 15.961
 15.961
 15.961
 15.961
 15.961
 15.961
 15.961
 15.961
 15.961
 15.961
 15.961
 15.961
 15.961
 15.961
 15.961
 15.961
 15.961
 15.961
 15.961
 15.961
 15.961
 15.961
 15.961
 15.961
 15.961
 15.961
 15.961
 15.961
 15.961
 15.961
 15.961
 15.961
 15.961
 15.961
 15.961
 15.961
 15.961
 15.961
 15.961
 15.961
 15.961
 15.961
 15.961
 15.961
 15.961
 15.961
 15.961
 15.961
 15.961
 15.961
 15.961
 15.961
 15.961
 15.961
 15.961
 15.961
 15.961
 15.961
 15.961
 15.961
 15.961
 15.961
 15.961
 15.961
 15.961
 15.961
 15.961
 15.961
 15.961
 15.961
 15.961
 15.961
 15.961
 15.961
 15.961
 15.961
 15.961
 15.961
 15.961
 15.961
 15.961
 15.961
 15.961
 15.961
 15.961
