0.858318
0.438178
0.410355
0.465626
0.452282
0.448849
0.451433
0.451155
0.450908
 0.45101
0.451013
0.450999
0.451003
0.451003
0.451003
0.451003
0.451003
0.451003
0.451003
0.451003
0.451003
0.451003
0.451003
0.451003
0.451003
0.451003
0.451003
0.451003
0.451003
0.451003
0.451003
0.451003
0.451003
0.451003
0.451003
0.451003
0.451003
0.451003
0.451003
0.451003
0.451003
0.451003
0.451003
0.451003
0.451003
0.451003
0.451003
0.451003
0.451003
0.451003
0.451003
0.451003
0.451003
0.451003
0.451003
0.451003
0.451003
0.451003
0.451003
0.451003
0.451003
0.451003
0.451003
0.451003
0.451003
0.451003
0.451003
0.451003
0.451003
0.451003
0.451003
0.451003
0.451003
0.451003
0.451003
0.451003
0.451003
0.451003
0.451003
0.451003
0.451003
0.451003
0.451003
0.451003
0.451003
0.451003
0.451003
0.451003
0.451003
0.451003
0.451003
0.451003
0.451003
0.451003
0.451003
0.451003
0.451003
0.451003
0.451003
0.451003
