0.0638313
 0.158501
 0.120198
 0.118205
 0.123256
 0.122176
 0.121836
 0.122063
 0.122044
 0.122021
 0.122029
  0.12203
 0.122029
 0.122029
 0.122029
 0.122029
 0.122029
 0.122029
 0.122029
 0.122029
 0.122029
 0.122029
 0.122029
 0.122029
 0.122029
 0.122029
 0.122029
 0.122029
 0.122029
 0.122029
 0.122029
 0.122029
 0.122029
 0.122029
 0.122029
 0.122029
 0.122029
 0.122029
 0.122029
 0.122029
 0.122029
 0.122029
 0.122029
 0.122029
 0.122029
 0.122029
 0.122029
 0.122029
 0.122029
 0.122029
 0.122029
 0.122029
 0.122029
 0.122029
 0.122029
 0.122029
 0.122029
 0.122029
 0.122029
 0.122029
 0.122029
 0.122029
 0.122029
 0.122029
 0.122029
 0.122029
 0.122029
 0.122029
 0.122029
 0.122029
 0.122029
 0.122029
 0.122029
 0.122029
 0.122029
 0.122029
 0.122029
 0.122029
 0.122029
 0.122029
 0.122029
 0.122029
 0.122029
 0.122029
 0.122029
 0.122029
 0.122029
 0.122029
 0.122029
 0.122029
 0.122029
 0.122029
 0.122029
 0.122029
 0.122029
 0.122029
 0.122029
 0.122029
 0.122029
 0.122029
