9.81617
9.67543
9.58081
9.52338
9.49101
9.47364
9.46461
   9.46
9.45767
 9.4565
9.45592
9.45562
9.45548
9.45541
9.45537
9.45535
9.45534
9.45534
9.45533
9.45533
9.45533
9.45533
9.45533
9.45533
9.45533
9.45533
9.45533
9.45533
9.45533
9.45533
9.45533
9.45533
9.45533
9.45533
9.45533
9.45533
9.45533
9.45533
9.45533
9.45533
9.45533
9.45533
9.45533
9.45533
9.45533
9.45533
9.45533
9.45533
9.45533
9.45533
9.45533
9.45533
9.45533
9.45533
9.45533
9.45533
9.45533
9.45533
9.45533
9.45533
9.45533
9.45533
9.45533
9.45533
9.45533
9.45533
9.45533
9.45533
9.45533
9.45533
9.45533
9.45533
9.45533
9.45533
9.45533
9.45533
9.45533
9.45533
9.45533
9.45533
9.45533
9.45533
9.45533
9.45533
9.45533
9.45533
9.45533
9.45533
9.45533
9.45533
9.45533
9.45533
9.45533
9.45533
9.45533
9.45533
9.45533
9.45533
9.45533
9.45533
