27.3282
39.5995
47.2972
51.7165
54.1091
55.3586
55.9977
56.3207
 56.483
56.5643
56.6049
56.6252
56.6353
56.6404
56.6429
56.6442
56.6448
56.6451
56.6453
56.6453
56.6454
56.6454
56.6454
56.6454
56.6454
56.6454
56.6454
56.6454
56.6454
56.6454
56.6454
56.6454
56.6454
56.6454
56.6454
56.6454
56.6454
56.6454
56.6454
56.6454
56.6454
56.6454
56.6454
56.6454
56.6454
56.6454
56.6454
56.6454
56.6454
56.6454
56.6454
56.6454
56.6454
56.6454
56.6454
56.6454
56.6454
56.6454
56.6454
56.6454
56.6454
56.6454
56.6454
56.6454
56.6454
56.6454
56.6454
56.6454
56.6454
56.6454
56.6454
56.6454
56.6454
56.6454
56.6454
56.6454
56.6454
56.6454
56.6454
56.6454
56.6454
56.6454
56.6454
56.6454
56.6454
56.6454
56.6454
56.6454
56.6454
56.6454
56.6454
56.6454
56.6454
56.6454
56.6454
56.6454
56.6454
56.6454
56.6454
56.6454
