0.963233
0.935086
0.916161
0.904676
0.898202
0.894729
0.892923
   0.892
0.891535
0.891301
0.891183
0.891125
0.891096
0.891081
0.891074
 0.89107
0.891068
0.891067
0.891067
0.891067
0.891067
0.891067
0.891067
0.891067
0.891067
0.891066
0.891066
0.891066
0.891066
0.891066
0.891066
0.891066
0.891066
0.891066
0.891066
0.891066
0.891066
0.891066
0.891066
0.891066
0.891066
0.891066
0.891066
0.891066
0.891066
0.891066
0.891066
0.891066
0.891066
0.891066
0.891066
0.891066
0.891066
0.891066
0.891066
0.891066
0.891066
0.891066
0.891066
0.891066
0.891066
0.891066
0.891066
0.891066
0.891066
0.891066
0.891066
0.891066
0.891066
0.891066
0.891066
0.891066
0.891066
0.891066
0.891066
0.891066
0.891066
0.891066
0.891066
0.891066
0.891066
0.891066
0.891066
0.891066
0.891066
0.891066
0.891066
0.891066
0.891066
0.891066
0.891066
0.891066
0.891066
0.891066
0.891066
0.891066
0.891066
0.891066
0.891066
0.891066
