0.0176889
0.0302263
0.0380973
0.0426194
0.0450688
0.0463485
0.0470031
0.0473341
0.0475004
0.0475836
0.0476253
 0.047646
0.0476564
0.0476616
0.0476642
0.0476655
0.0476661
0.0476664
0.0476666
0.0476667
0.0476667
0.0476667
0.0476667
0.0476668
0.0476668
0.0476668
0.0476668
0.0476668
0.0476668
0.0476668
0.0476668
0.0476668
0.0476668
0.0476668
0.0476668
0.0476668
0.0476668
0.0476668
0.0476668
0.0476668
0.0476668
0.0476668
0.0476668
0.0476668
0.0476668
0.0476668
0.0476668
0.0476668
0.0476668
0.0476668
0.0476668
0.0476668
0.0476668
0.0476668
0.0476668
0.0476668
0.0476668
0.0476668
0.0476668
0.0476668
0.0476668
0.0476668
0.0476668
0.0476668
0.0476668
0.0476668
0.0476668
0.0476668
0.0476668
0.0476668
0.0476668
0.0476668
0.0476668
0.0476668
0.0476668
0.0476668
0.0476668
0.0476668
0.0476668
0.0476668
0.0476668
0.0476668
0.0476668
0.0476668
0.0476668
0.0476668
0.0476668
0.0476668
0.0476668
0.0476668
0.0476668
0.0476668
0.0476668
0.0476668
0.0476668
0.0476668
0.0476668
0.0476668
0.0476668
0.0476668
