9.88375
9.85115
9.84259
9.84041
9.83985
9.83971
9.83967
9.83967
9.83966
9.83966
9.83966
9.83966
9.83966
9.83966
9.83966
9.83966
9.83966
9.83966
9.83966
9.83966
9.83966
9.83966
9.83966
9.83966
9.83966
9.83966
9.83966
9.83966
9.83966
9.83966
9.83966
9.83966
9.83966
9.83966
9.83966
9.83966
9.83966
9.83966
9.83966
9.83966
9.83966
9.83966
9.83966
9.83966
9.83966
9.83966
9.83966
9.83966
9.83966
9.83966
9.83966
9.83966
9.83966
9.83966
9.83966
9.83966
9.83966
9.83966
9.83966
9.83966
9.83966
9.83966
9.83966
9.83966
9.83966
9.83966
9.83966
9.83966
9.83966
9.83966
9.83966
9.83966
9.83966
9.83966
9.83966
9.83966
9.83966
9.83966
9.83966
9.83966
9.83966
9.83966
9.83966
9.83966
9.83966
9.83966
9.83966
9.83966
9.83966
9.83966
9.83966
9.83966
9.83966
9.83966
9.83966
9.83966
9.83966
9.83966
9.83966
9.83966
