  21.06
24.0019
24.7563
24.9478
24.9962
25.0085
25.0116
25.0124
25.0126
25.0126
25.0126
25.0126
25.0126
25.0126
25.0126
25.0126
25.0126
25.0126
25.0126
25.0126
25.0126
25.0126
25.0126
25.0126
25.0126
25.0126
25.0126
25.0126
25.0126
25.0126
25.0126
25.0126
25.0126
25.0126
25.0126
25.0126
25.0126
25.0126
25.0126
25.0126
25.0126
25.0126
25.0126
25.0126
25.0126
25.0126
25.0126
25.0126
25.0126
25.0126
25.0126
25.0126
25.0126
25.0126
25.0126
25.0126
25.0126
25.0126
25.0126
25.0126
25.0126
25.0126
25.0126
25.0126
25.0126
25.0126
25.0126
25.0126
25.0126
25.0126
25.0126
25.0126
25.0126
25.0126
25.0126
25.0126
25.0126
25.0126
25.0126
25.0126
25.0126
25.0126
25.0126
25.0126
25.0126
25.0126
25.0126
25.0126
25.0126
25.0126
25.0126
25.0126
25.0126
25.0126
25.0126
25.0126
25.0126
25.0126
25.0126
25.0126
