0.976749
 0.97023
0.968519
0.968081
 0.96797
0.967942
0.967935
0.967933
0.967933
0.967933
0.967933
0.967933
0.967933
0.967933
0.967933
0.967933
0.967933
0.967933
0.967933
0.967933
0.967933
0.967933
0.967933
0.967933
0.967933
0.967933
0.967933
0.967933
0.967933
0.967933
0.967933
0.967933
0.967933
0.967933
0.967933
0.967933
0.967933
0.967933
0.967933
0.967933
0.967933
0.967933
0.967933
0.967933
0.967933
0.967933
0.967933
0.967933
0.967933
0.967933
0.967933
0.967933
0.967933
0.967933
0.967933
0.967933
0.967933
0.967933
0.967933
0.967933
0.967933
0.967933
0.967933
0.967933
0.967933
0.967933
0.967933
0.967933
0.967933
0.967933
0.967933
0.967933
0.967933
0.967933
0.967933
0.967933
0.967933
0.967933
0.967933
0.967933
0.967933
0.967933
0.967933
0.967933
0.967933
0.967933
0.967933
0.967933
0.967933
0.967933
0.967933
0.967933
0.967933
0.967933
0.967933
0.967933
0.967933
0.967933
0.967933
0.967933
