0.0112892
0.0142937
0.0150644
  0.01526
0.0153095
 0.015322
0.0153252
 0.015326
0.0153262
0.0153262
0.0153262
0.0153262
0.0153262
0.0153262
0.0153262
0.0153262
0.0153262
0.0153262
0.0153262
0.0153262
0.0153262
0.0153262
0.0153262
0.0153262
0.0153262
0.0153262
0.0153262
0.0153262
0.0153262
0.0153262
0.0153262
0.0153262
0.0153262
0.0153262
0.0153262
0.0153262
0.0153262
0.0153262
0.0153262
0.0153262
0.0153262
0.0153262
0.0153262
0.0153262
0.0153262
0.0153262
0.0153262
0.0153262
0.0153262
0.0153262
0.0153262
0.0153262
0.0153262
0.0153262
0.0153262
0.0153262
0.0153262
0.0153262
0.0153262
0.0153262
0.0153262
0.0153262
0.0153262
0.0153262
0.0153262
0.0153262
0.0153262
0.0153262
0.0153262
0.0153262
0.0153262
0.0153262
0.0153262
0.0153262
0.0153262
0.0153262
0.0153262
0.0153262
0.0153262
0.0153262
0.0153262
0.0153262
0.0153262
0.0153262
0.0153262
0.0153262
0.0153262
0.0153262
0.0153262
0.0153262
0.0153262
0.0153262
0.0153262
0.0153262
0.0153262
0.0153262
0.0153262
0.0153262
0.0153262
0.0153262
