24.3528
17.6439
20.1265
 19.333
19.4889
19.4945
19.4714
19.4845
19.4795
19.4808
19.4807
19.4806
19.4807
19.4806
19.4807
19.4807
19.4807
19.4807
19.4807
19.4807
19.4807
19.4807
19.4807
19.4807
19.4807
19.4807
19.4807
19.4807
19.4807
19.4807
19.4807
19.4807
19.4807
19.4807
19.4807
19.4807
19.4807
19.4807
19.4807
19.4807
19.4807
19.4807
19.4807
19.4807
19.4807
19.4807
19.4807
19.4807
19.4807
19.4807
19.4807
19.4807
19.4807
19.4807
19.4807
19.4807
19.4807
19.4807
19.4807
19.4807
19.4807
19.4807
19.4807
19.4807
19.4807
19.4807
19.4807
19.4807
19.4807
19.4807
19.4807
19.4807
19.4807
19.4807
19.4807
19.4807
19.4807
19.4807
19.4807
19.4807
19.4807
19.4807
19.4807
19.4807
19.4807
19.4807
19.4807
19.4807
19.4807
19.4807
19.4807
19.4807
19.4807
19.4807
19.4807
19.4807
19.4807
19.4807
19.4807
19.4807
