   1092
 967.29
 890.24
984.329
940.543
954.762
951.673
951.737
952.086
951.869
951.955
951.931
951.934
951.935
951.934
951.935
951.935
951.935
951.935
951.935
951.935
951.935
951.935
951.935
951.935
951.935
951.935
951.935
951.935
951.935
951.935
951.935
951.935
951.935
951.935
951.935
951.935
951.935
951.935
951.935
951.935
951.935
951.935
951.935
951.935
951.935
951.935
951.935
951.935
951.935
951.935
951.935
951.935
951.935
951.935
951.935
951.935
951.935
951.935
951.935
951.935
951.935
951.935
951.935
951.935
951.935
951.935
951.935
951.935
951.935
951.935
951.935
951.935
951.935
951.935
951.935
951.935
951.935
951.935
951.935
951.935
951.935
951.935
951.935
951.935
951.935
951.935
951.935
951.935
951.935
951.935
951.935
951.935
951.935
951.935
951.935
951.935
951.935
951.935
951.935
