0.679503
0.216821
0.388035
0.333307
0.344064
 0.34445
0.342854
0.343757
0.343416
0.343507
0.343495
0.343491
0.343495
0.343493
0.343493
0.343493
0.343493
0.343493
0.343493
0.343493
0.343493
0.343493
0.343493
0.343493
0.343493
0.343493
0.343493
0.343493
0.343493
0.343493
0.343493
0.343493
0.343493
0.343493
0.343493
0.343493
0.343493
0.343493
0.343493
0.343493
0.343493
0.343493
0.343493
0.343493
0.343493
0.343493
0.343493
0.343493
0.343493
0.343493
0.343493
0.343493
0.343493
0.343493
0.343493
0.343493
0.343493
0.343493
0.343493
0.343493
0.343493
0.343493
0.343493
0.343493
0.343493
0.343493
0.343493
0.343493
0.343493
0.343493
0.343493
0.343493
0.343493
0.343493
0.343493
0.343493
0.343493
0.343493
0.343493
0.343493
0.343493
0.343493
0.343493
0.343493
0.343493
0.343493
0.343493
0.343493
0.343493
0.343493
0.343493
0.343493
0.343493
0.343493
0.343493
0.343493
0.343493
0.343493
0.343493
0.343493
