0.127389
0.113309
 0.10382
0.115141
0.109898
0.111594
0.111228
0.111234
0.111276
 0.11125
0.111261
0.111258
0.111258
0.111258
0.111258
0.111258
0.111258
0.111258
0.111258
0.111258
0.111258
0.111258
0.111258
0.111258
0.111258
0.111258
0.111258
0.111258
0.111258
0.111258
0.111258
0.111258
0.111258
0.111258
0.111258
0.111258
0.111258
0.111258
0.111258
0.111258
0.111258
0.111258
0.111258
0.111258
0.111258
0.111258
0.111258
0.111258
0.111258
0.111258
0.111258
0.111258
0.111258
0.111258
0.111258
0.111258
0.111258
0.111258
0.111258
0.111258
0.111258
0.111258
0.111258
0.111258
0.111258
0.111258
0.111258
0.111258
0.111258
0.111258
0.111258
0.111258
0.111258
0.111258
0.111258
0.111258
0.111258
0.111258
0.111258
0.111258
0.111258
0.111258
0.111258
0.111258
0.111258
0.111258
0.111258
0.111258
0.111258
0.111258
0.111258
0.111258
0.111258
0.111258
0.111258
0.111258
0.111258
0.111258
0.111258
0.111258
