24.8305
18.9304
21.2065
20.2319
20.5568
20.4674
20.4847
20.4847
20.4825
20.4839
20.4833
20.4835
20.4835
20.4835
20.4835
20.4835
20.4835
20.4835
20.4835
20.4835
20.4835
20.4835
20.4835
20.4835
20.4835
20.4835
20.4835
20.4835
20.4835
20.4835
20.4835
20.4835
20.4835
20.4835
20.4835
20.4835
20.4835
20.4835
20.4835
20.4835
20.4835
20.4835
20.4835
20.4835
20.4835
20.4835
20.4835
20.4835
20.4835
20.4835
20.4835
20.4835
20.4835
20.4835
20.4835
20.4835
20.4835
20.4835
20.4835
20.4835
20.4835
20.4835
20.4835
20.4835
20.4835
20.4835
20.4835
20.4835
20.4835
20.4835
20.4835
20.4835
20.4835
20.4835
20.4835
20.4835
20.4835
20.4835
20.4835
20.4835
20.4835
20.4835
20.4835
20.4835
20.4835
20.4835
20.4835
20.4835
20.4835
20.4835
20.4835
20.4835
20.4835
20.4835
20.4835
20.4835
20.4835
20.4835
20.4835
20.4835
