1451.41
951.973
1032.12
1071.64
 1040.7
1056.26
1050.04
1052.12
1051.55
1051.66
1051.66
1051.65
1051.66
1051.65
1051.65
1051.65
1051.65
1051.65
1051.65
1051.65
1051.65
1051.65
1051.65
1051.65
1051.65
1051.65
1051.65
1051.65
1051.65
1051.65
1051.65
1051.65
1051.65
1051.65
1051.65
1051.65
1051.65
1051.65
1051.65
1051.65
1051.65
1051.65
1051.65
1051.65
1051.65
1051.65
1051.65
1051.65
1051.65
1051.65
1051.65
1051.65
1051.65
1051.65
1051.65
1051.65
1051.65
1051.65
1051.65
1051.65
1051.65
1051.65
1051.65
1051.65
1051.65
1051.65
1051.65
1051.65
1051.65
1051.65
1051.65
1051.65
1051.65
1051.65
1051.65
1051.65
1051.65
1051.65
1051.65
1051.65
1051.65
1051.65
1051.65
1051.65
1051.65
1051.65
1051.65
1051.65
1051.65
1051.65
1051.65
1051.65
1051.65
1051.65
1051.65
1051.65
1051.65
1051.65
1051.65
1051.65
