0.601965
0.221317
0.368162
0.305285
0.326247
 0.32048
0.321594
0.321593
0.321454
0.321544
0.321503
0.321518
0.321514
0.321515
0.321515
0.321515
0.321515
0.321515
0.321515
0.321515
0.321515
0.321515
0.321515
0.321515
0.321515
0.321515
0.321515
0.321515
0.321515
0.321515
0.321515
0.321515
0.321515
0.321515
0.321515
0.321515
0.321515
0.321515
0.321515
0.321515
0.321515
0.321515
0.321515
0.321515
0.321515
0.321515
0.321515
0.321515
0.321515
0.321515
0.321515
0.321515
0.321515
0.321515
0.321515
0.321515
0.321515
0.321515
0.321515
0.321515
0.321515
0.321515
0.321515
0.321515
0.321515
0.321515
0.321515
0.321515
0.321515
0.321515
0.321515
0.321515
0.321515
0.321515
0.321515
0.321515
0.321515
0.321515
0.321515
0.321515
0.321515
0.321515
0.321515
0.321515
0.321515
0.321515
0.321515
0.321515
0.321515
0.321515
0.321515
0.321515
0.321515
0.321515
0.321515
0.321515
0.321515
0.321515
0.321515
0.321515
