 0.148928
0.0974051
 0.105534
 0.109762
 0.106498
 0.108132
 0.107481
 0.107698
 0.107638
  0.10765
  0.10765
 0.107648
 0.107649
 0.107649
 0.107649
 0.107649
 0.107649
 0.107649
 0.107649
 0.107649
 0.107649
 0.107649
 0.107649
 0.107649
 0.107649
 0.107649
 0.107649
 0.107649
 0.107649
 0.107649
 0.107649
 0.107649
 0.107649
 0.107649
 0.107649
 0.107649
 0.107649
 0.107649
 0.107649
 0.107649
 0.107649
 0.107649
 0.107649
 0.107649
 0.107649
 0.107649
 0.107649
 0.107649
 0.107649
 0.107649
 0.107649
 0.107649
 0.107649
 0.107649
 0.107649
 0.107649
 0.107649
 0.107649
 0.107649
 0.107649
 0.107649
 0.107649
 0.107649
 0.107649
 0.107649
 0.107649
 0.107649
 0.107649
 0.107649
 0.107649
 0.107649
 0.107649
 0.107649
 0.107649
 0.107649
 0.107649
 0.107649
 0.107649
 0.107649
 0.107649
 0.107649
 0.107649
 0.107649
 0.107649
 0.107649
 0.107649
 0.107649
 0.107649
 0.107649
 0.107649
 0.107649
 0.107649
 0.107649
 0.107649
 0.107649
 0.107649
 0.107649
 0.107649
 0.107649
 0.107649
