9.81438
9.66955
9.57051
 9.5096
9.47492
 9.4562
9.44642
9.44141
9.43888
9.43761
9.43697
9.43665
9.43649
9.43642
9.43638
9.43636
9.43635
9.43634
9.43634
9.43634
9.43634
9.43634
9.43634
9.43634
9.43634
9.43634
9.43634
9.43634
9.43634
9.43634
9.43634
9.43634
9.43634
9.43634
9.43634
9.43634
9.43634
9.43634
9.43634
9.43634
9.43634
9.43634
9.43634
9.43634
9.43634
9.43634
9.43634
9.43634
9.43634
9.43634
9.43634
9.43634
9.43634
9.43634
9.43634
9.43634
9.43634
9.43634
9.43634
9.43634
9.43634
9.43634
9.43634
9.43634
9.43634
9.43634
9.43634
9.43634
9.43634
9.43634
9.43634
9.43634
9.43634
9.43634
9.43634
9.43634
9.43634
9.43634
9.43634
9.43634
9.43634
9.43634
9.43634
9.43634
9.43634
9.43634
9.43634
9.43634
9.43634
9.43634
9.43634
9.43634
9.43634
9.43634
9.43634
9.43634
9.43634
9.43634
9.43634
9.43634
