27.4926
40.1083
48.1411
52.8035
 55.346
56.6796
57.3633
57.7094
57.8833
57.9705
 58.014
58.0357
58.0466
 58.052
58.0547
 58.056
58.0567
58.0571
58.0572
58.0573
58.0573
58.0574
58.0574
58.0574
58.0574
58.0574
58.0574
58.0574
58.0574
58.0574
58.0574
58.0574
58.0574
58.0574
58.0574
58.0574
58.0574
58.0574
58.0574
58.0574
58.0574
58.0574
58.0574
58.0574
58.0574
58.0574
58.0574
58.0574
58.0574
58.0574
58.0574
58.0574
58.0574
58.0574
58.0574
58.0574
58.0574
58.0574
58.0574
58.0574
58.0574
58.0574
58.0574
58.0574
58.0574
58.0574
58.0574
58.0574
58.0574
58.0574
58.0574
58.0574
58.0574
58.0574
58.0574
58.0574
58.0574
58.0574
58.0574
58.0574
58.0574
58.0574
58.0574
58.0574
58.0574
58.0574
58.0574
58.0574
58.0574
58.0574
58.0574
58.0574
58.0574
58.0574
58.0574
58.0574
58.0574
58.0574
58.0574
58.0574
