0.962876
 0.93391
0.914103
0.901919
0.894984
0.891239
0.889283
0.888282
0.887776
0.887522
0.887394
0.887331
0.887299
0.887283
0.887275
0.887271
0.887269
0.887268
0.887268
0.887267
0.887267
0.887267
0.887267
0.887267
0.887267
0.887267
0.887267
0.887267
0.887267
0.887267
0.887267
0.887267
0.887267
0.887267
0.887267
0.887267
0.887267
0.887267
0.887267
0.887267
0.887267
0.887267
0.887267
0.887267
0.887267
0.887267
0.887267
0.887267
0.887267
0.887267
0.887267
0.887267
0.887267
0.887267
0.887267
0.887267
0.887267
0.887267
0.887267
0.887267
0.887267
0.887267
0.887267
0.887267
0.887267
0.887267
0.887267
0.887267
0.887267
0.887267
0.887267
0.887267
0.887267
0.887267
0.887267
0.887267
0.887267
0.887267
0.887267
0.887267
0.887267
0.887267
0.887267
0.887267
0.887267
0.887267
0.887267
0.887267
0.887267
0.887267
0.887267
0.887267
0.887267
0.887267
0.887267
0.887267
0.887267
0.887267
0.887267
0.887267
