0.0178568
0.0307462
0.0389602
0.0437312
0.0463344
0.0477004
0.0484009
0.0487555
0.0489338
0.0490231
0.0490677
  0.04909
0.0491011
0.0491066
0.0491094
0.0491108
0.0491115
0.0491118
 0.049112
0.0491121
0.0491121
0.0491122
0.0491122
0.0491122
0.0491122
0.0491122
0.0491122
0.0491122
0.0491122
0.0491122
0.0491122
0.0491122
0.0491122
0.0491122
0.0491122
0.0491122
0.0491122
0.0491122
0.0491122
0.0491122
0.0491122
0.0491122
0.0491122
0.0491122
0.0491122
0.0491122
0.0491122
0.0491122
0.0491122
0.0491122
0.0491122
0.0491122
0.0491122
0.0491122
0.0491122
0.0491122
0.0491122
0.0491122
0.0491122
0.0491122
0.0491122
0.0491122
0.0491122
0.0491122
0.0491122
0.0491122
0.0491122
0.0491122
0.0491122
0.0491122
0.0491122
0.0491122
0.0491122
0.0491122
0.0491122
0.0491122
0.0491122
0.0491122
0.0491122
0.0491122
0.0491122
0.0491122
0.0491122
0.0491122
0.0491122
0.0491122
0.0491122
0.0491122
0.0491122
0.0491122
0.0491122
0.0491122
0.0491122
0.0491122
0.0491122
0.0491122
0.0491122
0.0491122
0.0491122
0.0491122
