 5.9198
 5.8877
5.87555
 5.8711
 5.8695
5.86893
5.86872
5.86865
5.86863
5.86862
5.86861
5.86861
5.86861
5.86861
5.86861
5.86861
5.86861
5.86861
5.86861
5.86861
5.86861
5.86861
5.86861
5.86861
5.86861
5.86861
5.86861
5.86861
5.86861
5.86861
5.86861
5.86861
5.86861
5.86861
5.86861
5.86861
5.86861
5.86861
5.86861
5.86861
5.86861
5.86861
5.86861
5.86861
5.86861
5.86861
5.86861
5.86861
5.86861
5.86861
5.86861
5.86861
5.86861
5.86861
5.86861
5.86861
5.86861
5.86861
5.86861
5.86861
5.86861
5.86861
5.86861
5.86861
5.86861
5.86861
5.86861
5.86861
5.86861
5.86861
5.86861
5.86861
5.86861
5.86861
5.86861
5.86861
5.86861
5.86861
5.86861
5.86861
5.86861
5.86861
5.86861
5.86861
5.86861
5.86861
5.86861
5.86861
5.86861
5.86861
5.86861
5.86861
5.86861
5.86861
5.86861
5.86861
5.86861
5.86861
5.86861
5.86861
