10.4994
12.1867
12.7989
 13.018
13.0959
13.1236
13.1334
13.1369
13.1381
13.1385
13.1387
13.1387
13.1388
13.1388
13.1388
13.1388
13.1388
13.1388
13.1388
13.1388
13.1388
13.1388
13.1388
13.1388
13.1388
13.1388
13.1388
13.1388
13.1388
13.1388
13.1388
13.1388
13.1388
13.1388
13.1388
13.1388
13.1388
13.1388
13.1388
13.1388
13.1388
13.1388
13.1388
13.1388
13.1388
13.1388
13.1388
13.1388
13.1388
13.1388
13.1388
13.1388
13.1388
13.1388
13.1388
13.1388
13.1388
13.1388
13.1388
13.1388
13.1388
13.1388
13.1388
13.1388
13.1388
13.1388
13.1388
13.1388
13.1388
13.1388
13.1388
13.1388
13.1388
13.1388
13.1388
13.1388
13.1388
13.1388
13.1388
13.1388
13.1388
13.1388
13.1388
13.1388
13.1388
13.1388
13.1388
13.1388
13.1388
13.1388
13.1388
13.1388
13.1388
13.1388
13.1388
13.1388
13.1388
13.1388
13.1388
13.1388
