0.973266
0.962565
0.958517
0.957034
  0.9565
0.956309
0.956241
0.956217
0.956209
0.956206
0.956205
0.956204
0.956204
0.956204
0.956204
0.956204
0.956204
0.956204
0.956204
0.956204
0.956204
0.956204
0.956204
0.956204
0.956204
0.956204
0.956204
0.956204
0.956204
0.956204
0.956204
0.956204
0.956204
0.956204
0.956204
0.956204
0.956204
0.956204
0.956204
0.956204
0.956204
0.956204
0.956204
0.956204
0.956204
0.956204
0.956204
0.956204
0.956204
0.956204
0.956204
0.956204
0.956204
0.956204
0.956204
0.956204
0.956204
0.956204
0.956204
0.956204
0.956204
0.956204
0.956204
0.956204
0.956204
0.956204
0.956204
0.956204
0.956204
0.956204
0.956204
0.956204
0.956204
0.956204
0.956204
0.956204
0.956204
0.956204
0.956204
0.956204
0.956204
0.956204
0.956204
0.956204
0.956204
0.956204
0.956204
0.956204
0.956204
0.956204
0.956204
0.956204
0.956204
0.956204
0.956204
0.956204
0.956204
0.956204
0.956204
0.956204
