0.0129368
0.0177937
0.0195575
0.0201889
0.0204136
0.0204934
0.0205216
0.0205317
0.0205352
0.0205365
0.0205369
0.0205371
0.0205371
0.0205371
0.0205371
0.0205372
0.0205372
0.0205372
0.0205372
0.0205372
0.0205372
0.0205372
0.0205372
0.0205372
0.0205372
0.0205372
0.0205372
0.0205372
0.0205372
0.0205372
0.0205372
0.0205372
0.0205372
0.0205372
0.0205372
0.0205372
0.0205372
0.0205372
0.0205372
0.0205372
0.0205372
0.0205372
0.0205372
0.0205372
0.0205372
0.0205372
0.0205372
0.0205372
0.0205372
0.0205372
0.0205372
0.0205372
0.0205372
0.0205372
0.0205372
0.0205372
0.0205372
0.0205372
0.0205372
0.0205372
0.0205372
0.0205372
0.0205372
0.0205372
0.0205372
0.0205372
0.0205372
0.0205372
0.0205372
0.0205372
0.0205372
0.0205372
0.0205372
0.0205372
0.0205372
0.0205372
0.0205372
0.0205372
0.0205372
0.0205372
0.0205372
0.0205372
0.0205372
0.0205372
0.0205372
0.0205372
0.0205372
0.0205372
0.0205372
0.0205372
0.0205372
0.0205372
0.0205372
0.0205372
0.0205372
0.0205372
0.0205372
0.0205372
0.0205372
0.0205372
