59.4324
200.836
184.704
60.6716
18.4055
7.73824
 4.9463
4.53337
5.29924
7.20994
10.8208
17.2402
27.8518
42.5896
56.4089
60.3793
52.5754
40.5501
30.7674
24.7772
21.9534
21.4987
22.9163
25.8977
30.0477
34.5952
38.3344
 40.082
39.4395
37.0527
34.0656
31.4315
29.6525
28.8683
29.0112
29.8975
31.2564
32.7462
34.0029
 34.735
34.8213
34.3443
33.5326
 32.656
 31.936
31.5044
31.4015
31.5915
31.9847
32.4613
32.8983
33.1976
33.3082
33.2341
33.0251
32.7557
32.5007
 32.317
32.2345
32.2544
32.3548
32.4991
32.6464
32.7617
 32.823
32.8246
32.7765
32.6984
32.6142
32.5445
32.5032
32.4951
32.5163
 32.557
32.6044
32.6461
32.6734
32.6823
32.6737
32.6528
32.6264
32.6018
32.5845
32.5771
32.5799
32.5903
32.6047
 32.619
32.6299
32.6353
 32.635
  32.63
32.6222
 32.614
32.6074
32.6036
32.6031
32.6053
32.6095
32.6141
