9.45803
7.15718
3.45096
2.16983
2.55179
3.30496
 4.0677
4.75659
5.35129
5.84353
6.22085
6.45682
6.50398
6.30454
5.85196
5.28265
4.83284
4.64156
4.68404
4.86716
5.10652
5.34366
5.53986
5.66858
5.71284
5.66848
5.55068
5.39608
5.25214
5.15729
5.12689
5.15398
5.21898
 5.2992
5.37452
5.42987
5.45645
5.45237
 5.4227
5.37812
5.33184
5.29565
5.27671
5.27641
 5.2913
5.31506
5.34062
5.36187
5.37468
5.37748
5.37123
5.35882
5.34422
5.33127
5.32279
5.32002
5.32261
  5.329
5.33705
5.34459
5.34995
5.35226
5.35148
5.34832
5.34391
 5.3395
5.33614
5.33445
5.33452
5.33605
5.33842
5.34093
5.34298
5.34416
5.34434
5.34364
5.34239
5.34097
5.33974
5.33895
5.33873
5.33902
5.33966
5.34046
5.34119
5.34169
5.34189
5.34179
5.34146
5.34102
 5.3406
5.34028
5.34013
5.34015
5.34031
5.34055
5.34079
5.34099
5.34109
 5.3411
