  0.891606
  0.431436
 -0.309808
 -0.566033
 -0.489641
 -0.339008
 -0.186461
-0.0486828
 0.0702583
  0.168705
  0.244171
  0.291364
  0.300795
  0.260909
  0.170391
 0.0565291
-0.0334313
-0.0716878
-0.0631923
-0.0265674
 0.0213036
  0.068732
  0.107973
  0.133717
  0.142569
  0.133696
  0.110137
 0.0792163
 0.0504287
  0.031458
 0.0253784
 0.0307966
  0.043796
 0.0598408
 0.0749035
 0.0859735
 0.0912892
 0.0904734
   0.08454
 0.0756241
 0.0663689
 0.0591309
 0.0553424
  0.055283
 0.0582605
 0.0630117
 0.0681247
 0.0723736
  0.074936
  0.075497
 0.0742453
 0.0717649
 0.0688444
 0.0662548
 0.0645586
 0.0640041
 0.0645216
 0.0658009
 0.0674099
 0.0689175
 0.0699904
 0.0704519
 0.0702965
 0.0696633
 0.0687814
 0.0679007
 0.0672289
  0.066889
  0.066904
 0.0672093
 0.0676834
 0.0681864
 0.0685955
  0.068831
 0.0688671
 0.0687289
 0.0684785
 0.0681937
 0.0679474
 0.0677909
 0.0677457
 0.0678034
  0.067933
 0.0680917
 0.0682374
  0.068338
 0.0683777
 0.0683575
 0.0682922
  0.068205
 0.0681199
 0.0680566
 0.0680264
 0.0680306
 0.0680624
 0.0681096
 0.0681586
 0.0681975
 0.0682189
 0.0682208
