   0.0504792
    0.195635
    0.183084
   0.0590927
   0.0160138
  0.00447806
 0.000887481
-0.000225466
-5.25778e-05
  0.00138022
  0.00464642
   0.0108923
   0.0215635
   0.0366515
   0.0510676
   0.0556532
   0.0482248
   0.0362712
   0.0263469
   0.0201112
   0.0170171
   0.0163182
   0.0175519
   0.0204335
   0.0245806
   0.0292189
   0.0331149
   0.0350363
   0.0345327
   0.0322175
    0.029231
   0.0265429
   0.0246804
   0.0238072
   0.0238754
   0.0247147
   0.0260606
   0.0275696
   0.0288689
   0.0296534
   0.0297873
    0.029342
   0.0285413
   0.0276561
   0.0269138
   0.0264539
   0.0263241
   0.0264946
   0.0268788
   0.0273574
   0.0278051
     0.02812
   0.0282464
   0.0281847
   0.0279822
   0.0277128
   0.0274526
   0.0272606
   0.0271692
   0.0271817
   0.0272776
    0.027421
   0.0275706
   0.0276903
   0.0277566
   0.0277628
   0.0277175
   0.0276404
   0.0275552
   0.0274833
   0.0274392
   0.0274284
   0.0274478
   0.0274878
   0.0275354
   0.0275783
   0.0276071
   0.0276175
   0.0276101
   0.0275897
   0.0275633
   0.0275382
     0.02752
   0.0275118
   0.0275138
   0.0275239
   0.0275382
   0.0275528
   0.0275641
     0.02757
   0.0275701
   0.0275653
   0.0275577
   0.0275493
   0.0275425
   0.0275384
   0.0275376
   0.0275398
   0.0275438
   0.0275485
