 20.804
23.5166
24.1746
24.3328
24.3707
24.3798
24.3819
24.3825
24.3826
24.3826
24.3826
24.3826
24.3826
24.3826
24.3826
24.3826
24.3826
24.3826
24.3826
24.3826
24.3826
24.3826
24.3826
24.3826
24.3826
24.3826
24.3826
24.3826
24.3826
24.3826
24.3826
24.3826
24.3826
24.3826
24.3826
24.3826
24.3826
24.3826
24.3826
24.3826
24.3826
24.3826
24.3826
24.3826
24.3826
24.3826
24.3826
24.3826
24.3826
24.3826
24.3826
24.3826
24.3826
24.3826
24.3826
24.3826
24.3826
24.3826
24.3826
24.3826
24.3826
24.3826
24.3826
24.3826
24.3826
24.3826
24.3826
24.3826
24.3826
24.3826
24.3826
24.3826
24.3826
24.3826
24.3826
24.3826
24.3826
24.3826
24.3826
24.3826
24.3826
24.3826
24.3826
24.3826
24.3826
24.3826
24.3826
24.3826
24.3826
24.3826
24.3826
24.3826
24.3826
24.3826
24.3826
24.3826
24.3826
24.3826
24.3826
24.3826
