9.88649
9.85646
9.84902
9.84722
9.84679
9.84668
9.84666
9.84665
9.84665
9.84665
9.84665
9.84665
9.84665
9.84665
9.84665
9.84665
9.84665
9.84665
9.84665
9.84665
9.84665
9.84665
9.84665
9.84665
9.84665
9.84665
9.84665
9.84665
9.84665
9.84665
9.84665
9.84665
9.84665
9.84665
9.84665
9.84665
9.84665
9.84665
9.84665
9.84665
9.84665
9.84665
9.84665
9.84665
9.84665
9.84665
9.84665
9.84665
9.84665
9.84665
9.84665
9.84665
9.84665
9.84665
9.84665
9.84665
9.84665
9.84665
9.84665
9.84665
9.84665
9.84665
9.84665
9.84665
9.84665
9.84665
9.84665
9.84665
9.84665
9.84665
9.84665
9.84665
9.84665
9.84665
9.84665
9.84665
9.84665
9.84665
9.84665
9.84665
9.84665
9.84665
9.84665
9.84665
9.84665
9.84665
9.84665
9.84665
9.84665
9.84665
9.84665
9.84665
9.84665
9.84665
9.84665
9.84665
9.84665
9.84665
9.84665
9.84665
