0.977297
0.971293
0.969804
0.969444
0.969357
0.969337
0.969332
 0.96933
 0.96933
 0.96933
 0.96933
 0.96933
 0.96933
 0.96933
 0.96933
 0.96933
 0.96933
 0.96933
 0.96933
 0.96933
 0.96933
 0.96933
 0.96933
 0.96933
 0.96933
 0.96933
 0.96933
 0.96933
 0.96933
 0.96933
 0.96933
 0.96933
 0.96933
 0.96933
 0.96933
 0.96933
 0.96933
 0.96933
 0.96933
 0.96933
 0.96933
 0.96933
 0.96933
 0.96933
 0.96933
 0.96933
 0.96933
 0.96933
 0.96933
 0.96933
 0.96933
 0.96933
 0.96933
 0.96933
 0.96933
 0.96933
 0.96933
 0.96933
 0.96933
 0.96933
 0.96933
 0.96933
 0.96933
 0.96933
 0.96933
 0.96933
 0.96933
 0.96933
 0.96933
 0.96933
 0.96933
 0.96933
 0.96933
 0.96933
 0.96933
 0.96933
 0.96933
 0.96933
 0.96933
 0.96933
 0.96933
 0.96933
 0.96933
 0.96933
 0.96933
 0.96933
 0.96933
 0.96933
 0.96933
 0.96933
 0.96933
 0.96933
 0.96933
 0.96933
 0.96933
 0.96933
 0.96933
 0.96933
 0.96933
 0.96933
