0.0110278
0.0137982
0.0144703
0.0146319
0.0146706
0.0146799
0.0146821
0.0146826
0.0146828
0.0146828
0.0146828
0.0146828
0.0146828
0.0146828
0.0146828
0.0146828
0.0146828
0.0146828
0.0146828
0.0146828
0.0146828
0.0146828
0.0146828
0.0146828
0.0146828
0.0146828
0.0146828
0.0146828
0.0146828
0.0146828
0.0146828
0.0146828
0.0146828
0.0146828
0.0146828
0.0146828
0.0146828
0.0146828
0.0146828
0.0146828
0.0146828
0.0146828
0.0146828
0.0146828
0.0146828
0.0146828
0.0146828
0.0146828
0.0146828
0.0146828
0.0146828
0.0146828
0.0146828
0.0146828
0.0146828
0.0146828
0.0146828
0.0146828
0.0146828
0.0146828
0.0146828
0.0146828
0.0146828
0.0146828
0.0146828
0.0146828
0.0146828
0.0146828
0.0146828
0.0146828
0.0146828
0.0146828
0.0146828
0.0146828
0.0146828
0.0146828
0.0146828
0.0146828
0.0146828
0.0146828
0.0146828
0.0146828
0.0146828
0.0146828
0.0146828
0.0146828
0.0146828
0.0146828
0.0146828
0.0146828
0.0146828
0.0146828
0.0146828
0.0146828
0.0146828
0.0146828
0.0146828
0.0146828
0.0146828
0.0146828
