 9.9053
9.88963
9.88717
9.88679
9.88673
9.88672
9.88672
9.88672
9.88672
9.88672
9.88672
9.88672
9.88672
9.88672
9.88672
9.88672
9.88672
9.88672
9.88672
9.88672
9.88672
9.88672
9.88672
9.88672
9.88672
9.88672
9.88672
9.88672
9.88672
9.88672
9.88672
9.88672
9.88672
9.88672
9.88672
9.88672
9.88672
9.88672
9.88672
9.88672
9.88672
9.88672
9.88672
9.88672
9.88672
9.88672
9.88672
9.88672
9.88672
9.88672
9.88672
9.88672
9.88672
9.88672
9.88672
9.88672
9.88672
9.88672
9.88672
9.88672
9.88672
9.88672
9.88672
9.88672
9.88672
9.88672
9.88672
9.88672
9.88672
9.88672
9.88672
9.88672
9.88672
9.88672
9.88672
9.88672
9.88672
9.88672
9.88672
9.88672
9.88672
9.88672
9.88672
9.88672
9.88672
9.88672
9.88672
9.88672
9.88672
9.88672
9.88672
9.88672
9.88672
9.88672
9.88672
9.88672
9.88672
9.88672
9.88672
9.88672
