19.0425
20.4698
20.6901
 20.724
20.7292
  20.73
20.7301
20.7301
20.7301
20.7301
20.7301
20.7301
20.7301
20.7301
20.7301
20.7301
20.7301
20.7301
20.7301
20.7301
20.7301
20.7301
20.7301
20.7301
20.7301
20.7301
20.7301
20.7301
20.7301
20.7301
20.7301
20.7301
20.7301
20.7301
20.7301
20.7301
20.7301
20.7301
20.7301
20.7301
20.7301
20.7301
20.7301
20.7301
20.7301
20.7301
20.7301
20.7301
20.7301
20.7301
20.7301
20.7301
20.7301
20.7301
20.7301
20.7301
20.7301
20.7301
20.7301
20.7301
20.7301
20.7301
20.7301
20.7301
20.7301
20.7301
20.7301
20.7301
20.7301
20.7301
20.7301
20.7301
20.7301
20.7301
20.7301
20.7301
20.7301
20.7301
20.7301
20.7301
20.7301
20.7301
20.7301
20.7301
20.7301
20.7301
20.7301
20.7301
20.7301
20.7301
20.7301
20.7301
20.7301
20.7301
20.7301
20.7301
20.7301
20.7301
20.7301
20.7301
