0.981059
0.977925
0.977434
0.977358
0.977346
0.977344
0.977344
0.977344
0.977344
0.977344
0.977344
0.977344
0.977344
0.977344
0.977344
0.977344
0.977344
0.977344
0.977344
0.977344
0.977344
0.977344
0.977344
0.977344
0.977344
0.977344
0.977344
0.977344
0.977344
0.977344
0.977344
0.977344
0.977344
0.977344
0.977344
0.977344
0.977344
0.977344
0.977344
0.977344
0.977344
0.977344
0.977344
0.977344
0.977344
0.977344
0.977344
0.977344
0.977344
0.977344
0.977344
0.977344
0.977344
0.977344
0.977344
0.977344
0.977344
0.977344
0.977344
0.977344
0.977344
0.977344
0.977344
0.977344
0.977344
0.977344
0.977344
0.977344
0.977344
0.977344
0.977344
0.977344
0.977344
0.977344
0.977344
0.977344
0.977344
0.977344
0.977344
0.977344
0.977344
0.977344
0.977344
0.977344
0.977344
0.977344
0.977344
0.977344
0.977344
0.977344
0.977344
0.977344
0.977344
0.977344
0.977344
0.977344
0.977344
0.977344
0.977344
0.977344
