0.00922952
 0.0106871
 0.0109121
 0.0109467
  0.010952
 0.0109528
 0.0109529
  0.010953
  0.010953
  0.010953
  0.010953
  0.010953
  0.010953
  0.010953
  0.010953
  0.010953
  0.010953
  0.010953
  0.010953
  0.010953
  0.010953
  0.010953
  0.010953
  0.010953
  0.010953
  0.010953
  0.010953
  0.010953
  0.010953
  0.010953
  0.010953
  0.010953
  0.010953
  0.010953
  0.010953
  0.010953
  0.010953
  0.010953
  0.010953
  0.010953
  0.010953
  0.010953
  0.010953
  0.010953
  0.010953
  0.010953
  0.010953
  0.010953
  0.010953
  0.010953
  0.010953
  0.010953
  0.010953
  0.010953
  0.010953
  0.010953
  0.010953
  0.010953
  0.010953
  0.010953
  0.010953
  0.010953
  0.010953
  0.010953
  0.010953
  0.010953
  0.010953
  0.010953
  0.010953
  0.010953
  0.010953
  0.010953
  0.010953
  0.010953
  0.010953
  0.010953
  0.010953
  0.010953
  0.010953
  0.010953
  0.010953
  0.010953
  0.010953
  0.010953
  0.010953
  0.010953
  0.010953
  0.010953
  0.010953
  0.010953
  0.010953
  0.010953
  0.010953
  0.010953
  0.010953
  0.010953
  0.010953
  0.010953
  0.010953
  0.010953
