  20.24
22.4864
22.9646
23.0656
23.0869
23.0914
23.0924
23.0926
23.0926
23.0926
23.0926
23.0926
23.0926
23.0926
23.0926
23.0926
23.0926
23.0926
23.0926
23.0926
23.0926
23.0926
23.0926
23.0926
23.0926
23.0926
23.0926
23.0926
23.0926
23.0926
23.0926
23.0926
23.0926
23.0926
23.0926
23.0926
23.0926
23.0926
23.0926
23.0926
23.0926
23.0926
23.0926
23.0926
23.0926
23.0926
23.0926
23.0926
23.0926
23.0926
23.0926
23.0926
23.0926
23.0926
23.0926
23.0926
23.0926
23.0926
23.0926
23.0926
23.0926
23.0926
23.0926
23.0926
23.0926
23.0926
23.0926
23.0926
23.0926
23.0926
23.0926
23.0926
23.0926
23.0926
23.0926
23.0926
23.0926
23.0926
23.0926
23.0926
23.0926
23.0926
23.0926
23.0926
23.0926
23.0926
23.0926
23.0926
23.0926
23.0926
23.0926
23.0926
23.0926
23.0926
23.0926
23.0926
23.0926
23.0926
23.0926
23.0926
