9.89252
9.86772
9.86234
9.86119
9.86095
 9.8609
9.86089
9.86089
9.86089
9.86089
9.86089
9.86089
9.86089
9.86089
9.86089
9.86089
9.86089
9.86089
9.86089
9.86089
9.86089
9.86089
9.86089
9.86089
9.86089
9.86089
9.86089
9.86089
9.86089
9.86089
9.86089
9.86089
9.86089
9.86089
9.86089
9.86089
9.86089
9.86089
9.86089
9.86089
9.86089
9.86089
9.86089
9.86089
9.86089
9.86089
9.86089
9.86089
9.86089
9.86089
9.86089
9.86089
9.86089
9.86089
9.86089
9.86089
9.86089
9.86089
9.86089
9.86089
9.86089
9.86089
9.86089
9.86089
9.86089
9.86089
9.86089
9.86089
9.86089
9.86089
9.86089
9.86089
9.86089
9.86089
9.86089
9.86089
9.86089
9.86089
9.86089
9.86089
9.86089
9.86089
9.86089
9.86089
9.86089
9.86089
9.86089
9.86089
9.86089
9.86089
9.86089
9.86089
9.86089
9.86089
9.86089
9.86089
9.86089
9.86089
9.86089
9.86089
