0.978504
0.973544
0.972468
0.972239
0.972191
 0.97218
0.972178
0.972178
0.972178
0.972178
0.972178
0.972178
0.972178
0.972178
0.972178
0.972178
0.972178
0.972178
0.972178
0.972178
0.972178
0.972178
0.972178
0.972178
0.972178
0.972178
0.972178
0.972178
0.972178
0.972178
0.972178
0.972178
0.972178
0.972178
0.972178
0.972178
0.972178
0.972178
0.972178
0.972178
0.972178
0.972178
0.972178
0.972178
0.972178
0.972178
0.972178
0.972178
0.972178
0.972178
0.972178
0.972178
0.972178
0.972178
0.972178
0.972178
0.972178
0.972178
0.972178
0.972178
0.972178
0.972178
0.972178
0.972178
0.972178
0.972178
0.972178
0.972178
0.972178
0.972178
0.972178
0.972178
0.972178
0.972178
0.972178
0.972178
0.972178
0.972178
0.972178
0.972178
0.972178
0.972178
0.972178
0.972178
0.972178
0.972178
0.972178
0.972178
0.972178
0.972178
0.972178
0.972178
0.972178
0.972178
0.972178
0.972178
0.972178
0.972178
0.972178
0.972178
