 0.010452
0.0127462
0.0132346
0.0133378
0.0133596
0.0133642
0.0133651
0.0133653
0.0133654
0.0133654
0.0133654
0.0133654
0.0133654
0.0133654
0.0133654
0.0133654
0.0133654
0.0133654
0.0133654
0.0133654
0.0133654
0.0133654
0.0133654
0.0133654
0.0133654
0.0133654
0.0133654
0.0133654
0.0133654
0.0133654
0.0133654
0.0133654
0.0133654
0.0133654
0.0133654
0.0133654
0.0133654
0.0133654
0.0133654
0.0133654
0.0133654
0.0133654
0.0133654
0.0133654
0.0133654
0.0133654
0.0133654
0.0133654
0.0133654
0.0133654
0.0133654
0.0133654
0.0133654
0.0133654
0.0133654
0.0133654
0.0133654
0.0133654
0.0133654
0.0133654
0.0133654
0.0133654
0.0133654
0.0133654
0.0133654
0.0133654
0.0133654
0.0133654
0.0133654
0.0133654
0.0133654
0.0133654
0.0133654
0.0133654
0.0133654
0.0133654
0.0133654
0.0133654
0.0133654
0.0133654
0.0133654
0.0133654
0.0133654
0.0133654
0.0133654
0.0133654
0.0133654
0.0133654
0.0133654
0.0133654
0.0133654
0.0133654
0.0133654
0.0133654
0.0133654
0.0133654
0.0133654
0.0133654
0.0133654
0.0133654
