40.7791
96.6084
148.911
156.296
138.596
125.582
122.091
123.788
 126.34
127.668
 127.74
127.321
126.986
126.885
126.928
126.996
127.031
127.034
127.023
127.014
127.011
127.012
127.014
127.015
127.015
127.015
127.014
127.014
127.014
127.014
127.015
127.015
127.014
127.014
127.014
127.014
127.014
127.014
127.014
127.014
127.014
127.014
127.014
127.014
127.014
127.014
127.014
127.014
127.014
127.014
127.014
127.014
127.014
127.014
127.014
127.014
127.014
127.014
127.014
127.014
127.014
127.014
127.014
127.014
127.014
127.014
127.014
127.014
127.014
127.014
127.014
127.014
127.014
127.014
127.014
127.014
127.014
127.014
127.014
127.014
127.014
127.014
127.014
127.014
127.014
127.014
127.014
127.014
127.014
127.014
127.014
127.014
127.014
127.014
127.014
127.014
127.014
127.014
127.014
127.014
