9.66841
8.95429
7.93379
 7.1919
7.04247
7.19359
7.34503
7.40391
7.39479
7.36672
7.34892
7.34564
7.34951
7.35354
7.35516
7.35495
7.35421
7.35374
7.35365
7.35375
7.35385
 7.3539
7.35389
7.35387
7.35386
7.35386
7.35386
7.35386
7.35387
7.35387
7.35387
7.35386
7.35386
7.35386
7.35386
7.35386
7.35386
7.35386
7.35386
7.35386
7.35386
7.35386
7.35386
7.35386
7.35386
7.35386
7.35386
7.35386
7.35386
7.35386
7.35386
7.35386
7.35386
7.35386
7.35386
7.35386
7.35386
7.35386
7.35386
7.35386
7.35386
7.35386
7.35386
7.35386
7.35386
7.35386
7.35386
7.35386
7.35386
7.35386
7.35386
7.35386
7.35386
7.35386
7.35386
7.35386
7.35386
7.35386
7.35386
7.35386
7.35386
7.35386
7.35386
7.35386
7.35386
7.35386
7.35386
7.35386
7.35386
7.35386
7.35386
7.35386
7.35386
7.35386
7.35386
7.35386
7.35386
7.35386
7.35386
7.35386
