0.933683
0.790859
0.586758
0.438379
0.408495
0.438718
0.469006
0.480782
0.478958
0.473344
0.469783
0.469129
0.469902
0.470708
0.471033
0.470989
0.470842
0.470748
 0.47073
 0.47075
0.470771
 0.47078
0.470779
0.470775
0.470772
0.470772
0.470772
0.470773
0.470773
0.470773
0.470773
0.470773
0.470773
0.470773
0.470773
0.470773
0.470773
0.470773
0.470773
0.470773
0.470773
0.470773
0.470773
0.470773
0.470773
0.470773
0.470773
0.470773
0.470773
0.470773
0.470773
0.470773
0.470773
0.470773
0.470773
0.470773
0.470773
0.470773
0.470773
0.470773
0.470773
0.470773
0.470773
0.470773
0.470773
0.470773
0.470773
0.470773
0.470773
0.470773
0.470773
0.470773
0.470773
0.470773
0.470773
0.470773
0.470773
0.470773
0.470773
0.470773
0.470773
0.470773
0.470773
0.470773
0.470773
0.470773
0.470773
0.470773
0.470773
0.470773
0.470773
0.470773
0.470773
0.470773
0.470773
0.470773
0.470773
0.470773
0.470773
0.470773
