0.0314249
0.0885395
 0.142401
  0.15061
 0.132883
 0.119584
 0.115905
 0.117559
 0.120147
 0.121516
 0.121607
 0.121187
 0.120845
 0.120739
 0.120781
  0.12085
 0.120886
 0.120889
 0.120878
 0.120869
 0.120866
 0.120867
 0.120869
  0.12087
  0.12087
  0.12087
 0.120869
 0.120869
 0.120869
 0.120869
 0.120869
 0.120869
 0.120869
 0.120869
 0.120869
 0.120869
 0.120869
 0.120869
 0.120869
 0.120869
 0.120869
 0.120869
 0.120869
 0.120869
 0.120869
 0.120869
 0.120869
 0.120869
 0.120869
 0.120869
 0.120869
 0.120869
 0.120869
 0.120869
 0.120869
 0.120869
 0.120869
 0.120869
 0.120869
 0.120869
 0.120869
 0.120869
 0.120869
 0.120869
 0.120869
 0.120869
 0.120869
 0.120869
 0.120869
 0.120869
 0.120869
 0.120869
 0.120869
 0.120869
 0.120869
 0.120869
 0.120869
 0.120869
 0.120869
 0.120869
 0.120869
 0.120869
 0.120869
 0.120869
 0.120869
 0.120869
 0.120869
 0.120869
 0.120869
 0.120869
 0.120869
 0.120869
 0.120869
 0.120869
 0.120869
 0.120869
 0.120869
 0.120869
 0.120869
 0.120869
