23.5478
25.4981
24.0788
24.6733
24.4145
24.5204
24.4784
24.4946
24.4885
24.4907
24.4899
24.4902
24.4901
24.4901
24.4901
24.4901
24.4901
24.4901
24.4901
24.4901
24.4901
24.4901
24.4901
24.4901
24.4901
24.4901
24.4901
24.4901
24.4901
24.4901
24.4901
24.4901
24.4901
24.4901
24.4901
24.4901
24.4901
24.4901
24.4901
24.4901
24.4901
24.4901
24.4901
24.4901
24.4901
24.4901
24.4901
24.4901
24.4901
24.4901
24.4901
24.4901
24.4901
24.4901
24.4901
24.4901
24.4901
24.4901
24.4901
24.4901
24.4901
24.4901
24.4901
24.4901
24.4901
24.4901
24.4901
24.4901
24.4901
24.4901
24.4901
24.4901
24.4901
24.4901
24.4901
24.4901
24.4901
24.4901
24.4901
24.4901
24.4901
24.4901
24.4901
24.4901
24.4901
24.4901
24.4901
24.4901
24.4901
24.4901
24.4901
24.4901
24.4901
24.4901
24.4901
24.4901
24.4901
24.4901
24.4901
24.4901
