3021.97
1063.62
1605.66
1400.47
1468.21
1445.34
1452.81
1450.42
1451.16
1450.94
   1451
1450.98
1450.99
1450.99
1450.99
1450.99
1450.99
1450.99
1450.99
1450.99
1450.99
1450.99
1450.99
1450.99
1450.99
1450.99
1450.99
1450.99
1450.99
1450.99
1450.99
1450.99
1450.99
1450.99
1450.99
1450.99
1450.99
1450.99
1450.99
1450.99
1450.99
1450.99
1450.99
1450.99
1450.99
1450.99
1450.99
1450.99
1450.99
1450.99
1450.99
1450.99
1450.99
1450.99
1450.99
1450.99
1450.99
1450.99
1450.99
1450.99
1450.99
1450.99
1450.99
1450.99
1450.99
1450.99
1450.99
1450.99
1450.99
1450.99
1450.99
1450.99
1450.99
1450.99
1450.99
1450.99
1450.99
1450.99
1450.99
1450.99
1450.99
1450.99
1450.99
1450.99
1450.99
1450.99
1450.99
1450.99
1450.99
1450.99
1450.99
1450.99
1450.99
1450.99
1450.99
1450.99
1450.99
1450.99
1450.99
1450.99
