0.207577
0.307595
 0.23481
0.265298
0.252027
0.257455
0.255302
0.256134
0.255819
0.255936
0.255893
0.255909
0.255903
0.255905
0.255904
0.255905
0.255905
0.255905
0.255905
0.255905
0.255905
0.255905
0.255905
0.255905
0.255905
0.255905
0.255905
0.255905
0.255905
0.255905
0.255905
0.255905
0.255905
0.255905
0.255905
0.255905
0.255905
0.255905
0.255905
0.255905
0.255905
0.255905
0.255905
0.255905
0.255905
0.255905
0.255905
0.255905
0.255905
0.255905
0.255905
0.255905
0.255905
0.255905
0.255905
0.255905
0.255905
0.255905
0.255905
0.255905
0.255905
0.255905
0.255905
0.255905
0.255905
0.255905
0.255905
0.255905
0.255905
0.255905
0.255905
0.255905
0.255905
0.255905
0.255905
0.255905
0.255905
0.255905
0.255905
0.255905
0.255905
0.255905
0.255905
0.255905
0.255905
0.255905
0.255905
0.255905
0.255905
0.255905
0.255905
0.255905
0.255905
0.255905
0.255905
0.255905
0.255905
0.255905
0.255905
0.255905
