 0.197642
0.0684283
  0.10425
0.0906857
0.0951682
0.0936536
0.0941485
  0.09399
0.0940393
0.0940245
0.0940287
0.0940276
0.0940278
0.0940278
0.0940278
0.0940278
0.0940278
0.0940278
0.0940278
0.0940278
0.0940278
0.0940278
0.0940278
0.0940278
0.0940278
0.0940278
0.0940278
0.0940278
0.0940278
0.0940278
0.0940278
0.0940278
0.0940278
0.0940278
0.0940278
0.0940278
0.0940278
0.0940278
0.0940278
0.0940278
0.0940278
0.0940278
0.0940278
0.0940278
0.0940278
0.0940278
0.0940278
0.0940278
0.0940278
0.0940278
0.0940278
0.0940278
0.0940278
0.0940278
0.0940278
0.0940278
0.0940278
0.0940278
0.0940278
0.0940278
0.0940278
0.0940278
0.0940278
0.0940278
0.0940278
0.0940278
0.0940278
0.0940278
0.0940278
0.0940278
0.0940278
0.0940278
0.0940278
0.0940278
0.0940278
0.0940278
0.0940278
0.0940278
0.0940278
0.0940278
0.0940278
0.0940278
0.0940278
0.0940278
0.0940278
0.0940278
0.0940278
0.0940278
0.0940278
0.0940278
0.0940278
0.0940278
0.0940278
0.0940278
0.0940278
0.0940278
0.0940278
0.0940278
0.0940278
0.0940278
