9.57088
8.22418
6.06072
5.04864
 5.4023
6.07559
6.54854
6.69489
 6.5687
6.33718
6.17691
 6.1521
6.21512
6.29025
6.33069
6.32934
6.30492
6.28108
6.27101
6.27434
 6.2833
6.29039
6.29248
6.29057
6.28749
6.28547
6.28519
6.28603
6.28704
6.28758
6.28754
6.28721
 6.2869
6.28677
6.28682
6.28694
6.28703
6.28706
6.28703
6.28699
6.28696
6.28696
6.28697
6.28698
6.28699
6.28699
6.28699
6.28698
6.28698
6.28698
6.28698
6.28698
6.28698
6.28698
6.28698
6.28698
6.28698
6.28698
6.28698
6.28698
6.28698
6.28698
6.28698
6.28698
6.28698
6.28698
6.28698
6.28698
6.28698
6.28698
6.28698
6.28698
6.28698
6.28698
6.28698
6.28698
6.28698
6.28698
6.28698
6.28698
6.28698
6.28698
6.28698
6.28698
6.28698
6.28698
6.28698
6.28698
6.28698
6.28698
6.28698
6.28698
6.28698
6.28698
6.28698
6.28698
6.28698
6.28698
6.28698
6.28698
