49.4943
144.844
197.051
 136.06
86.9757
71.2571
74.1141
86.4432
 99.832
106.158
103.975
98.4368
94.3946
 93.351
94.5068
96.2914
97.4477
97.5878
 97.074
96.4859
 96.186
96.2145
96.4117
96.5937
96.6651
96.6342
96.5631
96.5093
96.4954
96.5117
96.5358
96.5508
96.5523
96.5454
96.5376
96.5337
96.5341
96.5368
96.5392
96.5401
96.5397
96.5387
 96.538
96.5378
96.5381
96.5384
96.5386
96.5386
96.5385
96.5384
96.5384
96.5384
96.5384
96.5384
96.5384
96.5384
96.5384
96.5384
96.5384
96.5384
96.5384
96.5384
96.5384
96.5384
96.5384
96.5384
96.5384
96.5384
96.5384
96.5384
96.5384
96.5384
96.5384
96.5384
96.5384
96.5384
96.5384
96.5384
96.5384
96.5384
96.5384
96.5384
96.5384
96.5384
96.5384
96.5384
96.5384
96.5384
96.5384
96.5384
96.5384
96.5384
96.5384
96.5384
96.5384
96.5384
96.5384
96.5384
96.5384
96.5384
