  0.914177
  0.644836
  0.212144
0.00972771
 0.0804596
  0.215118
  0.309708
  0.338978
   0.31374
  0.267436
  0.235382
   0.23042
  0.243025
  0.258049
  0.266138
  0.265868
  0.260984
  0.256216
  0.254202
  0.254868
   0.25666
  0.258079
  0.258495
  0.258115
  0.257498
  0.257095
  0.257037
  0.257207
  0.257408
  0.257515
  0.257509
  0.257443
   0.25738
  0.257354
  0.257363
  0.257387
  0.257406
  0.257411
  0.257406
  0.257398
  0.257393
  0.257392
  0.257394
  0.257397
  0.257398
  0.257398
  0.257397
  0.257397
  0.257396
  0.257396
  0.257397
  0.257397
  0.257397
  0.257397
  0.257397
  0.257397
  0.257397
  0.257397
  0.257397
  0.257397
  0.257397
  0.257397
  0.257397
  0.257397
  0.257397
  0.257397
  0.257397
  0.257397
  0.257397
  0.257397
  0.257397
  0.257397
  0.257397
  0.257397
  0.257397
  0.257397
  0.257397
  0.257397
  0.257397
  0.257397
  0.257397
  0.257397
  0.257397
  0.257397
  0.257397
  0.257397
  0.257397
  0.257397
  0.257397
  0.257397
  0.257397
  0.257397
  0.257397
  0.257397
  0.257397
  0.257397
  0.257397
  0.257397
  0.257397
  0.257397
