0.0403267
    0.138
 0.192919
 0.132335
0.0823973
0.0658399
 0.068248
0.0805539
0.0942054
  0.10083
0.0987864
0.0932169
0.0890702
0.0879401
0.0890668
0.0908708
0.0920634
 0.092229
0.0917202
0.0911227
0.0908108
0.0908325
0.0910295
0.0912153
0.0912906
0.0912614
0.0911899
0.0911347
0.0911196
0.0911354
0.0911598
0.0911754
0.0911772
0.0911703
0.0911624
0.0911583
0.0911587
0.0911613
0.0911638
0.0911648
0.0911644
0.0911634
0.0911627
0.0911625
0.0911627
 0.091163
0.0911632
0.0911633
0.0911632
0.0911631
 0.091163
 0.091163
 0.091163
0.0911631
0.0911631
0.0911631
0.0911631
0.0911631
0.0911631
0.0911631
0.0911631
0.0911631
0.0911631
0.0911631
0.0911631
0.0911631
0.0911631
0.0911631
0.0911631
0.0911631
0.0911631
0.0911631
0.0911631
0.0911631
0.0911631
0.0911631
0.0911631
0.0911631
0.0911631
0.0911631
0.0911631
0.0911631
0.0911631
0.0911631
0.0911631
0.0911631
0.0911631
0.0911631
0.0911631
0.0911631
0.0911631
0.0911631
0.0911631
0.0911631
0.0911631
0.0911631
0.0911631
0.0911631
0.0911631
0.0911631
