19.3042
20.8914
21.1557
21.1995
21.2067
21.2079
21.2081
21.2082
21.2082
21.2082
21.2082
21.2082
21.2082
21.2082
21.2082
21.2082
21.2082
21.2082
21.2082
21.2082
21.2082
21.2082
21.2082
21.2082
21.2082
21.2082
21.2082
21.2082
21.2082
21.2082
21.2082
21.2082
21.2082
21.2082
21.2082
21.2082
21.2082
21.2082
21.2082
21.2082
21.2082
21.2082
21.2082
21.2082
21.2082
21.2082
21.2082
21.2082
21.2082
21.2082
21.2082
21.2082
21.2082
21.2082
21.2082
21.2082
21.2082
21.2082
21.2082
21.2082
21.2082
21.2082
21.2082
21.2082
21.2082
21.2082
21.2082
21.2082
21.2082
21.2082
21.2082
21.2082
21.2082
21.2082
21.2082
21.2082
21.2082
21.2082
21.2082
21.2082
21.2082
21.2082
21.2082
21.2082
21.2082
21.2082
21.2082
21.2082
21.2082
21.2082
21.2082
21.2082
21.2082
21.2082
21.2082
21.2082
21.2082
21.2082
21.2082
21.2082
