9.90251
9.88506
9.88211
9.88162
9.88153
9.88152
9.88152
9.88152
9.88152
9.88152
9.88152
9.88152
9.88152
9.88152
9.88152
9.88152
9.88152
9.88152
9.88152
9.88152
9.88152
9.88152
9.88152
9.88152
9.88152
9.88152
9.88152
9.88152
9.88152
9.88152
9.88152
9.88152
9.88152
9.88152
9.88152
9.88152
9.88152
9.88152
9.88152
9.88152
9.88152
9.88152
9.88152
9.88152
9.88152
9.88152
9.88152
9.88152
9.88152
9.88152
9.88152
9.88152
9.88152
9.88152
9.88152
9.88152
9.88152
9.88152
9.88152
9.88152
9.88152
9.88152
9.88152
9.88152
9.88152
9.88152
9.88152
9.88152
9.88152
9.88152
9.88152
9.88152
9.88152
9.88152
9.88152
9.88152
9.88152
9.88152
9.88152
9.88152
9.88152
9.88152
9.88152
9.88152
9.88152
9.88152
9.88152
9.88152
9.88152
9.88152
9.88152
9.88152
9.88152
9.88152
9.88152
9.88152
9.88152
9.88152
9.88152
9.88152
