0.980502
0.977012
0.976422
0.976323
0.976307
0.976304
0.976304
0.976304
0.976304
0.976304
0.976304
0.976304
0.976304
0.976304
0.976304
0.976304
0.976304
0.976304
0.976304
0.976304
0.976304
0.976304
0.976304
0.976304
0.976304
0.976304
0.976304
0.976304
0.976304
0.976304
0.976304
0.976304
0.976304
0.976304
0.976304
0.976304
0.976304
0.976304
0.976304
0.976304
0.976304
0.976304
0.976304
0.976304
0.976304
0.976304
0.976304
0.976304
0.976304
0.976304
0.976304
0.976304
0.976304
0.976304
0.976304
0.976304
0.976304
0.976304
0.976304
0.976304
0.976304
0.976304
0.976304
0.976304
0.976304
0.976304
0.976304
0.976304
0.976304
0.976304
0.976304
0.976304
0.976304
0.976304
0.976304
0.976304
0.976304
0.976304
0.976304
0.976304
0.976304
0.976304
0.976304
0.976304
0.976304
0.976304
0.976304
0.976304
0.976304
0.976304
0.976304
0.976304
0.976304
0.976304
0.976304
0.976304
0.976304
0.976304
0.976304
0.976304
