0.00949667
 0.0111175
 0.0113874
 0.0114322
 0.0114396
 0.0114408
  0.011441
 0.0114411
 0.0114411
 0.0114411
 0.0114411
 0.0114411
 0.0114411
 0.0114411
 0.0114411
 0.0114411
 0.0114411
 0.0114411
 0.0114411
 0.0114411
 0.0114411
 0.0114411
 0.0114411
 0.0114411
 0.0114411
 0.0114411
 0.0114411
 0.0114411
 0.0114411
 0.0114411
 0.0114411
 0.0114411
 0.0114411
 0.0114411
 0.0114411
 0.0114411
 0.0114411
 0.0114411
 0.0114411
 0.0114411
 0.0114411
 0.0114411
 0.0114411
 0.0114411
 0.0114411
 0.0114411
 0.0114411
 0.0114411
 0.0114411
 0.0114411
 0.0114411
 0.0114411
 0.0114411
 0.0114411
 0.0114411
 0.0114411
 0.0114411
 0.0114411
 0.0114411
 0.0114411
 0.0114411
 0.0114411
 0.0114411
 0.0114411
 0.0114411
 0.0114411
 0.0114411
 0.0114411
 0.0114411
 0.0114411
 0.0114411
 0.0114411
 0.0114411
 0.0114411
 0.0114411
 0.0114411
 0.0114411
 0.0114411
 0.0114411
 0.0114411
 0.0114411
 0.0114411
 0.0114411
 0.0114411
 0.0114411
 0.0114411
 0.0114411
 0.0114411
 0.0114411
 0.0114411
 0.0114411
 0.0114411
 0.0114411
 0.0114411
 0.0114411
 0.0114411
 0.0114411
 0.0114411
 0.0114411
 0.0114411
