12.6653
12.2091
11.7592
11.4588
11.3255
11.2879
11.2837
11.2859
11.2876
11.2881
11.2883
11.2882
11.2882
11.2882
11.2882
11.2882
11.2882
11.2882
11.2882
11.2882
11.2882
11.2882
11.2882
11.2882
11.2882
11.2882
11.2882
11.2882
11.2882
11.2882
11.2882
11.2882
11.2882
11.2882
11.2882
11.2882
11.2882
11.2882
11.2882
11.2882
11.2882
11.2882
11.2882
11.2882
11.2882
11.2882
11.2882
11.2882
11.2882
11.2882
11.2882
11.2882
11.2882
11.2882
11.2882
11.2882
11.2882
11.2882
11.2882
11.2882
11.2882
11.2882
11.2882
11.2882
11.2882
11.2882
11.2882
11.2882
11.2882
11.2882
11.2882
11.2882
11.2882
11.2882
11.2882
11.2882
11.2882
11.2882
11.2882
11.2882
11.2882
11.2882
11.2882
11.2882
11.2882
11.2882
11.2882
11.2882
11.2882
11.2882
11.2882
11.2882
11.2882
11.2882
11.2882
11.2882
11.2882
11.2882
11.2882
11.2882
