53.8467
103.181
143.609
164.535
171.056
  171.9
171.566
171.296
171.194
171.173
171.174
171.176
171.178
171.178
171.178
171.178
171.178
171.178
171.178
171.178
171.178
171.178
171.178
171.178
171.178
171.178
171.178
171.178
171.178
171.178
171.178
171.178
171.178
171.178
171.178
171.178
171.178
171.178
171.178
171.178
171.178
171.178
171.178
171.178
171.178
171.178
171.178
171.178
171.178
171.178
171.178
171.178
171.178
171.178
171.178
171.178
171.178
171.178
171.178
171.178
171.178
171.178
171.178
171.178
171.178
171.178
171.178
171.178
171.178
171.178
171.178
171.178
171.178
171.178
171.178
171.178
171.178
171.178
171.178
171.178
171.178
171.178
171.178
171.178
171.178
171.178
171.178
171.178
171.178
171.178
171.178
171.178
171.178
171.178
171.178
171.178
171.178
171.178
171.178
171.178
