0.948509
0.878315
0.809114
0.762899
 0.74239
0.736598
0.735957
0.736296
0.736546
0.736637
0.736654
0.736653
 0.73665
0.736649
0.736649
0.736649
0.736649
0.736649
0.736649
0.736649
0.736649
0.736649
0.736649
0.736649
0.736649
0.736649
0.736649
0.736649
0.736649
0.736649
0.736649
0.736649
0.736649
0.736649
0.736649
0.736649
0.736649
0.736649
0.736649
0.736649
0.736649
0.736649
0.736649
0.736649
0.736649
0.736649
0.736649
0.736649
0.736649
0.736649
0.736649
0.736649
0.736649
0.736649
0.736649
0.736649
0.736649
0.736649
0.736649
0.736649
0.736649
0.736649
0.736649
0.736649
0.736649
0.736649
0.736649
0.736649
0.736649
0.736649
0.736649
0.736649
0.736649
0.736649
0.736649
0.736649
0.736649
0.736649
0.736649
0.736649
0.736649
0.736649
0.736649
0.736649
0.736649
0.736649
0.736649
0.736649
0.736649
0.736649
0.736649
0.736649
0.736649
0.736649
0.736649
0.736649
0.736649
0.736649
0.736649
0.736649
