0.0245566
0.0542468
0.0786224
0.0912796
0.0952478
0.0957735
0.0955768
0.0954142
0.0953528
0.0953397
0.0953401
0.0953418
0.0953427
0.0953429
0.0953429
0.0953429
0.0953429
0.0953429
0.0953429
0.0953429
0.0953429
0.0953429
0.0953429
0.0953429
0.0953429
0.0953429
0.0953429
0.0953429
0.0953429
0.0953429
0.0953429
0.0953429
0.0953429
0.0953429
0.0953429
0.0953429
0.0953429
0.0953429
0.0953429
0.0953429
0.0953429
0.0953429
0.0953429
0.0953429
0.0953429
0.0953429
0.0953429
0.0953429
0.0953429
0.0953429
0.0953429
0.0953429
0.0953429
0.0953429
0.0953429
0.0953429
0.0953429
0.0953429
0.0953429
0.0953429
0.0953429
0.0953429
0.0953429
0.0953429
0.0953429
0.0953429
0.0953429
0.0953429
0.0953429
0.0953429
0.0953429
0.0953429
0.0953429
0.0953429
0.0953429
0.0953429
0.0953429
0.0953429
0.0953429
0.0953429
0.0953429
0.0953429
0.0953429
0.0953429
0.0953429
0.0953429
0.0953429
0.0953429
0.0953429
0.0953429
0.0953429
0.0953429
0.0953429
0.0953429
0.0953429
0.0953429
0.0953429
0.0953429
0.0953429
0.0953429
