18.8804
15.6364
14.4473
14.9515
15.0119
14.9413
14.9426
14.9512
14.9499
 14.949
14.9493
14.9493
14.9493
14.9493
14.9493
14.9493
14.9493
14.9493
14.9493
14.9493
14.9493
14.9493
14.9493
14.9493
14.9493
14.9493
14.9493
14.9493
14.9493
14.9493
14.9493
14.9493
14.9493
14.9493
14.9493
14.9493
14.9493
14.9493
14.9493
14.9493
14.9493
14.9493
14.9493
14.9493
14.9493
14.9493
14.9493
14.9493
14.9493
14.9493
14.9493
14.9493
14.9493
14.9493
14.9493
14.9493
14.9493
14.9493
14.9493
14.9493
14.9493
14.9493
14.9493
14.9493
14.9493
14.9493
14.9493
14.9493
14.9493
14.9493
14.9493
14.9493
14.9493
14.9493
14.9493
14.9493
14.9493
14.9493
14.9493
14.9493
14.9493
14.9493
14.9493
14.9493
14.9493
14.9493
14.9493
14.9493
14.9493
14.9493
14.9493
14.9493
14.9493
14.9493
14.9493
14.9493
14.9493
14.9493
14.9493
14.9493
