223.534
592.932
537.631
489.316
503.062
507.295
505.031
504.801
505.111
  505.1
505.063
505.069
505.073
505.071
505.071
505.071
505.071
505.071
505.071
505.071
505.071
505.071
505.071
505.071
505.071
505.071
505.071
505.071
505.071
505.071
505.071
505.071
505.071
505.071
505.071
505.071
505.071
505.071
505.071
505.071
505.071
505.071
505.071
505.071
505.071
505.071
505.071
505.071
505.071
505.071
505.071
505.071
505.071
505.071
505.071
505.071
505.071
505.071
505.071
505.071
505.071
505.071
505.071
505.071
505.071
505.071
505.071
505.071
505.071
505.071
505.071
505.071
505.071
505.071
505.071
505.071
505.071
505.071
505.071
505.071
505.071
505.071
505.071
505.071
505.071
505.071
505.071
505.071
505.071
505.071
505.071
505.071
505.071
505.071
505.071
505.071
505.071
505.071
505.071
505.071
