0.888038
0.563641
0.444733
0.495151
0.501194
0.494129
0.494257
0.495115
0.494988
0.494898
0.494925
0.494933
0.494929
0.494928
0.494929
0.494929
0.494929
0.494929
0.494929
0.494929
0.494929
0.494929
0.494929
0.494929
0.494929
0.494929
0.494929
0.494929
0.494929
0.494929
0.494929
0.494929
0.494929
0.494929
0.494929
0.494929
0.494929
0.494929
0.494929
0.494929
0.494929
0.494929
0.494929
0.494929
0.494929
0.494929
0.494929
0.494929
0.494929
0.494929
0.494929
0.494929
0.494929
0.494929
0.494929
0.494929
0.494929
0.494929
0.494929
0.494929
0.494929
0.494929
0.494929
0.494929
0.494929
0.494929
0.494929
0.494929
0.494929
0.494929
0.494929
0.494929
0.494929
0.494929
0.494929
0.494929
0.494929
0.494929
0.494929
0.494929
0.494929
0.494929
0.494929
0.494929
0.494929
0.494929
0.494929
0.494929
0.494929
0.494929
0.494929
0.494929
0.494929
0.494929
0.494929
0.494929
0.494929
0.494929
0.494929
0.494929
