9.89415
9.87067
9.86576
9.86476
9.86455
9.86451
 9.8645
 9.8645
 9.8645
 9.8645
 9.8645
 9.8645
 9.8645
 9.8645
 9.8645
 9.8645
 9.8645
 9.8645
 9.8645
 9.8645
 9.8645
 9.8645
 9.8645
 9.8645
 9.8645
 9.8645
 9.8645
 9.8645
 9.8645
 9.8645
 9.8645
 9.8645
 9.8645
 9.8645
 9.8645
 9.8645
 9.8645
 9.8645
 9.8645
 9.8645
 9.8645
 9.8645
 9.8645
 9.8645
 9.8645
 9.8645
 9.8645
 9.8645
 9.8645
 9.8645
 9.8645
 9.8645
 9.8645
 9.8645
 9.8645
 9.8645
 9.8645
 9.8645
 9.8645
 9.8645
 9.8645
 9.8645
 9.8645
 9.8645
 9.8645
 9.8645
 9.8645
 9.8645
 9.8645
 9.8645
 9.8645
 9.8645
 9.8645
 9.8645
 9.8645
 9.8645
 9.8645
 9.8645
 9.8645
 9.8645
 9.8645
 9.8645
 9.8645
 9.8645
 9.8645
 9.8645
 9.8645
 9.8645
 9.8645
 9.8645
 9.8645
 9.8645
 9.8645
 9.8645
 9.8645
 9.8645
 9.8645
 9.8645
 9.8645
 9.8645
