 20.087
 22.216
22.6524
22.7413
22.7594
 22.763
22.7638
22.7639
 22.764
 22.764
 22.764
 22.764
 22.764
 22.764
 22.764
 22.764
 22.764
 22.764
 22.764
 22.764
 22.764
 22.764
 22.764
 22.764
 22.764
 22.764
 22.764
 22.764
 22.764
 22.764
 22.764
 22.764
 22.764
 22.764
 22.764
 22.764
 22.764
 22.764
 22.764
 22.764
 22.764
 22.764
 22.764
 22.764
 22.764
 22.764
 22.764
 22.764
 22.764
 22.764
 22.764
 22.764
 22.764
 22.764
 22.764
 22.764
 22.764
 22.764
 22.764
 22.764
 22.764
 22.764
 22.764
 22.764
 22.764
 22.764
 22.764
 22.764
 22.764
 22.764
 22.764
 22.764
 22.764
 22.764
 22.764
 22.764
 22.764
 22.764
 22.764
 22.764
 22.764
 22.764
 22.764
 22.764
 22.764
 22.764
 22.764
 22.764
 22.764
 22.764
 22.764
 22.764
 22.764
 22.764
 22.764
 22.764
 22.764
 22.764
 22.764
 22.764
