0.978831
0.974134
0.973152
0.972951
 0.97291
0.972902
  0.9729
  0.9729
  0.9729
  0.9729
  0.9729
  0.9729
  0.9729
  0.9729
  0.9729
  0.9729
  0.9729
  0.9729
  0.9729
  0.9729
  0.9729
  0.9729
  0.9729
  0.9729
  0.9729
  0.9729
  0.9729
  0.9729
  0.9729
  0.9729
  0.9729
  0.9729
  0.9729
  0.9729
  0.9729
  0.9729
  0.9729
  0.9729
  0.9729
  0.9729
  0.9729
  0.9729
  0.9729
  0.9729
  0.9729
  0.9729
  0.9729
  0.9729
  0.9729
  0.9729
  0.9729
  0.9729
  0.9729
  0.9729
  0.9729
  0.9729
  0.9729
  0.9729
  0.9729
  0.9729
  0.9729
  0.9729
  0.9729
  0.9729
  0.9729
  0.9729
  0.9729
  0.9729
  0.9729
  0.9729
  0.9729
  0.9729
  0.9729
  0.9729
  0.9729
  0.9729
  0.9729
  0.9729
  0.9729
  0.9729
  0.9729
  0.9729
  0.9729
  0.9729
  0.9729
  0.9729
  0.9729
  0.9729
  0.9729
  0.9729
  0.9729
  0.9729
  0.9729
  0.9729
  0.9729
  0.9729
  0.9729
  0.9729
  0.9729
  0.9729
