0.0102958
  0.01247
0.0129158
0.0130066
 0.013025
0.0130288
0.0130296
0.0130297
0.0130298
0.0130298
0.0130298
0.0130298
0.0130298
0.0130298
0.0130298
0.0130298
0.0130298
0.0130298
0.0130298
0.0130298
0.0130298
0.0130298
0.0130298
0.0130298
0.0130298
0.0130298
0.0130298
0.0130298
0.0130298
0.0130298
0.0130298
0.0130298
0.0130298
0.0130298
0.0130298
0.0130298
0.0130298
0.0130298
0.0130298
0.0130298
0.0130298
0.0130298
0.0130298
0.0130298
0.0130298
0.0130298
0.0130298
0.0130298
0.0130298
0.0130298
0.0130298
0.0130298
0.0130298
0.0130298
0.0130298
0.0130298
0.0130298
0.0130298
0.0130298
0.0130298
0.0130298
0.0130298
0.0130298
0.0130298
0.0130298
0.0130298
0.0130298
0.0130298
0.0130298
0.0130298
0.0130298
0.0130298
0.0130298
0.0130298
0.0130298
0.0130298
0.0130298
0.0130298
0.0130298
0.0130298
0.0130298
0.0130298
0.0130298
0.0130298
0.0130298
0.0130298
0.0130298
0.0130298
0.0130298
0.0130298
0.0130298
0.0130298
0.0130298
0.0130298
0.0130298
0.0130298
0.0130298
0.0130298
0.0130298
0.0130298
