 18.494
19.6196
19.7659
19.7849
19.7873
19.7876
19.7877
19.7877
19.7877
19.7877
19.7877
19.7877
19.7877
19.7877
19.7877
19.7877
19.7877
19.7877
19.7877
19.7877
19.7877
19.7877
19.7877
19.7877
19.7877
19.7877
19.7877
19.7877
19.7877
19.7877
19.7877
19.7877
19.7877
19.7877
19.7877
19.7877
19.7877
19.7877
19.7877
19.7877
19.7877
19.7877
19.7877
19.7877
19.7877
19.7877
19.7877
19.7877
19.7877
19.7877
19.7877
19.7877
19.7877
19.7877
19.7877
19.7877
19.7877
19.7877
19.7877
19.7877
19.7877
19.7877
19.7877
19.7877
19.7877
19.7877
19.7877
19.7877
19.7877
19.7877
19.7877
19.7877
19.7877
19.7877
19.7877
19.7877
19.7877
19.7877
19.7877
19.7877
19.7877
19.7877
19.7877
19.7877
19.7877
19.7877
19.7877
19.7877
19.7877
19.7877
19.7877
19.7877
19.7877
19.7877
19.7877
19.7877
19.7877
19.7877
19.7877
19.7877
