9.91114
9.89881
9.89718
9.89697
9.89694
9.89694
9.89694
9.89694
9.89694
9.89694
9.89694
9.89694
9.89694
9.89694
9.89694
9.89694
9.89694
9.89694
9.89694
9.89694
9.89694
9.89694
9.89694
9.89694
9.89694
9.89694
9.89694
9.89694
9.89694
9.89694
9.89694
9.89694
9.89694
9.89694
9.89694
9.89694
9.89694
9.89694
9.89694
9.89694
9.89694
9.89694
9.89694
9.89694
9.89694
9.89694
9.89694
9.89694
9.89694
9.89694
9.89694
9.89694
9.89694
9.89694
9.89694
9.89694
9.89694
9.89694
9.89694
9.89694
9.89694
9.89694
9.89694
9.89694
9.89694
9.89694
9.89694
9.89694
9.89694
9.89694
9.89694
9.89694
9.89694
9.89694
9.89694
9.89694
9.89694
9.89694
9.89694
9.89694
9.89694
9.89694
9.89694
9.89694
9.89694
9.89694
9.89694
9.89694
9.89694
9.89694
9.89694
9.89694
9.89694
9.89694
9.89694
9.89694
9.89694
9.89694
9.89694
9.89694
