0.982227
0.979761
0.979436
0.979394
0.979389
0.979388
0.979388
0.979388
0.979388
0.979388
0.979388
0.979388
0.979388
0.979388
0.979388
0.979388
0.979388
0.979388
0.979388
0.979388
0.979388
0.979388
0.979388
0.979388
0.979388
0.979388
0.979388
0.979388
0.979388
0.979388
0.979388
0.979388
0.979388
0.979388
0.979388
0.979388
0.979388
0.979388
0.979388
0.979388
0.979388
0.979388
0.979388
0.979388
0.979388
0.979388
0.979388
0.979388
0.979388
0.979388
0.979388
0.979388
0.979388
0.979388
0.979388
0.979388
0.979388
0.979388
0.979388
0.979388
0.979388
0.979388
0.979388
0.979388
0.979388
0.979388
0.979388
0.979388
0.979388
0.979388
0.979388
0.979388
0.979388
0.979388
0.979388
0.979388
0.979388
0.979388
0.979388
0.979388
0.979388
0.979388
0.979388
0.979388
0.979388
0.979388
0.979388
0.979388
0.979388
0.979388
0.979388
0.979388
0.979388
0.979388
0.979388
0.979388
0.979388
0.979388
0.979388
0.979388
