0.00866951
  0.009819
0.00996842
0.00998778
0.00999029
0.00999062
0.00999066
0.00999066
0.00999066
0.00999066
0.00999066
0.00999066
0.00999066
0.00999066
0.00999066
0.00999066
0.00999066
0.00999066
0.00999066
0.00999066
0.00999066
0.00999066
0.00999066
0.00999066
0.00999066
0.00999066
0.00999066
0.00999066
0.00999066
0.00999066
0.00999066
0.00999066
0.00999066
0.00999066
0.00999066
0.00999066
0.00999066
0.00999066
0.00999066
0.00999066
0.00999066
0.00999066
0.00999066
0.00999066
0.00999066
0.00999066
0.00999066
0.00999066
0.00999066
0.00999066
0.00999066
0.00999066
0.00999066
0.00999066
0.00999066
0.00999066
0.00999066
0.00999066
0.00999066
0.00999066
0.00999066
0.00999066
0.00999066
0.00999066
0.00999066
0.00999066
0.00999066
0.00999066
0.00999066
0.00999066
0.00999066
0.00999066
0.00999066
0.00999066
0.00999066
0.00999066
0.00999066
0.00999066
0.00999066
0.00999066
0.00999066
0.00999066
0.00999066
0.00999066
0.00999066
0.00999066
0.00999066
0.00999066
0.00999066
0.00999066
0.00999066
0.00999066
0.00999066
0.00999066
0.00999066
0.00999066
0.00999066
0.00999066
0.00999066
0.00999066
