60.6365
207.245
179.093
52.4066
 13.567
4.67577
2.48033
1.98629
2.08515
2.53612
3.35883
4.72222
6.96511
10.6584
16.5964
25.3891
36.1427
44.9112
46.6322
 40.841
32.0695
24.4005
19.1579
16.1163
14.7409
14.6324
15.5723
17.4489
20.1454
23.4027
26.7032
29.3023
30.5096
30.0846
28.3785
26.0787
23.8303
22.0387
20.8751
20.3628
20.4494
21.0413
22.0093
23.1836
24.3578
25.3168
25.8875
25.9908
25.6644
25.0397
24.2892
23.5745
 23.014
22.6741
22.5738
22.6942
22.9871
23.3843
 23.807
24.1783
24.4371
24.5488
24.5115
24.3527
 24.119
23.8642
23.6365
23.4716
23.3883
23.3893
23.4628
23.5867
 23.733
23.8735
 23.984
24.0487
24.0621
24.0287
23.9609
23.8756
23.7905
23.7204
23.6755
23.6601
23.6729
23.7077
23.7555
23.8062
23.8506
23.8816
23.8956
23.8923
23.8748
 23.848
 23.818
23.7905
  23.77
23.7591
23.7585
23.7667
