9.44424
7.01231
3.10655
1.73488
1.98759
2.59756
3.23888
3.84125
4.38921
4.87962
5.31135
5.68149
5.98265
6.19955
6.30515
6.26037
6.02992
 5.6273
5.15838
4.77858
4.58235
4.56527
4.67268
4.84751
5.04669
5.24035
5.40727
5.53121
5.59944
5.60384
5.54436
5.43325
5.29586
5.16448
5.06704
5.01823
5.01821
5.05699
5.12024
5.19327
5.26319
5.31974
5.35576
5.36764
5.35569
5.32428
5.28116
5.23576
5.19703
5.17133
5.16147
5.16672
5.18372
 5.2077
5.23355
5.25666
5.27351
5.28206
5.28185
5.27401
5.26085
5.24542
5.23079
 5.2195
5.21311
5.21207
5.21579
5.22292
5.23174
5.24048
5.24764
5.25219
5.25369
5.25227
5.24857
5.24355
5.23827
 5.2337
5.23056
5.22921
5.22963
5.23151
5.23431
5.23742
5.24025
5.24233
5.24342
5.24345
5.24255
5.24102
5.23921
5.23747
 5.2361
 5.2353
5.23512
5.23552
5.23634
5.23738
5.23843
 5.2393
