  0.888847
  0.402462
 -0.378691
 -0.653025
 -0.602482
 -0.480487
 -0.352224
  -0.23175
 -0.122158
 -0.024075
 0.0622695
  0.136297
   0.19653
  0.239911
   0.26103
  0.252074
  0.205983
  0.125459
 0.0316753
-0.0442841
-0.0835294
-0.0869462
-0.0654648
-0.0304978
0.00933727
 0.0480697
 0.0814534
  0.106241
  0.119888
  0.120768
  0.108872
 0.0866492
 0.0591729
 0.0328969
 0.0134074
0.00364685
0.00364152
 0.0113987
 0.0240478
 0.0386543
 0.0526376
 0.0639475
 0.0711528
 0.0735278
 0.0711375
 0.0648563
 0.0562311
 0.0471522
  0.039405
 0.0342668
 0.0322947
 0.0333434
  0.036744
 0.0415407
 0.0467106
  0.051332
 0.0547024
 0.0564112
 0.0563706
 0.0548014
 0.0521701
 0.0490831
 0.0461572
 0.0438996
 0.0426229
 0.0424149
 0.0431578
 0.0445841
 0.0463478
 0.0480958
 0.0495277
  0.050438
 0.0507373
 0.0504539
 0.0497142
 0.0487094
 0.0476531
 0.0467399
 0.0461121
 0.0458417
 0.0459266
 0.0463025
 0.0468629
 0.0474841
 0.0480492
 0.0484668
 0.0486839
 0.0486894
 0.0485109
 0.0482046
 0.0478417
  0.047494
 0.0472209
 0.0470602
 0.0470248
 0.0471039
 0.0472677
 0.0474759
 0.0476857
 0.0478602
