   0.0517094
    0.202255
    0.177765
   0.0511836
   0.0116963
   0.0020992
-0.000766218
  -0.0018737
 -0.00232733
 -0.00236718
 -0.00197224
-0.000968959
 0.000992381
  0.00450388
   0.0103952
    0.019322
    0.030417
   0.0396808
   0.0418928
   0.0364266
   0.0277648
   0.0200356
   0.0146316
   0.0113826
  0.00979212
  0.00948696
   0.0102677
   0.0120381
   0.0146929
   0.0179786
   0.0213726
   0.0241101
   0.0254684
   0.0251718
    0.023547
   0.0212732
   0.0190021
   0.0171532
    0.015914
   0.0153228
   0.0153396
   0.0158804
   0.0168218
   0.0179959
    0.019194
   0.0201945
   0.0208145
   0.0209647
   0.0206741
    0.020069
    0.019321
   0.0185937
   0.0180104
   0.0176428
   0.0175154
   0.0176136
   0.0178925
   0.0182851
   0.0187122
   0.0190953
   0.0193699
   0.0194984
   0.0194755
   0.0193264
   0.0190969
   0.0188405
   0.0186068
    0.018433
     0.01834
   0.0183322
   0.0183992
   0.0185197
    0.018666
   0.0188093
   0.0189247
   0.0189951
    0.019014
   0.0189848
   0.0189195
   0.0188348
   0.0187483
   0.0186757
   0.0186275
   0.0186088
   0.0186188
   0.0186518
   0.0186991
   0.0187503
    0.018796
   0.0188289
   0.0188448
   0.0188433
   0.0188269
   0.0188007
   0.0187706
   0.0187424
   0.0187209
   0.0187088
   0.0187071
   0.0187146
