23.5845
29.4058
31.7502
32.6684
33.0238
33.1608
33.2135
33.2337
33.2415
33.2445
33.2456
33.2461
33.2462
33.2463
33.2463
33.2463
33.2463
33.2463
33.2463
33.2463
33.2463
33.2463
33.2463
33.2463
33.2463
33.2463
33.2463
33.2463
33.2463
33.2463
33.2463
33.2463
33.2463
33.2463
33.2463
33.2463
33.2463
33.2463
33.2463
33.2463
33.2463
33.2463
33.2463
33.2463
33.2463
33.2463
33.2463
33.2463
33.2463
33.2463
33.2463
33.2463
33.2463
33.2463
33.2463
33.2463
33.2463
33.2463
33.2463
33.2463
33.2463
33.2463
33.2463
33.2463
33.2463
33.2463
33.2463
33.2463
33.2463
33.2463
33.2463
33.2463
33.2463
33.2463
33.2463
33.2463
33.2463
33.2463
33.2463
33.2463
33.2463
33.2463
33.2463
33.2463
33.2463
33.2463
33.2463
33.2463
33.2463
33.2463
33.2463
33.2463
33.2463
33.2463
33.2463
33.2463
33.2463
33.2463
33.2463
33.2463
