9.85664
 9.7913
9.76402
9.75313
9.74888
9.74724
9.74661
9.74636
9.74627
9.74623
9.74622
9.74621
9.74621
9.74621
9.74621
9.74621
9.74621
9.74621
9.74621
9.74621
9.74621
9.74621
9.74621
9.74621
9.74621
9.74621
9.74621
9.74621
9.74621
9.74621
9.74621
9.74621
9.74621
9.74621
9.74621
9.74621
9.74621
9.74621
9.74621
9.74621
9.74621
9.74621
9.74621
9.74621
9.74621
9.74621
9.74621
9.74621
9.74621
9.74621
9.74621
9.74621
9.74621
9.74621
9.74621
9.74621
9.74621
9.74621
9.74621
9.74621
9.74621
9.74621
9.74621
9.74621
9.74621
9.74621
9.74621
9.74621
9.74621
9.74621
9.74621
9.74621
9.74621
9.74621
9.74621
9.74621
9.74621
9.74621
9.74621
9.74621
9.74621
9.74621
9.74621
9.74621
9.74621
9.74621
9.74621
9.74621
9.74621
9.74621
9.74621
9.74621
9.74621
9.74621
9.74621
9.74621
9.74621
9.74621
9.74621
9.74621
