0.971327
0.958261
0.952803
0.950626
0.949776
0.949448
0.949321
0.949273
0.949254
0.949247
0.949244
0.949243
0.949242
0.949242
0.949242
0.949242
0.949242
0.949242
0.949242
0.949242
0.949242
0.949242
0.949242
0.949242
0.949242
0.949242
0.949242
0.949242
0.949242
0.949242
0.949242
0.949242
0.949242
0.949242
0.949242
0.949242
0.949242
0.949242
0.949242
0.949242
0.949242
0.949242
0.949242
0.949242
0.949242
0.949242
0.949242
0.949242
0.949242
0.949242
0.949242
0.949242
0.949242
0.949242
0.949242
0.949242
0.949242
0.949242
0.949242
0.949242
0.949242
0.949242
0.949242
0.949242
0.949242
0.949242
0.949242
0.949242
0.949242
0.949242
0.949242
0.949242
0.949242
0.949242
0.949242
0.949242
0.949242
0.949242
0.949242
0.949242
0.949242
0.949242
0.949242
0.949242
0.949242
0.949242
0.949242
0.949242
0.949242
0.949242
0.949242
0.949242
0.949242
0.949242
0.949242
0.949242
0.949242
0.949242
0.949242
0.949242
