0.0138665
0.0198126
0.0222082
0.0231467
0.0235101
0.0236501
0.0237039
0.0237246
0.0237325
0.0237356
0.0237368
0.0237372
0.0237374
0.0237375
0.0237375
0.0237375
0.0237375
0.0237375
0.0237375
0.0237375
0.0237375
0.0237375
0.0237375
0.0237375
0.0237375
0.0237375
0.0237375
0.0237375
0.0237375
0.0237375
0.0237375
0.0237375
0.0237375
0.0237375
0.0237375
0.0237375
0.0237375
0.0237375
0.0237375
0.0237375
0.0237375
0.0237375
0.0237375
0.0237375
0.0237375
0.0237375
0.0237375
0.0237375
0.0237375
0.0237375
0.0237375
0.0237375
0.0237375
0.0237375
0.0237375
0.0237375
0.0237375
0.0237375
0.0237375
0.0237375
0.0237375
0.0237375
0.0237375
0.0237375
0.0237375
0.0237375
0.0237375
0.0237375
0.0237375
0.0237375
0.0237375
0.0237375
0.0237375
0.0237375
0.0237375
0.0237375
0.0237375
0.0237375
0.0237375
0.0237375
0.0237375
0.0237375
0.0237375
0.0237375
0.0237375
0.0237375
0.0237375
0.0237375
0.0237375
0.0237375
0.0237375
0.0237375
0.0237375
0.0237375
0.0237375
0.0237375
0.0237375
0.0237375
0.0237375
0.0237375
