39.4543
 89.812
138.118
151.035
139.785
128.865
 124.84
125.272
 126.89
127.945
128.184
128.012
127.811
 127.72
 127.72
127.749
 127.77
127.776
127.774
 127.77
127.768
127.768
127.768
127.769
127.769
127.769
127.769
127.769
127.769
127.769
127.769
127.769
127.769
127.769
127.769
127.769
127.769
127.769
127.769
127.769
127.769
127.769
127.769
127.769
127.769
127.769
127.769
127.769
127.769
127.769
127.769
127.769
127.769
127.769
127.769
127.769
127.769
127.769
127.769
127.769
127.769
127.769
127.769
127.769
127.769
127.769
127.769
127.769
127.769
127.769
127.769
127.769
127.769
127.769
127.769
127.769
127.769
127.769
127.769
127.769
127.769
127.769
127.769
127.769
127.769
127.769
127.769
127.769
127.769
127.769
127.769
127.769
127.769
127.769
127.769
127.769
127.769
127.769
127.769
127.769
