9.68312
9.04735
8.17022
 7.5032
 7.3129
7.39839
7.51382
7.56851
7.57117
7.55523
7.54268
7.53874
7.53996
7.54212
 7.5433
7.54345
7.54318
7.54293
7.54284
7.54285
7.54289
7.54292
7.54292
7.54292
7.54291
7.54291
7.54291
7.54291
7.54291
7.54291
7.54291
7.54291
7.54291
7.54291
7.54291
7.54291
7.54291
7.54291
7.54291
7.54291
7.54291
7.54291
7.54291
7.54291
7.54291
7.54291
7.54291
7.54291
7.54291
7.54291
7.54291
7.54291
7.54291
7.54291
7.54291
7.54291
7.54291
7.54291
7.54291
7.54291
7.54291
7.54291
7.54291
7.54291
7.54291
7.54291
7.54291
7.54291
7.54291
7.54291
7.54291
7.54291
7.54291
7.54291
7.54291
7.54291
7.54291
7.54291
7.54291
7.54291
7.54291
7.54291
7.54291
7.54291
7.54291
7.54291
7.54291
7.54291
7.54291
7.54291
7.54291
7.54291
7.54291
7.54291
7.54291
7.54291
7.54291
7.54291
7.54291
7.54291
