0.936624
 0.80947
0.634044
0.500641
0.462579
0.479679
0.502764
0.513701
0.514235
0.511046
0.508536
0.507748
0.507992
0.508425
 0.50866
 0.50869
0.508635
0.508586
0.508568
0.508571
0.508579
0.508584
0.508584
0.508584
0.508583
0.508582
0.508582
0.508582
0.508582
0.508582
0.508582
0.508582
0.508582
0.508582
0.508582
0.508582
0.508582
0.508582
0.508582
0.508582
0.508582
0.508582
0.508582
0.508582
0.508582
0.508582
0.508582
0.508582
0.508582
0.508582
0.508582
0.508582
0.508582
0.508582
0.508582
0.508582
0.508582
0.508582
0.508582
0.508582
0.508582
0.508582
0.508582
0.508582
0.508582
0.508582
0.508582
0.508582
0.508582
0.508582
0.508582
0.508582
0.508582
0.508582
0.508582
0.508582
0.508582
0.508582
0.508582
0.508582
0.508582
0.508582
0.508582
0.508582
0.508582
0.508582
0.508582
0.508582
0.508582
0.508582
0.508582
0.508582
0.508582
0.508582
0.508582
0.508582
0.508582
0.508582
0.508582
0.508582
