 0.030072
0.0815805
  0.13126
 0.144981
 0.133811
 0.122694
 0.118512
 0.118892
 0.120524
 0.121606
  0.12186
 0.121691
 0.121486
 0.121392
  0.12139
 0.121419
 0.121441
 0.121448
 0.121445
 0.121441
 0.121439
 0.121439
  0.12144
  0.12144
  0.12144
  0.12144
  0.12144
  0.12144
  0.12144
  0.12144
  0.12144
  0.12144
  0.12144
  0.12144
  0.12144
  0.12144
  0.12144
  0.12144
  0.12144
  0.12144
  0.12144
  0.12144
  0.12144
  0.12144
  0.12144
  0.12144
  0.12144
  0.12144
  0.12144
  0.12144
  0.12144
  0.12144
  0.12144
  0.12144
  0.12144
  0.12144
  0.12144
  0.12144
  0.12144
  0.12144
  0.12144
  0.12144
  0.12144
  0.12144
  0.12144
  0.12144
  0.12144
  0.12144
  0.12144
  0.12144
  0.12144
  0.12144
  0.12144
  0.12144
  0.12144
  0.12144
  0.12144
  0.12144
  0.12144
  0.12144
  0.12144
  0.12144
  0.12144
  0.12144
  0.12144
  0.12144
  0.12144
  0.12144
  0.12144
  0.12144
  0.12144
  0.12144
  0.12144
  0.12144
  0.12144
  0.12144
  0.12144
  0.12144
  0.12144
  0.12144
