9.79924
 9.6169
9.47465
9.37797
9.31935
9.28677
9.26976
9.26124
 9.2571
9.25511
9.25417
9.25373
9.25353
9.25343
9.25338
9.25336
9.25335
9.25335
9.25335
9.25334
9.25334
9.25334
9.25334
9.25334
9.25334
9.25334
9.25334
9.25334
9.25334
9.25334
9.25334
9.25334
9.25334
9.25334
9.25334
9.25334
9.25334
9.25334
9.25334
9.25334
9.25334
9.25334
9.25334
9.25334
9.25334
9.25334
9.25334
9.25334
9.25334
9.25334
9.25334
9.25334
9.25334
9.25334
9.25334
9.25334
9.25334
9.25334
9.25334
9.25334
9.25334
9.25334
9.25334
9.25334
9.25334
9.25334
9.25334
9.25334
9.25334
9.25334
9.25334
9.25334
9.25334
9.25334
9.25334
9.25334
9.25334
9.25334
9.25334
9.25334
9.25334
9.25334
9.25334
9.25334
9.25334
9.25334
9.25334
9.25334
9.25334
9.25334
9.25334
9.25334
9.25334
9.25334
9.25334
9.25334
9.25334
9.25334
9.25334
9.25334
