 28.886
 44.626
55.8595
62.8799
 66.842
68.9234
69.9664
70.4739
70.7164
70.8311
 70.885
70.9102
 70.922
70.9275
70.9301
70.9313
70.9319
70.9321
70.9323
70.9323
70.9323
70.9324
70.9324
70.9324
70.9324
70.9324
70.9324
70.9324
70.9324
70.9324
70.9324
70.9324
70.9324
70.9324
70.9324
70.9324
70.9324
70.9324
70.9324
70.9324
70.9324
70.9324
70.9324
70.9324
70.9324
70.9324
70.9324
70.9324
70.9324
70.9324
70.9324
70.9324
70.9324
70.9324
70.9324
70.9324
70.9324
70.9324
70.9324
70.9324
70.9324
70.9324
70.9324
70.9324
70.9324
70.9324
70.9324
70.9324
70.9324
70.9324
70.9324
70.9324
70.9324
70.9324
70.9324
70.9324
70.9324
70.9324
70.9324
70.9324
70.9324
70.9324
70.9324
70.9324
70.9324
70.9324
70.9324
70.9324
70.9324
70.9324
70.9324
70.9324
70.9324
70.9324
70.9324
70.9324
70.9324
70.9324
70.9324
70.9324
