0.959847
0.923379
 0.89493
0.875595
 0.86387
0.857354
0.853951
0.852248
0.851419
0.851022
0.850835
0.850746
0.850705
0.850686
0.850677
0.850672
 0.85067
 0.85067
0.850669
0.850669
0.850669
0.850669
0.850669
0.850669
0.850669
0.850669
0.850669
0.850669
0.850669
0.850669
0.850669
0.850669
0.850669
0.850669
0.850669
0.850669
0.850669
0.850669
0.850669
0.850669
0.850669
0.850669
0.850669
0.850669
0.850669
0.850669
0.850669
0.850669
0.850669
0.850669
0.850669
0.850669
0.850669
0.850669
0.850669
0.850669
0.850669
0.850669
0.850669
0.850669
0.850669
0.850669
0.850669
0.850669
0.850669
0.850669
0.850669
0.850669
0.850669
0.850669
0.850669
0.850669
0.850669
0.850669
0.850669
0.850669
0.850669
0.850669
0.850669
0.850669
0.850669
0.850669
0.850669
0.850669
0.850669
0.850669
0.850669
0.850669
0.850669
0.850669
0.850669
0.850669
0.850669
0.850669
0.850669
0.850669
0.850669
0.850669
0.850669
0.850669
