0.0192796
0.0353627
0.0468533
0.0540424
0.0581037
 0.060239
0.0613097
0.0618309
0.0620801
 0.062198
0.0622534
0.0622793
0.0622914
0.0622971
0.0622997
 0.062301
0.0623015
0.0623018
0.0623019
 0.062302
 0.062302
 0.062302
 0.062302
 0.062302
 0.062302
 0.062302
 0.062302
 0.062302
 0.062302
 0.062302
 0.062302
 0.062302
 0.062302
 0.062302
 0.062302
 0.062302
 0.062302
 0.062302
 0.062302
 0.062302
 0.062302
 0.062302
 0.062302
 0.062302
 0.062302
 0.062302
 0.062302
 0.062302
 0.062302
 0.062302
 0.062302
 0.062302
 0.062302
 0.062302
 0.062302
 0.062302
 0.062302
 0.062302
 0.062302
 0.062302
 0.062302
 0.062302
 0.062302
 0.062302
 0.062302
 0.062302
 0.062302
 0.062302
 0.062302
 0.062302
 0.062302
 0.062302
 0.062302
 0.062302
 0.062302
 0.062302
 0.062302
 0.062302
 0.062302
 0.062302
 0.062302
 0.062302
 0.062302
 0.062302
 0.062302
 0.062302
 0.062302
 0.062302
 0.062302
 0.062302
 0.062302
 0.062302
 0.062302
 0.062302
 0.062302
 0.062302
 0.062302
 0.062302
 0.062302
 0.062302
