9.67952
  9.025
8.11368
7.42767
7.24586
7.34673
7.47093
7.52693
 7.5271
7.50846
7.49468
7.49081
7.49256
7.49512
7.49641
 7.4965
7.49614
7.49584
7.49575
7.49578
7.49583
7.49586
7.49586
7.49586
7.49585
7.49585
7.49585
7.49585
7.49585
7.49585
7.49585
7.49585
7.49585
7.49585
7.49585
7.49585
7.49585
7.49585
7.49585
7.49585
7.49585
7.49585
7.49585
7.49585
7.49585
7.49585
7.49585
7.49585
7.49585
7.49585
7.49585
7.49585
7.49585
7.49585
7.49585
7.49585
7.49585
7.49585
7.49585
7.49585
7.49585
7.49585
7.49585
7.49585
7.49585
7.49585
7.49585
7.49585
7.49585
7.49585
7.49585
7.49585
7.49585
7.49585
7.49585
7.49585
7.49585
7.49585
7.49585
7.49585
7.49585
7.49585
7.49585
7.49585
7.49585
7.49585
7.49585
7.49585
7.49585
7.49585
7.49585
7.49585
7.49585
7.49585
7.49585
7.49585
7.49585
7.49585
7.49585
7.49585
