39.7789
91.4587
140.806
152.542
139.738
 128.25
124.311
125.026
126.862
127.988
128.197
127.974
127.742
127.647
127.654
127.691
127.716
127.722
127.717
127.713
 127.71
 127.71
127.711
127.712
127.712
127.712
127.712
127.712
127.712
127.712
127.712
127.712
127.712
127.712
127.712
127.712
127.712
127.712
127.712
127.712
127.712
127.712
127.712
127.712
127.712
127.712
127.712
127.712
127.712
127.712
127.712
127.712
127.712
127.712
127.712
127.712
127.712
127.712
127.712
127.712
127.712
127.712
127.712
127.712
127.712
127.712
127.712
127.712
127.712
127.712
127.712
127.712
127.712
127.712
127.712
127.712
127.712
127.712
127.712
127.712
127.712
127.712
127.712
127.712
127.712
127.712
127.712
127.712
127.712
127.712
127.712
127.712
127.712
127.712
127.712
127.712
127.712
127.712
127.712
127.712
