0.935904
   0.805
0.622736
0.485535
0.449172
0.469346
0.494186
0.505386
 0.50542
0.501692
0.498936
0.498162
0.498512
0.499024
0.499282
  0.4993
0.499228
0.499169
 0.49915
0.499156
0.499166
0.499172
0.499172
0.499171
 0.49917
0.499169
0.499169
 0.49917
 0.49917
 0.49917
 0.49917
 0.49917
 0.49917
 0.49917
 0.49917
 0.49917
 0.49917
 0.49917
 0.49917
 0.49917
 0.49917
 0.49917
 0.49917
 0.49917
 0.49917
 0.49917
 0.49917
 0.49917
 0.49917
 0.49917
 0.49917
 0.49917
 0.49917
 0.49917
 0.49917
 0.49917
 0.49917
 0.49917
 0.49917
 0.49917
 0.49917
 0.49917
 0.49917
 0.49917
 0.49917
 0.49917
 0.49917
 0.49917
 0.49917
 0.49917
 0.49917
 0.49917
 0.49917
 0.49917
 0.49917
 0.49917
 0.49917
 0.49917
 0.49917
 0.49917
 0.49917
 0.49917
 0.49917
 0.49917
 0.49917
 0.49917
 0.49917
 0.49917
 0.49917
 0.49917
 0.49917
 0.49917
 0.49917
 0.49917
 0.49917
 0.49917
 0.49917
 0.49917
 0.49917
 0.49917
