0.0304034
0.0832663
 0.134032
  0.14658
 0.133831
 0.122125
 0.118021
 0.118686
  0.12054
 0.121697
 0.121922
   0.1217
 0.121464
 0.121365
 0.121372
 0.121409
 0.121434
  0.12144
 0.121436
 0.121431
 0.121429
 0.121429
  0.12143
  0.12143
  0.12143
  0.12143
  0.12143
  0.12143
  0.12143
  0.12143
  0.12143
  0.12143
  0.12143
  0.12143
  0.12143
  0.12143
  0.12143
  0.12143
  0.12143
  0.12143
  0.12143
  0.12143
  0.12143
  0.12143
  0.12143
  0.12143
  0.12143
  0.12143
  0.12143
  0.12143
  0.12143
  0.12143
  0.12143
  0.12143
  0.12143
  0.12143
  0.12143
  0.12143
  0.12143
  0.12143
  0.12143
  0.12143
  0.12143
  0.12143
  0.12143
  0.12143
  0.12143
  0.12143
  0.12143
  0.12143
  0.12143
  0.12143
  0.12143
  0.12143
  0.12143
  0.12143
  0.12143
  0.12143
  0.12143
  0.12143
  0.12143
  0.12143
  0.12143
  0.12143
  0.12143
  0.12143
  0.12143
  0.12143
  0.12143
  0.12143
  0.12143
  0.12143
  0.12143
  0.12143
  0.12143
  0.12143
  0.12143
  0.12143
  0.12143
  0.12143
