 61.251
210.464
175.989
48.4095
 11.453
  3.501
1.65797
1.23663
1.23735
1.42783
1.76825
2.28946
 3.0735
4.26712
6.11252
8.98077
13.3545
19.6088
27.3669
34.6296
38.1597
36.2252
 30.488
24.0163
18.7304
15.0982
12.9075
11.8274
11.6079
12.1034
13.2408
 14.969
17.1948
19.7108
22.1501
24.0321
24.9322
24.6946
23.5123
21.8052
20.0106
 18.444
 17.272
16.5504
16.2715
16.3954
16.8628
17.5958
 18.493
19.4294
20.2664
20.8762
21.1722
21.1325
20.8036
20.2811
19.6791
19.1025
18.6302
18.3101
18.1618
18.1811
18.3454
18.6177
18.9508
19.2929
19.5938
19.8128
19.9246
19.9239
 19.824
19.6527
19.4451
19.2367
19.0579
  18.93
18.8643
18.8619
18.9157
19.0116
19.1315
19.2556
19.3657
19.4473
19.4915
19.4963
19.4654
19.4079
19.3355
19.2605
19.1941
19.1447
19.1174
19.1133
19.1301
19.1631
19.2056
19.2504
19.2909
19.3216
