9.43719
6.93715
2.92826
1.50198
1.67229
2.18842
2.74372
3.27493
 3.7686
 4.2223
  4.636
5.00968
5.34223
5.63046
5.86772
6.04202
6.13393
6.11665
5.96414
5.67434
5.29857
4.93705
4.68234
4.56908
4.57911
4.67382
 4.8165
  4.979
5.14108
5.28779
5.40736
5.49002
5.52805
5.51708
5.45863
5.36243
5.24648
5.13328
5.04309
4.98843
4.97226
4.98998
5.03278
5.09046
5.15321
5.21249
5.26138
 5.2948
5.30978
5.30576
 5.2848
5.25139
5.21179
5.17284
5.14059
5.11921
5.11046
5.11387
5.12718
5.14712
5.17001
5.19234
5.21112
5.22418
5.23032
5.22942
5.22234
5.21076
5.19689
5.18303
5.17125
5.16305
5.15918
5.15966
5.16387
5.17072
 5.1789
 5.1871
5.19414
5.19918
5.20172
5.20169
5.19938
5.19539
 5.1905
5.18552
5.18119
5.17806
5.17644
5.17638
 5.1777
5.18005
5.18295
5.18592
5.18854
5.19046
 5.1915
5.19161
5.19088
5.18951
