   0.887438
    0.38743
  -0.414349
  -0.699605
  -0.665542
  -0.562316
  -0.451256
  -0.345014
   -0.24628
  -0.155541
 -0.0728003
 0.00193588
   0.068446
   0.126091
   0.173544
   0.208403
   0.226785
    0.22333
   0.192827
   0.134869
  0.0597143
 -0.0125907
 -0.0635319
 -0.0861832
 -0.0841789
 -0.0652352
 -0.0367007
-0.00419982
  0.0282155
  0.0575571
  0.0814711
  0.0980043
   0.105609
   0.103416
  0.0917266
  0.0724852
  0.0492969
  0.0266551
 0.00861848
-0.00231464
-0.00554871
-0.00200311
 0.00655638
   0.018091
  0.0306414
  0.0424984
  0.0522765
  0.0589601
  0.0619554
  0.0611517
  0.0569592
  0.0502775
  0.0423584
  0.0345688
  0.0281186
  0.0238414
  0.0220929
  0.0227736
  0.0254359
  0.0294233
  0.0340022
  0.0384681
   0.042224
  0.0448355
  0.0460648
  0.0458846
  0.0444682
  0.0421528
  0.0393773
  0.0366058
  0.0342503
  0.0326098
  0.0318364
  0.0319329
  0.0327737
  0.0341433
  0.0357802
  0.0374194
  0.0388288
  0.0398356
  0.0403435
   0.040337
  0.0398757
  0.0390785
  0.0380998
  0.0371036
  0.0362372
  0.0356113
  0.0352877
  0.0352764
  0.0355408
  0.0360091
  0.0365891
  0.0371843
  0.0377075
  0.0380923
     0.0383
  0.0383214
  0.0381754
  0.0379028
