  0.0523372
   0.205583
   0.174809
  0.0473814
 0.00987946
 0.00132584
-0.00109672
-0.00205889
-0.00255681
 -0.0028227
-0.00289671
 -0.0027477
-0.00229165
-0.00137711
 0.00024727
 0.00296844
 0.00729348
  0.0136284
   0.021619
  0.0292478
   0.033193
  0.0316042
  0.0260663
  0.0196436
  0.0142942
  0.0105297
 0.00817272
  0.0069176
 0.00653216
 0.00688448
 0.00791257
 0.00957476
  0.0117846
  0.0143371
  0.0168601
  0.0188582
  0.0198846
  0.0197589
  0.0186557
  0.0169866
  0.0151903
  0.0135899
  0.0123628
  0.0115757
  0.0112306
  0.0112958
  0.0117186
  0.0124253
  0.0133164
  0.0142663
   0.015133
  0.0157827
  0.0161216
  0.0161208
  0.0158212
   0.015315
  0.0147158
    0.01413
  0.0136394
  0.0132959
   0.013123
    0.01312
   0.013267
  0.0135288
  0.0138591
  0.0142055
  0.0145167
  0.0147495
  0.0148765
  0.0148898
  0.0148008
   0.014636
  0.0144302
  0.0142193
  0.0140344
  0.0138983
  0.0138236
   0.013813
  0.0138602
   0.013952
  0.0140705
  0.0141959
  0.0143094
  0.0143958
  0.0144455
  0.0144553
  0.0144285
  0.0143736
  0.0143021
  0.0142263
  0.0141579
  0.0141057
  0.0140752
   0.014068
  0.0140824
  0.0141138
  0.0141557
  0.0142008
  0.0142424
  0.0142748
