18.3226
19.3631
19.4908
19.5064
19.5083
19.5085
19.5086
19.5086
19.5086
19.5086
19.5086
19.5086
19.5086
19.5086
19.5086
19.5086
19.5086
19.5086
19.5086
19.5086
19.5086
19.5086
19.5086
19.5086
19.5086
19.5086
19.5086
19.5086
19.5086
19.5086
19.5086
19.5086
19.5086
19.5086
19.5086
19.5086
19.5086
19.5086
19.5086
19.5086
19.5086
19.5086
19.5086
19.5086
19.5086
19.5086
19.5086
19.5086
19.5086
19.5086
19.5086
19.5086
19.5086
19.5086
19.5086
19.5086
19.5086
19.5086
19.5086
19.5086
19.5086
19.5086
19.5086
19.5086
19.5086
19.5086
19.5086
19.5086
19.5086
19.5086
19.5086
19.5086
19.5086
19.5086
19.5086
19.5086
19.5086
19.5086
19.5086
19.5086
19.5086
19.5086
19.5086
19.5086
19.5086
19.5086
19.5086
19.5086
19.5086
19.5086
19.5086
19.5086
19.5086
19.5086
19.5086
19.5086
19.5086
19.5086
19.5086
19.5086
