9.91296
9.90157
9.90015
9.89998
9.89996
9.89996
9.89996
9.89996
9.89996
9.89996
9.89996
9.89996
9.89996
9.89996
9.89996
9.89996
9.89996
9.89996
9.89996
9.89996
9.89996
9.89996
9.89996
9.89996
9.89996
9.89996
9.89996
9.89996
9.89996
9.89996
9.89996
9.89996
9.89996
9.89996
9.89996
9.89996
9.89996
9.89996
9.89996
9.89996
9.89996
9.89996
9.89996
9.89996
9.89996
9.89996
9.89996
9.89996
9.89996
9.89996
9.89996
9.89996
9.89996
9.89996
9.89996
9.89996
9.89996
9.89996
9.89996
9.89996
9.89996
9.89996
9.89996
9.89996
9.89996
9.89996
9.89996
9.89996
9.89996
9.89996
9.89996
9.89996
9.89996
9.89996
9.89996
9.89996
9.89996
9.89996
9.89996
9.89996
9.89996
9.89996
9.89996
9.89996
9.89996
9.89996
9.89996
9.89996
9.89996
9.89996
9.89996
9.89996
9.89996
9.89996
9.89996
9.89996
9.89996
9.89996
9.89996
9.89996
