0.982592
0.980314
0.980031
0.979996
0.979992
0.979991
0.979991
0.979991
0.979991
0.979991
0.979991
0.979991
0.979991
0.979991
0.979991
0.979991
0.979991
0.979991
0.979991
0.979991
0.979991
0.979991
0.979991
0.979991
0.979991
0.979991
0.979991
0.979991
0.979991
0.979991
0.979991
0.979991
0.979991
0.979991
0.979991
0.979991
0.979991
0.979991
0.979991
0.979991
0.979991
0.979991
0.979991
0.979991
0.979991
0.979991
0.979991
0.979991
0.979991
0.979991
0.979991
0.979991
0.979991
0.979991
0.979991
0.979991
0.979991
0.979991
0.979991
0.979991
0.979991
0.979991
0.979991
0.979991
0.979991
0.979991
0.979991
0.979991
0.979991
0.979991
0.979991
0.979991
0.979991
0.979991
0.979991
0.979991
0.979991
0.979991
0.979991
0.979991
0.979991
0.979991
0.979991
0.979991
0.979991
0.979991
0.979991
0.979991
0.979991
0.979991
0.979991
0.979991
0.979991
0.979991
0.979991
0.979991
0.979991
0.979991
0.979991
0.979991
