0.00849463
0.00955709
0.00968749
0.00970344
 0.0097054
0.00970564
0.00970566
0.00970567
0.00970567
0.00970567
0.00970567
0.00970567
0.00970567
0.00970567
0.00970567
0.00970567
0.00970567
0.00970567
0.00970567
0.00970567
0.00970567
0.00970567
0.00970567
0.00970567
0.00970567
0.00970567
0.00970567
0.00970567
0.00970567
0.00970567
0.00970567
0.00970567
0.00970567
0.00970567
0.00970567
0.00970567
0.00970567
0.00970567
0.00970567
0.00970567
0.00970567
0.00970567
0.00970567
0.00970567
0.00970567
0.00970567
0.00970567
0.00970567
0.00970567
0.00970567
0.00970567
0.00970567
0.00970567
0.00970567
0.00970567
0.00970567
0.00970567
0.00970567
0.00970567
0.00970567
0.00970567
0.00970567
0.00970567
0.00970567
0.00970567
0.00970567
0.00970567
0.00970567
0.00970567
0.00970567
0.00970567
0.00970567
0.00970567
0.00970567
0.00970567
0.00970567
0.00970567
0.00970567
0.00970567
0.00970567
0.00970567
0.00970567
0.00970567
0.00970567
0.00970567
0.00970567
0.00970567
0.00970567
0.00970567
0.00970567
0.00970567
0.00970567
0.00970567
0.00970567
0.00970567
0.00970567
0.00970567
0.00970567
0.00970567
0.00970567
