9.90989
9.89689
9.89511
9.89486
9.89483
9.89483
9.89483
9.89483
9.89483
9.89483
9.89483
9.89483
9.89483
9.89483
9.89483
9.89483
9.89483
9.89483
9.89483
9.89483
9.89483
9.89483
9.89483
9.89483
9.89483
9.89483
9.89483
9.89483
9.89483
9.89483
9.89483
9.89483
9.89483
9.89483
9.89483
9.89483
9.89483
9.89483
9.89483
9.89483
9.89483
9.89483
9.89483
9.89483
9.89483
9.89483
9.89483
9.89483
9.89483
9.89483
9.89483
9.89483
9.89483
9.89483
9.89483
9.89483
9.89483
9.89483
9.89483
9.89483
9.89483
9.89483
9.89483
9.89483
9.89483
9.89483
9.89483
9.89483
9.89483
9.89483
9.89483
9.89483
9.89483
9.89483
9.89483
9.89483
9.89483
9.89483
9.89483
9.89483
9.89483
9.89483
9.89483
9.89483
9.89483
9.89483
9.89483
9.89483
9.89483
9.89483
9.89483
9.89483
9.89483
9.89483
9.89483
9.89483
9.89483
9.89483
9.89483
9.89483
