18.6113
19.7977
19.9579
19.9795
19.9824
19.9828
19.9829
19.9829
19.9829
19.9829
19.9829
19.9829
19.9829
19.9829
19.9829
19.9829
19.9829
19.9829
19.9829
19.9829
19.9829
19.9829
19.9829
19.9829
19.9829
19.9829
19.9829
19.9829
19.9829
19.9829
19.9829
19.9829
19.9829
19.9829
19.9829
19.9829
19.9829
19.9829
19.9829
19.9829
19.9829
19.9829
19.9829
19.9829
19.9829
19.9829
19.9829
19.9829
19.9829
19.9829
19.9829
19.9829
19.9829
19.9829
19.9829
19.9829
19.9829
19.9829
19.9829
19.9829
19.9829
19.9829
19.9829
19.9829
19.9829
19.9829
19.9829
19.9829
19.9829
19.9829
19.9829
19.9829
19.9829
19.9829
19.9829
19.9829
19.9829
19.9829
19.9829
19.9829
19.9829
19.9829
19.9829
19.9829
19.9829
19.9829
19.9829
19.9829
19.9829
19.9829
19.9829
19.9829
19.9829
19.9829
19.9829
19.9829
19.9829
19.9829
19.9829
19.9829
