0.981978
0.979377
0.979021
0.978973
0.978966
0.978966
0.978965
0.978965
0.978965
0.978965
0.978965
0.978965
0.978965
0.978965
0.978965
0.978965
0.978965
0.978965
0.978965
0.978965
0.978965
0.978965
0.978965
0.978965
0.978965
0.978965
0.978965
0.978965
0.978965
0.978965
0.978965
0.978965
0.978965
0.978965
0.978965
0.978965
0.978965
0.978965
0.978965
0.978965
0.978965
0.978965
0.978965
0.978965
0.978965
0.978965
0.978965
0.978965
0.978965
0.978965
0.978965
0.978965
0.978965
0.978965
0.978965
0.978965
0.978965
0.978965
0.978965
0.978965
0.978965
0.978965
0.978965
0.978965
0.978965
0.978965
0.978965
0.978965
0.978965
0.978965
0.978965
0.978965
0.978965
0.978965
0.978965
0.978965
0.978965
0.978965
0.978965
0.978965
0.978965
0.978965
0.978965
0.978965
0.978965
0.978965
0.978965
0.978965
0.978965
0.978965
0.978965
0.978965
0.978965
0.978965
0.978965
0.978965
0.978965
0.978965
0.978965
0.978965
