0.00878927
 0.0100008
 0.0101645
 0.0101865
 0.0101895
 0.0101899
 0.0101899
 0.0101899
 0.0101899
 0.0101899
 0.0101899
 0.0101899
 0.0101899
 0.0101899
 0.0101899
 0.0101899
 0.0101899
 0.0101899
 0.0101899
 0.0101899
 0.0101899
 0.0101899
 0.0101899
 0.0101899
 0.0101899
 0.0101899
 0.0101899
 0.0101899
 0.0101899
 0.0101899
 0.0101899
 0.0101899
 0.0101899
 0.0101899
 0.0101899
 0.0101899
 0.0101899
 0.0101899
 0.0101899
 0.0101899
 0.0101899
 0.0101899
 0.0101899
 0.0101899
 0.0101899
 0.0101899
 0.0101899
 0.0101899
 0.0101899
 0.0101899
 0.0101899
 0.0101899
 0.0101899
 0.0101899
 0.0101899
 0.0101899
 0.0101899
 0.0101899
 0.0101899
 0.0101899
 0.0101899
 0.0101899
 0.0101899
 0.0101899
 0.0101899
 0.0101899
 0.0101899
 0.0101899
 0.0101899
 0.0101899
 0.0101899
 0.0101899
 0.0101899
 0.0101899
 0.0101899
 0.0101899
 0.0101899
 0.0101899
 0.0101899
 0.0101899
 0.0101899
 0.0101899
 0.0101899
 0.0101899
 0.0101899
 0.0101899
 0.0101899
 0.0101899
 0.0101899
 0.0101899
 0.0101899
 0.0101899
 0.0101899
 0.0101899
 0.0101899
 0.0101899
 0.0101899
 0.0101899
 0.0101899
 0.0101899
