 9.8051
9.63787
9.51362
9.43214
9.38372
9.35695
9.34286
9.33568
9.33209
9.33031
9.32944
9.32902
9.32881
9.32871
9.32866
9.32864
9.32863
9.32862
9.32862
9.32862
9.32862
9.32862
9.32862
9.32862
9.32862
9.32862
9.32862
9.32862
9.32862
9.32862
9.32862
9.32862
9.32862
9.32862
9.32862
9.32862
9.32862
9.32862
9.32862
9.32862
9.32862
9.32862
9.32862
9.32862
9.32862
9.32862
9.32862
9.32862
9.32862
9.32862
9.32862
9.32862
9.32862
9.32862
9.32862
9.32862
9.32862
9.32862
9.32862
9.32862
9.32862
9.32862
9.32862
9.32862
9.32862
9.32862
9.32862
9.32862
9.32862
9.32862
9.32862
9.32862
9.32862
9.32862
9.32862
9.32862
9.32862
9.32862
9.32862
9.32862
9.32862
9.32862
9.32862
9.32862
9.32862
9.32862
9.32862
9.32862
9.32862
9.32862
9.32862
9.32862
9.32862
9.32862
9.32862
9.32862
9.32862
9.32862
9.32862
9.32862
