28.3468
42.8341
52.7525
58.7998
62.1873
63.9801
64.8956
65.3532
65.5792
  65.69
65.7442
65.7706
65.7834
65.7897
65.7928
65.7942
 65.795
65.7953
65.7955
65.7956
65.7956
65.7956
65.7956
65.7956
65.7956
65.7956
65.7956
65.7956
65.7956
65.7956
65.7956
65.7956
65.7956
65.7956
65.7956
65.7956
65.7956
65.7956
65.7956
65.7956
65.7956
65.7956
65.7956
65.7956
65.7956
65.7956
65.7956
65.7956
65.7956
65.7956
65.7956
65.7956
65.7956
65.7956
65.7956
65.7956
65.7956
65.7956
65.7956
65.7956
65.7956
65.7956
65.7956
65.7956
65.7956
65.7956
65.7956
65.7956
65.7956
65.7956
65.7956
65.7956
65.7956
65.7956
65.7956
65.7956
65.7956
65.7956
65.7956
65.7956
65.7956
65.7956
65.7956
65.7956
65.7956
65.7956
65.7956
65.7956
65.7956
65.7956
65.7956
65.7956
65.7956
65.7956
65.7956
65.7956
65.7956
65.7956
65.7956
65.7956
