0.961021
0.927574
0.902725
0.886428
0.876744
0.871389
0.868572
0.867135
0.866417
0.866063
0.865889
0.865804
0.865763
0.865742
0.865732
0.865728
0.865725
0.865724
0.865724
0.865723
0.865723
0.865723
0.865723
0.865723
0.865723
0.865723
0.865723
0.865723
0.865723
0.865723
0.865723
0.865723
0.865723
0.865723
0.865723
0.865723
0.865723
0.865723
0.865723
0.865723
0.865723
0.865723
0.865723
0.865723
0.865723
0.865723
0.865723
0.865723
0.865723
0.865723
0.865723
0.865723
0.865723
0.865723
0.865723
0.865723
0.865723
0.865723
0.865723
0.865723
0.865723
0.865723
0.865723
0.865723
0.865723
0.865723
0.865723
0.865723
0.865723
0.865723
0.865723
0.865723
0.865723
0.865723
0.865723
0.865723
0.865723
0.865723
0.865723
0.865723
0.865723
0.865723
0.865723
0.865723
0.865723
0.865723
0.865723
0.865723
0.865723
0.865723
0.865723
0.865723
0.865723
0.865723
0.865723
0.865723
0.865723
0.865723
0.865723
0.865723
