0.0187289
0.0335315
0.0436756
0.0498663
 0.053337
0.0551749
0.0561139
0.0565834
0.0568153
 0.056929
0.0569846
0.0570117
0.0570249
0.0570313
0.0570344
 0.057036
0.0570367
0.0570371
0.0570372
0.0570373
0.0570374
0.0570374
0.0570374
0.0570374
0.0570374
0.0570374
0.0570374
0.0570374
0.0570374
0.0570374
0.0570374
0.0570374
0.0570374
0.0570374
0.0570374
0.0570374
0.0570374
0.0570374
0.0570374
0.0570374
0.0570374
0.0570374
0.0570374
0.0570374
0.0570374
0.0570374
0.0570374
0.0570374
0.0570374
0.0570374
0.0570374
0.0570374
0.0570374
0.0570374
0.0570374
0.0570374
0.0570374
0.0570374
0.0570374
0.0570374
0.0570374
0.0570374
0.0570374
0.0570374
0.0570374
0.0570374
0.0570374
0.0570374
0.0570374
0.0570374
0.0570374
0.0570374
0.0570374
0.0570374
0.0570374
0.0570374
0.0570374
0.0570374
0.0570374
0.0570374
0.0570374
0.0570374
0.0570374
0.0570374
0.0570374
0.0570374
0.0570374
0.0570374
0.0570374
0.0570374
0.0570374
0.0570374
0.0570374
0.0570374
0.0570374
0.0570374
0.0570374
0.0570374
0.0570374
0.0570374
