16.3256
14.7556
13.4082
13.2554
13.4012
13.4354
 13.422
 13.416
13.4169
13.4177
13.4177
13.4176
13.4176
13.4176
13.4176
13.4176
13.4176
13.4176
13.4176
13.4176
13.4176
13.4176
13.4176
13.4176
13.4176
13.4176
13.4176
13.4176
13.4176
13.4176
13.4176
13.4176
13.4176
13.4176
13.4176
13.4176
13.4176
13.4176
13.4176
13.4176
13.4176
13.4176
13.4176
13.4176
13.4176
13.4176
13.4176
13.4176
13.4176
13.4176
13.4176
13.4176
13.4176
13.4176
13.4176
13.4176
13.4176
13.4176
13.4176
13.4176
13.4176
13.4176
13.4176
13.4176
13.4176
13.4176
13.4176
13.4176
13.4176
13.4176
13.4176
13.4176
13.4176
13.4176
13.4176
13.4176
13.4176
13.4176
13.4176
13.4176
13.4176
13.4176
13.4176
13.4176
13.4176
13.4176
13.4176
13.4176
13.4176
13.4176
13.4176
13.4176
13.4176
13.4176
13.4176
13.4176
13.4176
13.4176
13.4176
13.4176
