123.194
314.995
392.556
367.306
355.225
 356.75
358.415
358.443
358.242
358.213
358.234
 358.24
358.238
358.237
358.237
358.237
358.237
358.237
358.237
358.237
358.237
358.237
358.237
358.237
358.237
358.237
358.237
358.237
358.237
358.237
358.237
358.237
358.237
358.237
358.237
358.237
358.237
358.237
358.237
358.237
358.237
358.237
358.237
358.237
358.237
358.237
358.237
358.237
358.237
358.237
358.237
358.237
358.237
358.237
358.237
358.237
358.237
358.237
358.237
358.237
358.237
358.237
358.237
358.237
358.237
358.237
358.237
358.237
358.237
358.237
358.237
358.237
358.237
358.237
358.237
358.237
358.237
358.237
358.237
358.237
358.237
358.237
358.237
358.237
358.237
358.237
358.237
358.237
358.237
358.237
358.237
358.237
358.237
358.237
358.237
358.237
358.237
358.237
358.237
358.237
