0.920658
0.735953
0.577439
0.559453
0.576607
0.580637
0.579053
0.578353
0.578458
0.578557
0.578556
0.578544
0.578543
0.578544
0.578544
0.578544
0.578544
0.578544
0.578544
0.578544
0.578544
0.578544
0.578544
0.578544
0.578544
0.578544
0.578544
0.578544
0.578544
0.578544
0.578544
0.578544
0.578544
0.578544
0.578544
0.578544
0.578544
0.578544
0.578544
0.578544
0.578544
0.578544
0.578544
0.578544
0.578544
0.578544
0.578544
0.578544
0.578544
0.578544
0.578544
0.578544
0.578544
0.578544
0.578544
0.578544
0.578544
0.578544
0.578544
0.578544
0.578544
0.578544
0.578544
0.578544
0.578544
0.578544
0.578544
0.578544
0.578544
0.578544
0.578544
0.578544
0.578544
0.578544
0.578544
0.578544
0.578544
0.578544
0.578544
0.578544
0.578544
0.578544
0.578544
0.578544
0.578544
0.578544
0.578544
0.578544
0.578544
0.578544
0.578544
0.578544
0.578544
0.578544
0.578544
0.578544
0.578544
0.578544
0.578544
0.578544
