0.0371974
 0.104504
 0.131969
 0.123234
 0.118978
 0.119497
 0.120081
 0.120093
 0.120023
 0.120012
  0.12002
 0.120022
 0.120021
 0.120021
 0.120021
 0.120021
 0.120021
 0.120021
 0.120021
 0.120021
 0.120021
 0.120021
 0.120021
 0.120021
 0.120021
 0.120021
 0.120021
 0.120021
 0.120021
 0.120021
 0.120021
 0.120021
 0.120021
 0.120021
 0.120021
 0.120021
 0.120021
 0.120021
 0.120021
 0.120021
 0.120021
 0.120021
 0.120021
 0.120021
 0.120021
 0.120021
 0.120021
 0.120021
 0.120021
 0.120021
 0.120021
 0.120021
 0.120021
 0.120021
 0.120021
 0.120021
 0.120021
 0.120021
 0.120021
 0.120021
 0.120021
 0.120021
 0.120021
 0.120021
 0.120021
 0.120021
 0.120021
 0.120021
 0.120021
 0.120021
 0.120021
 0.120021
 0.120021
 0.120021
 0.120021
 0.120021
 0.120021
 0.120021
 0.120021
 0.120021
 0.120021
 0.120021
 0.120021
 0.120021
 0.120021
 0.120021
 0.120021
 0.120021
 0.120021
 0.120021
 0.120021
 0.120021
 0.120021
 0.120021
 0.120021
 0.120021
 0.120021
 0.120021
 0.120021
 0.120021
