150.626
399.346
451.527
407.959
401.656
 406.56
407.541
 406.97
406.828
406.894
406.913
406.906
406.903
406.904
406.904
406.904
406.904
406.904
406.904
406.904
406.904
406.904
406.904
406.904
406.904
406.904
406.904
406.904
406.904
406.904
406.904
406.904
406.904
406.904
406.904
406.904
406.904
406.904
406.904
406.904
406.904
406.904
406.904
406.904
406.904
406.904
406.904
406.904
406.904
406.904
406.904
406.904
406.904
406.904
406.904
406.904
406.904
406.904
406.904
406.904
406.904
406.904
406.904
406.904
406.904
406.904
406.904
406.904
406.904
406.904
406.904
406.904
406.904
406.904
406.904
406.904
406.904
406.904
406.904
406.904
406.904
406.904
406.904
406.904
406.904
406.904
406.904
406.904
406.904
406.904
406.904
406.904
406.904
406.904
406.904
406.904
406.904
406.904
406.904
406.904
