17.2003
15.1536
 13.702
13.7824
13.9559
13.9503
13.9286
13.9285
13.9312
13.9313
13.9309
13.9309
 13.931
 13.931
 13.931
 13.931
 13.931
 13.931
 13.931
 13.931
 13.931
 13.931
 13.931
 13.931
 13.931
 13.931
 13.931
 13.931
 13.931
 13.931
 13.931
 13.931
 13.931
 13.931
 13.931
 13.931
 13.931
 13.931
 13.931
 13.931
 13.931
 13.931
 13.931
 13.931
 13.931
 13.931
 13.931
 13.931
 13.931
 13.931
 13.931
 13.931
 13.931
 13.931
 13.931
 13.931
 13.931
 13.931
 13.931
 13.931
 13.931
 13.931
 13.931
 13.931
 13.931
 13.931
 13.931
 13.931
 13.931
 13.931
 13.931
 13.931
 13.931
 13.931
 13.931
 13.931
 13.931
 13.931
 13.931
 13.931
 13.931
 13.931
 13.931
 13.931
 13.931
 13.931
 13.931
 13.931
 13.931
 13.931
 13.931
 13.931
 13.931
 13.931
 13.931
 13.931
 13.931
 13.931
 13.931
 13.931
