0.911144
0.683731
0.522445
0.531377
0.550651
0.550033
0.547626
 0.54761
0.547906
0.547919
0.547883
 0.54788
0.547884
0.547885
0.547884
0.547884
0.547884
0.547884
0.547884
0.547884
0.547884
0.547884
0.547884
0.547884
0.547884
0.547884
0.547884
0.547884
0.547884
0.547884
0.547884
0.547884
0.547884
0.547884
0.547884
0.547884
0.547884
0.547884
0.547884
0.547884
0.547884
0.547884
0.547884
0.547884
0.547884
0.547884
0.547884
0.547884
0.547884
0.547884
0.547884
0.547884
0.547884
0.547884
0.547884
0.547884
0.547884
0.547884
0.547884
0.547884
0.547884
0.547884
0.547884
0.547884
0.547884
0.547884
0.547884
0.547884
0.547884
0.547884
0.547884
0.547884
0.547884
0.547884
0.547884
0.547884
0.547884
0.547884
0.547884
0.547884
0.547884
0.547884
0.547884
0.547884
0.547884
0.547884
0.547884
0.547884
0.547884
0.547884
0.547884
0.547884
0.547884
0.547884
0.547884
0.547884
0.547884
0.547884
0.547884
0.547884
