0.0414109
  0.11924
 0.135886
 0.122339
 0.120329
 0.121853
 0.122164
 0.121987
 0.121942
 0.121962
 0.121968
 0.121966
 0.121965
 0.121966
 0.121966
 0.121966
 0.121966
 0.121966
 0.121966
 0.121966
 0.121966
 0.121966
 0.121966
 0.121966
 0.121966
 0.121966
 0.121966
 0.121966
 0.121966
 0.121966
 0.121966
 0.121966
 0.121966
 0.121966
 0.121966
 0.121966
 0.121966
 0.121966
 0.121966
 0.121966
 0.121966
 0.121966
 0.121966
 0.121966
 0.121966
 0.121966
 0.121966
 0.121966
 0.121966
 0.121966
 0.121966
 0.121966
 0.121966
 0.121966
 0.121966
 0.121966
 0.121966
 0.121966
 0.121966
 0.121966
 0.121966
 0.121966
 0.121966
 0.121966
 0.121966
 0.121966
 0.121966
 0.121966
 0.121966
 0.121966
 0.121966
 0.121966
 0.121966
 0.121966
 0.121966
 0.121966
 0.121966
 0.121966
 0.121966
 0.121966
 0.121966
 0.121966
 0.121966
 0.121966
 0.121966
 0.121966
 0.121966
 0.121966
 0.121966
 0.121966
 0.121966
 0.121966
 0.121966
 0.121966
 0.121966
 0.121966
 0.121966
 0.121966
 0.121966
 0.121966
