24.8955
21.2612
22.4829
21.7813
22.0722
21.9535
21.9989
21.9823
21.9881
21.9861
21.9868
21.9866
21.9867
21.9866
21.9866
21.9866
21.9866
21.9866
21.9866
21.9866
21.9866
21.9866
21.9866
21.9866
21.9866
21.9866
21.9866
21.9866
21.9866
21.9866
21.9866
21.9866
21.9866
21.9866
21.9866
21.9866
21.9866
21.9866
21.9866
21.9866
21.9866
21.9866
21.9866
21.9866
21.9866
21.9866
21.9866
21.9866
21.9866
21.9866
21.9866
21.9866
21.9866
21.9866
21.9866
21.9866
21.9866
21.9866
21.9866
21.9866
21.9866
21.9866
21.9866
21.9866
21.9866
21.9866
21.9866
21.9866
21.9866
21.9866
21.9866
21.9866
21.9866
21.9866
21.9866
21.9866
21.9866
21.9866
21.9866
21.9866
21.9866
21.9866
21.9866
21.9866
21.9866
21.9866
21.9866
21.9866
21.9866
21.9866
21.9866
21.9866
21.9866
21.9866
21.9866
21.9866
21.9866
21.9866
21.9866
21.9866
