2074.83
951.616
1269.81
1183.53
1204.55
1201.24
1200.99
1201.59
 1201.2
 1201.4
1201.31
1201.35
1201.33
1201.34
1201.34
1201.34
1201.34
1201.34
1201.34
1201.34
1201.34
1201.34
1201.34
1201.34
1201.34
1201.34
1201.34
1201.34
1201.34
1201.34
1201.34
1201.34
1201.34
1201.34
1201.34
1201.34
1201.34
1201.34
1201.34
1201.34
1201.34
1201.34
1201.34
1201.34
1201.34
1201.34
1201.34
1201.34
1201.34
1201.34
1201.34
1201.34
1201.34
1201.34
1201.34
1201.34
1201.34
1201.34
1201.34
1201.34
1201.34
1201.34
1201.34
1201.34
1201.34
1201.34
1201.34
1201.34
1201.34
1201.34
1201.34
1201.34
1201.34
1201.34
1201.34
1201.34
1201.34
1201.34
1201.34
1201.34
1201.34
1201.34
1201.34
1201.34
1201.34
1201.34
1201.34
1201.34
1201.34
1201.34
1201.34
1201.34
1201.34
1201.34
1201.34
1201.34
1201.34
1201.34
1201.34
1201.34
