0.464441
0.250662
0.322526
0.281253
0.298366
0.291384
0.294056
0.293074
 0.29342
0.293303
0.293341
0.293329
0.293333
0.293332
0.293332
0.293332
0.293332
0.293332
0.293332
0.293332
0.293332
0.293332
0.293332
0.293332
0.293332
0.293332
0.293332
0.293332
0.293332
0.293332
0.293332
0.293332
0.293332
0.293332
0.293332
0.293332
0.293332
0.293332
0.293332
0.293332
0.293332
0.293332
0.293332
0.293332
0.293332
0.293332
0.293332
0.293332
0.293332
0.293332
0.293332
0.293332
0.293332
0.293332
0.293332
0.293332
0.293332
0.293332
0.293332
0.293332
0.293332
0.293332
0.293332
0.293332
0.293332
0.293332
0.293332
0.293332
0.293332
0.293332
0.293332
0.293332
0.293332
0.293332
0.293332
0.293332
0.293332
0.293332
0.293332
0.293332
0.293332
0.293332
0.293332
0.293332
0.293332
0.293332
0.293332
0.293332
0.293332
0.293332
0.293332
0.293332
0.293332
0.293332
0.293332
0.293332
0.293332
0.293332
0.293332
0.293332
