 0.177853
0.0807179
 0.108219
 0.100793
 0.102592
 0.102315
 0.102289
 0.102343
 0.102309
 0.102326
 0.102319
 0.102322
  0.10232
 0.102321
 0.102321
 0.102321
 0.102321
 0.102321
 0.102321
 0.102321
 0.102321
 0.102321
 0.102321
 0.102321
 0.102321
 0.102321
 0.102321
 0.102321
 0.102321
 0.102321
 0.102321
 0.102321
 0.102321
 0.102321
 0.102321
 0.102321
 0.102321
 0.102321
 0.102321
 0.102321
 0.102321
 0.102321
 0.102321
 0.102321
 0.102321
 0.102321
 0.102321
 0.102321
 0.102321
 0.102321
 0.102321
 0.102321
 0.102321
 0.102321
 0.102321
 0.102321
 0.102321
 0.102321
 0.102321
 0.102321
 0.102321
 0.102321
 0.102321
 0.102321
 0.102321
 0.102321
 0.102321
 0.102321
 0.102321
 0.102321
 0.102321
 0.102321
 0.102321
 0.102321
 0.102321
 0.102321
 0.102321
 0.102321
 0.102321
 0.102321
 0.102321
 0.102321
 0.102321
 0.102321
 0.102321
 0.102321
 0.102321
 0.102321
 0.102321
 0.102321
 0.102321
 0.102321
 0.102321
 0.102321
 0.102321
 0.102321
 0.102321
 0.102321
 0.102321
 0.102321
